1|20
260 92
1927 95
804 79
3 82
1009 79
2406 83
1587 84
3671 88
2617 81
3053 88
2571 94
1222 94
2137 85
1377 77
2395 86
2761 91
2641 74
2872 89
1258 91
2700 86
2|6
333 75
122882 73
71535 75
46970 66
58559 76
80489 72
3|8
5764 70
647 43
6835 70
5919 41
2851 39
2288 49
5048 29
4518 39
4|20
106 70
1291 79
3408 66
265 67
52 65
4347 69
2467 76
908 78
345 75
1304 77
1923 67
2959 85
368 63
1219 79
4765 66
1199 81
4166 32
1732 80
21 61
2858 80
5|9
515 73
1 74
364 75
608 79
290 74
261 72
34 70
318 86
21 63
6|20
349 73
318 87
775 70
141 71
348 75
104 70
327 64
410 66
165 75
87 69
366 72
17 79
1084 82
222 76
16 78
416 62
277 67
460 67
867 67
316 68
7|20
8528 66
3623 49
8636 74
8360 64
1517 70
466 49
8373 41
1220 72
7155 47
8808 52
6863 61
31878 67
1610 75
1219 78
4700 62
45668 52
8970 70
27741 75
6333 70
8865 50
8|10
356 85
47 78
231 59
318 90
454 66
292 64
32 81
141 71
380 64
252 66
9|10
5451 52
923 82
5890 53
2901 56
922 81
6044 70
1987 70
5378 44
3735 77
5447 53
10|20
597 64
33679 63
8533 65
8969 63
72720 63
88810 72
136020 63
6377 71
5943 57
109374 71
113394 70
61250 57
82167 58
140110 68
5377 68
77841 70
6942 71
1028 72
72330 70
66203 56
11|13
733 78
1584 80
1210 88
170 74
1438 55
648 72
1918 63
493 82
10 76
457 85
1693 77
150 80
1923 77
12|7
2717 78
2100 82
838 93
2072 83
1876 83
2581 85
6942 88
13|7
3717 70
3624 72
3798 70
2174 74
47 81
3893 74
305 65
14|10
344 60
477 70
110 78
540 57
597 67
153 59
592 70
4 48
539 72
105 60
15|20
91529 74
7438 77
111759 75
2329 78
1 72
1909 60
1240 70
115713 73
1200 76
293 74
2571 77
3949 73
120466 66
1198 79
2028 77
2011 64
158 50
160980 62
4306 72
4022 68
16|20
1230 72
78499 75
913 73
1136 74
1299 72
1617 74
1203 75
3429 75
2858 74
608 73
3683 76
4002 72
1199 74
912 76
2707 67
5782 69
1260 69
319 70
27773 72
2109 67
17|20
260 85
64839 81
296 85
5952 83
527 87
1193 84
3681 85
1240 79
2717 69
2858 84
1093 77
81932 81
5618 86
50 87
5971 82
2959 89
1201 85
541 84
82459 81
1 82
18|20
8117 70
65596 70
88094 70
145283 70
157110 70
166015 70
171023 70
103253 66
60684 78
44199 77
2 72
86628 72
59784 69
2918 78
109374 80
4226 84
53129 80
139385 79
47 79
1291 81
19|20
3692 70
3662 50
54 45
2733 41
1702 43
1240 66
1270 73
3712 50
1881 60
216 60
3 50
1834 68
2184 56
3017 58
2044 43
2354 45
2005 66
3146 39
3387 46
2694 48
20|20
1566 77
5419 55
4014 74
2140 75
586 61
661 73
3189 81
5014 81
1333 79
4161 71
3784 59
1030 59
5313 48
2804 79
2054 58
34 80
1097 82
6358 70
4519 65
1722 54
21|20
107013 70
117922 70
140301 70
57640 70
2985 63
2990 65
2717 60
5418 70
31433 61
112175 69
7153 76
30793 64
4446 65
52973 67
45186 66
2023 66
79185 65
1721 64
102125 68
5459 60
22|20
8961 51
2723 36
60950 38
64575 38
1193 61
70286 56
4993 70
2160 63
39183 35
7147 40
3996 53
3481 57
55765 50
48780 44
7361 70
51540 48
6711 55
2968 59
3949 57
48394 58
23|20
6234 70
3996 74
293 74
1206 77
1136 77
1960 71
7587 71
3424 78
3181 74
2467 73
1248 82
1617 77
6807 74
1952 74
6440 73
1258 77
1243 78
1080 74
8228 71
1711 65
24|20
1784 70
2617 65
111759 75
134853 73
58998 76
1265 73
1198 78
3147 78
1197 80
1220 71
2424 63
5418 71
72011 69
54286 70
27773 75
64957 65
356 79
44191 73
1682 71
68358 75
25|6
58559 98
60069 95
74458 93
79132 96
527 100
260 97
26|21
10 70
34 70
47 70
150 70
153 70
165 70
185 70
208 70
225 70
288 70
296 70
300 70
344 70
349 70
356 70
380 70
434 70
454 70
457 70
592 70
593 70
27|20
1196 82
2478 63
2640 74
3508 82
3555 67
1201 80
3519 68
969 79
2080 69
673 58
2886 61
2529 76
1387 80
1101 69
1947 72
1250 82
1276 80
3114 75
1083 65
3809 67
28|20
27450 70
60943 70
61011 70
63033 70
5617 67
59369 57
60046 70
507 54
3300 56
55094 56
59018 70
26695 70
2951 64
3006 63
2231 61
5418 62
26812 55
2058 55
353 60
61167 70
29|17
98961 83
7379 70
1250 89
1201 87
111362 81
48516 90
1100 51
26554 73
3441 71
4327 74
2872 81
2301 80
1617 87
3681 88
55820 86
4223 74
99114 85
30|7
5952 94
108932 92
1200 93
91529 98
116823 89
112852 94
1198 95
31|10
1198 83
1200 81
648 72
1363 67
1073 77
1036 79
1197 86
377 74
1246 80
1270 81
32|20
236 71
314 75
1356 81
357 72
224 71
627 71
1079 82
1084 83
318 89
761 59
1197 85
849 65
912 83
880 59
1198 83
58 80
203 68
608 81
497 80
410 65
33|20
110 80
17 75
2396 74
2272 63
448 71
428 71
265 70
1280 80
1177 76
1617 82
50 84
261 77
11 66
452 54
345 77
608 82
150 74
1188 74
800 78
2690 71
34|18
780 65
2273 63
3717 63
26606 69
45499 65
3996 75
4310 62
3624 66
31685 66
1721 66
5146 67
7090 76
70 68
2006 62
3000 78
4306 73
27728 62
3997 52
35|5
11 73
185 64
595 77
21 72
300 75
36|12
5171 39
3066 57
552 47
4025 42
1262 66
2735 43
2359 54
1372 51
1278 67
2194 62
3347 56
1704 65
37|5
344 72
356 87
661 75
329 77
457 85
38|16
434 54
39 61
223 70
161 66
246 74
168 53
273 53
480 68
356 78
457 74
364 72
50 78
500 61
300 68
551 64
21 62
39|20
2571 85
2391 77
1921 82
1862 46
1219 83
1907 76
2081 74
2459 66
924 79
2529 79
1729 74
47 80
260 84
2080 72
592 73
296 84
3213 80
610 74
589 82
596 73
40|20
440 75
454 78
588 81
339 77
158 65
432 67
431 80
186 68
616 79
514 79
21 75
592 75
1 83
223 82
585 66
216 78
104 74
371 74
111 86
267 70
41|20
96829 67
64839 70
122882 70
6287 58
1569 59
106920 78
86781 70
3160 68
1721 62
2028 74
6763 44
5418 68
53519 56
122904 68
55247 69
924 70
4011 73
2324 72
35836 64
5995 74
42|20
3869 77
4654 65
1021 58
2423 74
3248 47
4477 52
2500 61
1431 63
195 73
3326 54
2407 72
1090 81
2735 64
3693 63
1020 71
4545 70
4132 63
2263 63
3535 78
2805 63
43|20
225 91
296 96
596 88
588 92
587 92
420 88
158 84
631 83
5 83
597 91
168 86
355 84
47 92
367 86
519 81
594 88
236 88
1 93
60 86
259 85
44|10
36 78
663 71
12 48
661 67
94 79
1 79
104 67
112 65
494 70
889 70
45|20
2718 74
1036 81
2028 84
1653 83
1682 80
2396 81
3249 74
261 84
4308 77
329 71
1367 71
2890 83
593 88
1127 79
2431 75
6377 84
569 67
1197 89
1060 78
2858 85
46|9
590 81
588 81
315 74
208 71
1 82
432 73
225 78
434 73
339 79
47|20
508 62
68932 61
72395 63
2420 62
597 60
148626 69
5989 65
96588 65
69122 63
6155 62
4975 58
30749 66
106100 63
45950 65
2028 70
4018 56
1259 67
6373 56
33166 64
2407 58
48|7
4886 83
1320 74
1527 80
1193 87
3793 82
48 75
1653 85
49|5
2028 88
1214 86
139385 86
318 96
527 92
50|20
8143 70
114335 70
136564 70
142074 70
171759 70
175693 70
179073 70
175707 70
71264 55
82848 70
1377 46
44555 70
8157 55
6807 65
95543 39
8253 53
96610 60
924 66
32875 70
4896 60
51|20
7040 70
5620 52
2613 47
4437 81
2023 76
1500 84
522 83
858 91
4508 82
2951 87
1014 75
1407 74
2282 60
2420 79
3388 51
260 88
3186 81
3994 78
3501 66
2371 70
52|20
152081 90
51255 93
74458 91
1923 85
7438 91
40583 87
59784 85
55765 92
112852 91
86892 81
55363 89
112138 86
49272 90
52245 80
69481 90
50794 76
1704 95
54736 85
44665 87
47200 80
53|5
481 94
1100 89
249 97
1125 98
916 103
54|7
296 73
593 72
639 56
1 64
205 55
161 59
500 56
55|5
2407 49
673 33
3275 65
2890 59
4011 66
56|10
786 71
253 77
165 78
110 84
589 84
370 70
434 69
410 69
69 78
185 70
57|20
2140 65
942 79
920 75
3175 60
1784 76
3429 84
933 84
1193 82
3446 39
160 35
1499 25
2640 75
892 75
11 59
2947 78
6 80
2478 55
2291 78
1688 63
2301 74
58|20
588 81
282 74
185 65
419 62
367 67
277 66
48 70
280 83
337 79
345 79
3 73
357 76
527 87
587 76
218 74
500 73
508 78
368 79
364 84
353 80
59|20
1696 67
6460 85
3489 80
1188 83
1222 90
2076 84
3448 82
1263 86
1247 88
527 92
1244 88
904 91
903 87
965 88
2616 69
1953 84
608 88
105 70
912 91
3471 83
60|5
832 71
58559 81
805 74
455 61
858 82
61|8
266 73
1101 75
7438 82
173 61
555 81
2012 75
4878 83
3949 82
62|20
99114 87
176371 81
3793 82
56757 82
73017 82
30793 75
179819 77
68554 80
185135 81
168248 86
5903 85
4878 87
2028 87
5502 75
6058 69
344 69
1721 76
45499 77
41566 75
78105 74
63|20
5669 74
4246 73
48780 77
500 60
6016 81
31658 77
2858 78
64285 71
85414 63
1221 80
106696 70
4963 75
50 82
1097 74
260 81
110 78
1222 80
4979 71
5952 78
77561 67
64|20
5878 85
3101 65
2640 77
2959 88
8784 76
2054 58
4239 79
4025 58
5026 81
40819 78
266 67
2699 58
27266 81
3969 74
1805 69
6296 69
4776 76
3148 78
4262 79
356 85
65|7
1246 79
33660 80
7458 72
2329 84
4993 81
91542 75
3147 82
66|20
593 90
47 84
5418 83
922 89
2139 81
2956 75
3745 78
1956 85
4581 70
5349 79
1210 87
1094 78
2001 73
380 77
6539 83
671 82
1 85
6378 83
7766 82
296 87
67|8
99114 80
4306 78
27193 73
79132 81
60069 80
2012 72
4886 77
4993 80
68|20
47978 70
95218 70
6534 54
48696 63
67267 63
30825 61
1799 62
3556 67
8622 62
4351 59
63113 60
58295 62
7151 61
2413 63
6287 59
653 56
41566 61
5541 55
260 73
48043 61
69|10
4370 76
4848 88
3671 85
2476 82
1193 89
356 90
553 89
4022 82
260 90
3994 80
70|13
1193 86
1097 81
1914 80
1269 85
4995 87
318 92
8949 80
1968 84
1210 85
89492 80
1250 86
1235 91
2366 80
71|7
494 71
647 68
736 66
95 66
733 72
589 78
7 62
72|9
1047 71
150 80
858 88
2490 77
1357 82
260 85
50 87
1198 84
1196 86
73|20
1193 82
45720 74
105037 70
6333 75
59315 77
76293 63
138204 73
2706 67
152081 72
45221 54
68135 68
150 75
8376 70
93510 76
59784 67
116823 77
106072 68
1682 76
52245 62
35836 75
74|20
31522 70
2594 82
2908 82
30749 85
6870 83
3006 81
52281 83
49772 82
55118 91
2997 86
6305 86
608 86
4546 82
41863 84
27773 85
6001 85
1251 89
6552 85
46976 82
44555 88
75|14
5445 66
1240 70
5952 75
2193 65
6870 70
2529 72
168 47
541 77
3176 64
1962 64
2078 73
1889 70
1266 75
1374 72
76|20
48877 36
5956 57
2918 59
58803 55
1247 69
74458 52
7669 63
79132 60
8957 43
858 75
55820 72
1258 72
63436 36
1201 65
1208 71
48 47
288 53
34405 69
1 61
1196 68
77|6
3996 78
4973 84
7361 84
8636 76
3578 80
33794 76
78|13
296 79
165 68
3809 62
589 76
546 45
27904 73
260 80
590 76
480 72
68791 65
344 58
44974 66
380 65
79|13
3266 84
3029 76
589 87
1916 80
307 84
4005 75
260 89
1189 83
1345 78
2000 80
1374 83
2659 70
2076 82
80|20
7445 83
96691 79
84189 70
91630 84
49530 86
8950 85
6539 84
4223 84
5630 84
3527 81
76251 82
80363 76
52604 80
6502 87
34048 77
1221 88
60684 83
6952 75
5989 85
77561 80
81|26
10 70
32 70
47 70
110 70
150 70
153 70
161 70
165 70
208 70
231 70
288 70
296 70
316 70
318 70
329 70
344 70
356 70
364 70
367 70
377 70
380 70
457 70
480 70
588 70
589 70
592 70
82|20
6886 70
2381 62
2378 64
6566 61
368 70
6536 72
3253 68
4310 66
1608 69
1372 70
145 63
356 78
6708 67
1485 66
4369 64
6564 60
6888 57
5803 56
4015 58
364 76
83|20
56367 73
7143 66
7323 60
6539 68
161 62
586 51
2115 65
1270 76
6874 77
2324 71
1537 70
7153 78
68954 78
48774 74
30749 66
8014 72
1222 76
3753 55
1223 80
64983 50
84|20
55 70
987 70
912 81
1096 81
420 53
1227 80
113 53
580 65
5060 76
1293 75
900 72
1097 75
62 67
368 71
1305 71
1247 79
1296 73
11 66
1073 74
1094 69
85|7
1519 70
1624 47
1140 70
1694 61
1643 70
1747 69
1635 72
86|14
4993 82
4310 73
6947 80
2411 73
457 81
5418 79
3996 79
4901 76
1835 74
33794 77
1196 84
3555 74
1097 78
2687 76
87|5
4023 68
2009 74
3504 84
671 75
2139 78
88|12
7312 70
74795 68
4993 86
68157 87
5952 86
1193 87
223 82
8665 79
4262 83
56782 91
8677 47
58559 89
89|104
26645 70
32060 70
44851 70
53280 70
53578 70
67888 70
69211 70
81087 70
84246 70
103602 70
108078 70
109596 70
118894 70
121007 70
128089 70
128944 70
131098 70
131439 70
134847 70
140481 70
146684 70
148632 70
150554 70
164226 70
30793 72
169912 68
87869 63
1923 69
4015 63
950 67
173253 70
2324 73
27826 70
92259 77
11 74
3977 70
86298 70
8154 69
77688 70
2997 72
170837 70
49274 65
157775 70
1 69
142196 70
99117 66
62008 70
72624 70
108156 71
3752 72
2059 67
128520 72
3175 71
133879 70
48649 70
126088 70
5529 67
65588 70
99130 70
40962 71
1732 72
68659 70
91666 70
2683 67
3751 68
750 72
6650 67
149508 70
2395 71
51575 69
65230 70
171751 70
85881 70
139157 70
6863 71
4246 65
108949 66
1230 68
160567 70
73319 64
177185 70
130520 63
5220 67
121338 70
153386 70
50872 73
149566 70
145491 70
4890 70
129354 63
32243 70
84944 62
6402 70
1288 70
140133 70
119141 68
947 67
176621 70
4973 74
158398 70
69469 70
54503 72
141928 70
102481 60
90|11
1137 70
1144 70
581 83
81 77
892 82
1073 83
116 77
896 72
17 86
7 71
613 73
91|20
3013 70
6395 70
8147 70
7153 81
3360 74
2791 78
3897 74
1080 77
4850 61
3429 81
7000 68
2060 69
2916 70
1391 59
2100 62
318 86
2146 63
1225 81
1246 78
8501 69
92|5
2572 86
2114 85
1015 75
2454 78
1801 84
93|20
736 83
1917 82
552 79
1721 80
539 84
480 87
1372 86
368 87
2355 84
1923 83
2193 84
2006 81
339 84
1097 86
1591 80
260 91
2968 87
1676 80
593 93
558 82
94|12
231 54
377 58
367 54
364 70
288 60
19 51
10 62
586 56
590 67
380 58
589 71
318 81
95|20
18 82
4878 86
6979 78
4732 63
3019 83
5246 67
32 84
2952 80
1247 86
1198 87
5283 74
3361 83
1513 70
2009 78
539 79
122 63
1584 84
1240 81
4262 83
5349 78
96|16
527 78
1094 72
272 78
3819 79
150 77
2021 74
2571 81
1214 78
2058 69
1220 74
733 76
2340 61
1721 71
2396 75
367 61
1291 79
97|8
4701 76
4306 81
3578 82
4993 83
4963 82
4299 77
3981 71
4161 75
98|19
81845 85
8961 81
122912 82
5299 73
63992 44
187541 52
56152 80
134853 82
69644 52
6863 69
5618 87
56801 48
3499 83
134130 83
74789 65
82461 69
1258 86
88810 86
79132 85
99|11
318 99
161 87
420 66
592 83
196 65
122 64
145 77
150 89
316 80
236 82
588 89
100|20
497 81
296 82
1393 81
95 76
592 74
605 72
6059 78
28 78
2245 74
62 78
4308 77
1777 74
838 83
2125 82
1288 80
234 67
1197 84
2005 79
4014 79
4623 75
101|13
2580 81
3285 57
2723 67
2700 79
2908 78
2390 79
3175 68
2395 75
358 59
2702 62
3394 50
2997 84
2502 87
102|12
158 50
588 71
150 70
592 67
253 68
480 70
344 57
539 64
553 75
593 81
586 57
223 72
103|20
86014 70
1954 82
60040 72
1968 80
77206 70
2161 78
1732 83
81834 83
608 83
2384 73
4254 46
104 71
139642 70
56782 88
2096 77
101 84
6534 59
374 37
60069 84
30793 72
104|20
4740 70
743 53
5218 71
8643 68
1288 75
47997 69
468 69
76251 71
8533 70
4018 67
38038 72
1566 70
7361 79
6060 68
3034 72
1641 69
4641 71
108190 65
616 73
7034 69
105|20
4788 70
69685 70
95311 70
95313 70
110586 70
141816 70
141818 70
170597 70
172587 70
172793 70
173351 70
173535 70
6433 73
4974 74
70286 82
108981 70
95175 70
69122 83
1243 87
3916 89
106|7
69844 89
72998 82
59501 77
86880 80
5349 83
53125 82
59784 82
107|7
231 68
253 77
590 81
165 80
434 71
208 69
318 91
108|16
800 84
6022 74
4995 86
2585 78
5316 70
4975 74
3978 68
5349 77
2926 77
4246 79
4878 85
4994 80
1968 81
1684 64
497 85
5380 80
109|20
380 61
1033 61
231 56
364 72
589 73
480 68
62 63
31 59
587 63
1032 64
586 57
778 76
540 53
256 51
163 64
252 62
223 70
553 71
537 58
168 55
110|11
26171 50
2468 41
1198 81
1089 80
1222 80
1208 82
4881 76
47 75
527 84
1193 79
2428 46
111|20
100194 70
162602 70
171251 70
2145 67
96588 75
65088 69
66203 61
84772 70
2081 70
91529 80
6365 67
45666 56
3255 68
1282 73
6539 74
86833 71
122882 75
59143 69
86911 62
5283 65
112|13
788 49
161 72
1917 55
16 77
21 66
208 51
434 54
39 62
3717 57
19 51
110 80
32 81
70286 79
113|20
4083 70
39 61
3168 73
932 83
2331 50
3359 80
1086 83
3504 83
1339 75
904 86
3546 70
4063 37
4062 48
1077 79
1589 70
2475 69
3831 71
46 47
1733 74
4007 77
114|7
141718 70
54001 69
2291 69
167732 70
122886 69
8961 69
3147 74
115|20
1580 72
2804 81
1387 85
2792 69
3146 59
3273 57
3052 77
2841 75
2719 50
595 76
2700 79
383 66
2027 54
2148 65
2770 63
3785 65
2916 76
3175 75
588 80
1377 66
116|18
2716 72
858 81
1299 73
62383 63
1339 69
1276 78
597 68
1029 68
1101 68
2797 72
2657 66
1961 73
1407 65
5995 77
1704 78
165 70
2115 72
8360 69
117|20
708 64
587 67
589 76
151 67
36 74
1036 74
595 69
288 66
596 66
48 62
315 56
454 66
353 71
474 70
10 69
60 60
805 69
491 62
616 70
485 60
118|5
1221 77
1625 61
153 56
1961 69
1810 65
119|20
95441 80
117176 86
1092 78
91529 90
74458 87
4387 83
79132 88
168252 91
44022 82
78499 89
122904 87
106782 88
442 83
4993 87
31685 80
6365 82
141004 76
4148 79
88744 84
8644 80
120|5
260 78
32 75
5 50
631 56
52 64
121|12
497 72
440 62
161 68
527 79
292 62
344 56
186 55
316 60
1 72
19 52
163 66
337 71
122|20
27660 89
69784 83
7022 95
148652 73
4816 86
56174 83
94959 91
81591 91
71535 94
30810 89
2997 94
1732 95
108932 92
780 85
1090 93
3253 87
106782 95
72226 96
1200 94
1214 92
123|12
68554 75
115569 83
79132 81
109487 81
1196 83
4226 83
296 82
7153 83
143458 70
47 79
96829 79
2858 81
124|10
56145 78
2161 75
260 86
175 85
1358 78
6377 83
4226 86
3147 85
608 84
1223 88
125|20
5088 70
86721 70
110330 70
54503 81
72011 80
162578 82
119145 79
176371 79
55247 82
1240 79
86332 79
68157 82
112623 78
4082 66
160567 74
3342 75
109487 81
88140 78
98607 70
81562 77
126|8
364 76
349 68
231 58
380 66
410 60
300 69
253 69
457 75
127|5
2915 63
903 68
55276 67
5060 69
272 67
128|7
904 90
965 87
926 87
1066 84
1721 77
1080 83
1198 87
129|20
4370 72
480 79
3698 74
2692 79
2138 79
1968 80
8368 78
653 71
7143 78
316 72
6874 80
239 70
2916 77
733 78
4896 78
2028 80
3977 70
3000 85
1907 77
31658 83
130|6
208 64
316 65
292 68
110 76
590 75
296 79
131|14
2273 55
6947 64
58559 76
908 70
4878 71
89745 73
7256 70
68237 71
2722 49
2028 73
48516 75
3178 62
64614 72
969 71
132|20
6251 70
3275 65
4995 65
2987 56
7444 53
3262 55
4168 53
31658 64
44191 63
1089 66
3967 61
5502 50
50 68
58559 69
5992 62
2108 60
1844 56
2657 55
47 62
2470 52
133|7
454 54
356 69
589 64
150 58
153 51
380 51
527 69
134|7
442 67
595 73
349 71
380 68
367 63
509 70
296 83
135|20
592 76
4084 54
893 70
3994 75
2004 75
608 86
1358 80
3852 76
3489 73
1614 56
1198 87
4128 80
1883 71
2302 66
1291 86
410 65
1261 87
4022 80
4881 84
1077 83
136|20
161 75
193 54
585 63
338 68
277 65
380 71
181 55
337 75
437 54
165 74
611 61
151 72
340 70
252 72
432 62
552 66
350 73
280 79
273 63
150 76
137|20
6787 81
2716 76
1198 81
750 85
919 79
1270 79
318 88
150 77
2997 80
1200 80
6986 70
7153 83
1242 82
110 80
33493 75
1197 85
2959 86
1237 83
903 80
7762 75
138|5
2707 67
1960 74
1959 74
849 62
3996 77
139|20
4025 32
7445 36
60684 54
4865 49
68319 36
7090 49
5502 38
260 61
8371 38
53953 37
58025 32
106782 51
6957 45
7163 32
3827 36
3624 39
52722 38
54259 46
4367 28
115617 45
140|20
5699 70
5299 66
1393 72
356 77
609 67
32596 64
4795 67
34072 68
1617 76
5256 62
5943 63
1084 77
4337 70
3108 71
43396 71
4719 64
1005 59
4321 65
5812 70
4259 72
141|20
5418 73
54503 74
4963 75
2478 61
71535 76
317 65
68954 77
54286 72
6365 66
54272 71
4447 65
5502 65
6377 76
6373 60
1265 74
91529 80
2502 79
441 74
1517 70
48516 80
142|8
434 65
384 72
588 80
50 88
527 87
356 85
337 79
377 74
143|15
1721 63
61250 59
6942 72
7169 67
8533 67
106696 66
3421 69
87232 72
78316 61
69069 66
59421 57
2144 70
96821 70
7173 64
500 64
144|20
589 79
541 81
8368 78
597 70
590 78
410 64
1246 79
527 84
356 82
500 69
19 59
2700 75
434 64
733 73
780 70
1036 77
5377 76
552 65
586 64
2081 72
145|5
344 55
339 59
380 60
318 86
588 71
146|7
7293 68
3257 51
32 74
1367 57
3686 56
410 56
47610 66
147|5
1234 77
168 63
552 64
555 73
2395 69
148|10
88125 72
5618 78
108932 74
81847 74
72998 68
5816 70
8368 74
7153 78
81834 76
4993 76
149|12
1097 59
1374 60
1831 36
1527 66
260 71
173 38
1206 69
1200 67
2021 52
1580 50
1391 47
1375 50
150|6
3 65
1356 80
5 58
95 65
733 72
1073 75
151|12
786 71
562 77
780 74
837 75
747 66
1265 78
828 69
1073 77
1 79
648 74
1393 78
1359 66
152|13
50 84
2959 85
116897 78
89492 77
1193 81
69481 79
85774 82
115713 81
111 81
92259 84
1234 79
79132 81
318 87
153|20
134853 51
1732 64
8533 41
4014 39
81456 40
106782 51
8528 40
6863 43
87194 39
2617 29
1246 65
106100 43
1954 53
7458 41
4226 59
89904 54
72998 46
133780 70
586 35
36535 42
154|7
114662 78
119145 85
81834 86
122904 82
106072 72
76093 87
77561 76
155|10
153 70
3286 67
1200 79
260 82
141 70
2355 73
2384 70
2948 77
432 67
2959 85
156|20
26313 70
31038 70
1230 78
1711 65
3341 78
6296 67
762 46
2361 62
2076 75
4784 65
661 66
2926 71
8571 70
47 78
3176 70
58 77
848 66
866 78
1485 61
923 82
157|5
785 62
3617 56
2720 48
2770 57
527 80
158|6
1093 71
2605 72
2872 75
2723 67
2428 66
66320 70
159|20
2959 79
60069 74
45720 67
597 64
4022 68
89864 67
49286 64
140110 69
84954 60
4447 62
1197 78
68954 75
6942 71
1961 71
106696 68
480 69
539 67
166643 70
40819 71
63082 72
160|20
126 21
1371 55
1198 79
196 32
3408 62
5349 66
3213 68
2408 25
839 23
3593 13
2748 16
533 34
1975 28
1676 63
3745 58
2011 57
733 67
3826 24
778 79
2840 28
161|8
4980 66
7247 74
47610 75
1223 88
38038 80
3429 85
2144 75
2336 76
162|8
150 87
225 84
168 80
50 95
300 83
266 82
31 84
62 86
163|5
1608 62
1810 65
1747 63
1777 61
1837 53
164|8
1036 81
2916 79
110 84
589 85
3527 78
1101 77
1201 86
2167 75
165|13
2353 67
3624 67
110 78
5505 68
5527 74
3256 70
5956 71
5418 74
5530 65
5450 68
1127 72
3409 61
5881 70
166|20
33794 80
1721 76
4011 87
5378 69
3481 80
49530 84
2353 75
47644 72
54272 80
8961 81
1198 85
2542 85
1036 81
608 84
434 68
5219 71
5418 82
2396 82
349 78
2324 87
167|20
33493 60
4886 74
778 79
3052 72
7147 64
6857 74
45501 52
6480 70
1682 73
2231 74
784 45
33794 75
2083 76
2413 65
6333 72
8961 75
2139 73
150 71
6773 73
35836 72
168|19
3730 90
1248 97
1201 90
1089 91
296 91
923 91
1222 91
5291 83
3543 85
1302 81
3362 87
1148 91
3101 73
57669 91
2076 84
1729 80
908 90
85354 65
80463 88
169|20
3536 83
2028 88
364 92
953 91
4886 86
5400 81
8644 82
524 82
2795 83
1022 83
3114 86
3967 84
1517 82
1035 90
8641 85
6365 85
661 78
457 88
3287 75
1416 83
170|10
318 85
296 79
586 64
377 68
34 70
592 67
277 62
500 65
266 65
588 73
171|17
485 80
1220 87
1025 88
801 80
1259 92
1079 94
828 82
317 85
869 89
380 87
1136 94
1225 97
661 81
318 101
47 91
1198 94
1208 96
172|6
3087 67
3578 80
7438 79
2072 72
3793 75
2762 77
173|5
10 71
329 65
586 64
597 68
588 74
174|14
553 82
520 67
224 72
648 72
161 76
317 71
158 59
780 72
315 63
485 68
282 72
440 72
350 74
10 76
175|5
531 75
8911 70
43904 62
38388 80
8362 73
176|8
165 79
434 70
39 77
368 81
380 77
780 77
47 83
471 78
177|20
42002 65
91542 69
6332 53
3668 72
45672 58
783 59
27706 64
2657 66
114662 70
1206 78
83132 71
5218 68
508 71
3114 74
1321 66
2176 74
8798 72
88140 70
2012 66
339 63
178|16
7361 87
527 88
2329 87
5995 84
6502 83
4235 83
1198 85
208 54
6539 79
296 85
349 71
10 72
4226 86
1240 78
2579 78
318 91
179|14
367 67
589 83
161 78
231 66
288 73
743 53
1061 80
317 71
786 68
592 74
671 77
296 85
434 66
364 83
180|5
1261 78
260 81
1748 76
1242 81
2140 69
181|20
157 56
593 77
596 64
353 68
539 64
516 63
132 62
169 41
25 65
31 58
542 53
6 73
707 53
185 55
464 54
502 43
415 49
480 68
592 64
344 55
182|20
4879 70
6969 70
3911 74
2728 75
4313 56
8042 78
1291 79
3113 65
3578 78
1590 61
161 74
4452 52
224 70
4980 61
4262 76
2353 64
2890 76
1127 72
541 80
6041 77
183|12
480 73
380 67
1196 81
2951 77
2534 57
4085 67
1287 77
2194 77
3247 57
1233 80
2662 70
1408 75
184|20
158035 70
181413 70
193565 70
97304 82
74754 58
168250 80
191005 70
106072 70
166291 80
127152 81
86332 81
80463 85
5816 78
122898 68
81845 88
5810 62
170813 47
174479 70
112852 86
148626 89
185|10
1685 70
2396 68
5377 72
1721 65
5952 76
1393 66
595 67
2085 64
4995 75
899 76
186|20
2605 82
1214 83
1291 85
3745 78
1269 85
2527 80
2532 74
4361 79
1307 84
2968 83
4306 83
2541 81
1702 74
480 84
1097 82
3977 78
919 84
3527 80
593 89
1196 87
187|20
26122 70
3949 79
49272 78
231 55
1206 81
6874 77
1729 71
1209 82
48394 72
6502 77
2701 25
4027 76
288 68
2542 79
7153 81
39427 66
6890 80
1222 82
8949 74
1748 78
188|10
2346 80
1212 90
594 81
1282 82
3469 80
2396 84
1091 70
3341 87
1264 84
2206 87
189|5
48516 81
4993 79
79132 77
2959 83
58559 81
190|14
6711 82
4776 75
8784 75
4995 81
5630 69
4306 77
30749 78
1221 84
4975 68
8961 77
858 86
8464 78
69844 77
7438 81
191|17
496 70
21 67
72 67
175 85
494 63
417 76
17 77
6 81
85 62
292 60
314 66
58 77
235 75
213 53
161 77
160 36
162 84
192|5
356 80
288 76
316 76
349 76
432 74
193|7
44555 77
55442 76
4878 75
6016 78
307 73
1270 76
5618 77
194|5
163 72
1396 71
1500 76
1288 79
5060 75
195|20
3424 78
2770 56
1041 76
1653 79
1923 69
3160 73
4723 48
1863 54
2336 70
2166 55
4308 66
1909 62
260 83
2028 80
3252 70
2908 71
1392 65
1365 64
70 67
190 60
196|7
70286 77
3578 76
59315 75
58559 80
364 82
1214 76
110 76
197|7
1513 69
1240 76
1882 54
786 72
2167 73
153 70
1784 75
198|20
3894 70
3499 74
920 70
1213 79
3949 75
1994 69
1485 59
2572 69
4019 72
1089 78
110 75
593 80
4128 71
1270 75
4886 73
1079 77
2117 71
912 79
1573 65
1682 72
199|20
5464 60
2165 71
2280 51
736 39
5673 63
349 57
5502 52
482 72
8532 70
1172 77
300 69
50068 69
4881 73
3175 54
7445 48
2973 70
34338 65
41997 68
1956 71
377 49
200|20
3809 74
7022 82
50802 73
3968 70
2485 67
500 74
5610 68
590 78
1029 75
53996 73
2572 81
4993 81
4041 76
57640 76
1302 77
1784 76
6383 60
1653 80
1569 75
1517 75
201|20
1748 84
1527 81
1584 85
2858 87
339 78
589 87
2717 71
994 84
788 69
1196 90
2797 83
733 81
1259 86
2174 78
1198 88
2455 79
1569 76
1213 90
160 65
24 75
202|20
3329 70
924 79
29 80
2289 80
1197 87
1196 85
2966 78
161 77
608 82
1209 85
1296 77
3194 72
1784 77
469 75
923 84
2000 76
1587 73
1719 85
3147 84
32 81
203|9
56174 70
8665 79
2407 71
5952 82
590 81
49272 81
40815 79
333 76
296 84
204|17
1136 86
3949 83
33794 81
48394 81
27075 70
1080 82
79008 81
6104 87
8874 85
81591 81
4878 85
91658 77
711 64
2313 78
86320 59
55820 84
5218 73
205|6
912 81
99114 78
91542 71
5816 71
95167 67
96079 75
206|5
36 80
608 84
733 79
140 64
141 76
207|5
2991 64
2428 33
2707 55
3740 66
100 41
208|6
1210 79
2628 54
380 59
2353 60
2278 65
2762 72
209|7
60684 80
1291 83
68157 85
74458 78
185029 79
122886 78
88125 78
210|20
123553 70
34405 82
166203 70
3147 87
31696 72
7649 76
58559 88
2105 76
6365 77
34397 70
4625 65
84772 80
122926 88
76093 86
62836 70
33493 80
1584 85
47610 81
108932 84
122918 85
211|18
58559 86
63113 70
90405 69
57669 85
60684 79
7153 85
73017 78
2105 71
4367 54
356 85
2642 57
1556 34
318 91
44665 77
85414 71
1198 84
1136 84
260 85
212|20
170697 65
122920 70
122892 70
2571 78
5218 70
48394 72
3578 75
1196 78
135143 69
74795 68
179401 70
79132 76
77800 75
108932 74
110102 74
96821 74
8874 76
65261 76
59784 69
2291 72
213|17
3285 73
87520 63
80363 72
76251 78
8957 71
2860 69
1234 82
5419 77
51935 79
69844 84
39446 68
4132 71
858 87
69526 65
4558 67
49530 82
58559 86
214|5
83 70
628 65
743 53
1363 60
802 61
215|20
1172 85
4973 86
63082 80
1291 81
2028 82
3252 74
3210 71
1968 77
1247 82
49272 80
1089 84
72407 42
5650 73
318 89
1208 85
2000 76
1197 86
1196 84
1297 76
4019 78
216|20
104 62
21 65
3996 77
3946 52
2946 66
3993 53
3897 74
2599 73
34 71
3994 67
4034 79
3363 77
1965 67
3422 63
3555 59
3253 69
2087 72
3986 49
2018 69
1923 69
217|20
1867 70
3434 70
1275 59
2468 45
3197 51
1912 59
2302 53
1876 51
380 54
1221 70
2471 49
1918 52
1385 53
3165 56
1590 53
1562 42
1703 52
2056 70
1831 45
160 47
218|6
2657 60
2692 72
1380 53
1198 77
6934 42
5349 62
219|20
60072 42
2115 67
59315 75
6539 73
442 48
30707 79
1704 80
180 70
1219 79
1005 34
27773 78
56156 64
6188 65
6721 70
30825 51
2997 78
1552 51
1500 72
2890 73
1921 78
220|20
3996 83
733 79
1198 86
3994 76
6539 83
1258 86
1917 66
4545 71
33794 81
165 76
71264 78
4623 80
53464 57
5218 77
6365 71
3751 77
32 84
1036 82
5502 71
1591 62
221|20
4338 70
7013 81
8529 66
1080 79
3246 88
2871 82
1208 86
7063 81
2702 66
4029 80
5954 80
2352 79
922 87
2997 83
1278 82
2858 84
1212 86
1959 80
1961 81
3671 81
222|20
81831 70
100498 44
48516 73
1249 70
99813 63
91529 69
59900 51
93287 62
1721 60
2706 58
3273 46
2411 52
64622 60
7143 64
87869 65
778 75
30825 55
42011 47
673 46
64839 68
223|15
55854 70
6711 66
1 63
736 53
1961 63
457 67
2716 63
48394 65
608 70
8784 62
48516 69
3863 50
4306 63
260 71
2683 54
224|11
3496 70
3044 76
356 81
2915 76
289 69
3668 78
1270 79
2797 78
1721 73
2716 75
1259 80
225|15
2423 73
1285 76
588 78
1717 66
2791 82
1321 71
1136 83
1197 86
1753 72
2004 72
2371 66
1407 69
785 69
1060 78
3024 69
226|20
6938 70
32666 70
3552 77
542 53
1240 74
3098 73
2804 77
3668 73
3653 63
2231 76
145 61
2253 57
3052 73
2628 59
762 46
53129 78
4816 69
16 77
2144 72
46948 71
227|19
46976 77
52319 73
81845 84
109487 84
134130 82
215 80
48738 82
47099 81
1196 86
32587 79
912 86
55721 84
1682 79
750 89
778 83
40629 80
97913 78
70286 82
150 79
228|5
2571 85
1373 70
362 79
318 89
3113 77
229|13
34 74
589 81
377 75
45 75
587 75
5 65
475 83
442 73
597 72
364 81
213 64
110 80
527 85
230|20
34330 70
52715 70
47 64
7438 69
527 72
3147 70
45499 58
6537 55
2291 64
1387 68
6863 57
1485 60
595 61
4022 62
2096 61
588 64
4034 67
1676 57
8644 58
2641 53
231|5
92259 82
858 82
593 82
1198 79
109487 79
232|20
31867 70
41769 70
57526 70
70336 53
8644 64
1586 61
44972 46
4019 72
43928 44
30883 52
65802 55
8376 66
39292 73
1035 74
66198 62
66097 74
32011 55
6564 51
7451 72
33164 48
233|20
48394 68
3751 61
48516 72
1721 60
356 75
106100 61
162600 53
608 73
7153 74
134214 55
57669 77
122920 58
2329 73
4239 66
7371 69
3977 45
3147 73
3948 56
49272 69
5418 64
234|20
2616 66
2140 77
172 65
126 51
1562 53
4519 71
153 65
2710 61
3624 74
3483 69
1391 69
438 70
1460 79
2987 75
65 53
260 84
1359 56
3175 76
588 80
2080 74
235|13
480 74
736 63
500 68
454 69
592 70
235 72
595 73
32 80
527 85
648 68
223 77
588 76
377 69
236|30
1214 70
1278 70
1345 70
1350 70
1387 70
1388 70
1982 70
1997 70
1998 70
2447 70
2459 70
2490 70
2496 70
2502 70
2505 70
2542 70
2572 70
2580 70
2596 70
2598 70
2606 70
2657 70
2683 70
2694 70
2718 70
2770 70
2806 70
2858 70
3024 70
3052 70
237|10
32 72
4254 46
94959 66
293 69
1371 57
1193 70
7361 74
7980 64
43936 57
1374 66
238|9
4954 80
3528 77
4265 66
4901 75
4238 72
593 84
4499 79
4957 69
1193 81
239|20
58559 88
5459 65
4085 74
380 76
95 74
7445 78
608 85
7147 80
6378 81
2115 80
4896 80
36529 81
3994 77
33679 73
47 83
590 83
4022 79
208 66
733 79
51662 79
240|20
368 81
543 75
480 81
367 75
810 66
500 79
546 64
110 80
173 72
1 81
542 76
104 78
34 77
174 72
204 72
225 80
383 75
262 82
434 75
420 76
241|16
81786 70
71899 80
527 82
1206 82
1193 81
99114 81
100714 67
8981 78
53123 82
116897 78
56367 79
3910 80
106782 81
115569 82
4235 82
48780 79
242|7
39 66
380 65
231 60
457 78
592 69
454 66
111 77
243|8
112 80
353 85
62 87
588 86
193 69
586 81
181 74
376 78
244|19
3090 76
1049 67
110 82
257 67
165 68
151 73
1090 81
3755 57
2278 74
648 66
1580 67
1957 80
1610 81
1196 87
3256 69
1573 68
1242 86
3753 66
2243 74
245|5
3196 61
2739 58
3114 58
3274 51
1361 52
246|20
1304 87
616 84
1680 89
6016 93
3081 79
44191 87
60684 84
4973 92
1732 88
1298 83
53125 84
2291 84
2692 86
293 87
4011 89
5013 83
60069 89
48082 86
82202 71
95167 81
247|20
48516 81
593 81
2858 78
49272 76
1961 75
44191 77
527 81
116797 77
68358 76
122886 72
480 72
223 75
1265 75
2078 76
1198 78
1682 73
6377 77
1089 80
953 78
919 75
248|11
4886 75
1198 75
166528 72
176371 75
316 71
147374 74
102903 71
189333 74
122912 76
58559 77
5218 74
249|20
110350 70
102903 74
2167 68
94959 79
84601 73
2395 76
97306 73
3408 77
89047 70
91500 75
91542 76
40815 79
69844 80
904 86
46723 76
3826 63
68791 72
88812 70
67695 74
50 87
250|6
1282 84
2407 77
318 96
1597 75
1246 87
8880 80
251|5
142115 85
293 90
356 93
318 99
1089 94
252|8
164179 89
89745 83
6377 85
164909 82
1682 82
166643 82
143355 80
78499 88
253|10
44555 89
916 88
608 88
2300 86
7099 89
4217 83
26366 70
1192 89
4642 88
3363 84
254|20
46578 82
44195 83
207 77
49278 69
6333 76
780 66
110 81
1210 85
49272 81
27846 80
32587 77
2571 85
44929 67
47 79
293 80
1580 69
5995 83
32 81
592 72
48394 79
255|9
1270 62
4467 58
2023 51
3501 47
1663 57
1394 59
3392 49
2542 57
2915 53
256|20
3247 74
88744 79
377 81
4973 86
53972 76
118696 71
95441 76
104841 76
71535 82
2953 73
81229 78
53121 74
30707 83
2571 85
68791 76
170 77
6942 78
90405 72
6537 73
33493 82
257|5
1500 70
594 67
2502 74
494 68
2406 63
258|5
4995 83
7147 78
72641 80
76093 82
47099 80
259|6
508 60
5945 53
1784 62
4886 61
1356 65
1584 57
260|20
7361 82
3556 77
162 77
903 78
5690 81
6337 73
4878 77
5617 72
342 71
5219 69
2997 77
8011 75
1206 80
3317 75
6709 69
8874 76
2348 76
3822 74
2959 83
8645 72
261|11
3897 77
16 78
2060 70
296 84
2723 62
1682 76
4085 66
2194 81
7361 86
4238 59
58559 85
262|12
708 60
539 63
457 73
322 64
339 60
85 58
26 69
17 67
213 54
273 53
593 77
728 61
263|20
223 78
150 76
500 67
2987 73
2953 57
110 80
4226 83
8370 77
1197 85
7458 70
708 69
1111 73
2125 74
6942 76
5013 76
163 74
457 80
8636 77
1967 77
2085 72
264|12
7841 74
1376 76
151 73
5816 76
1907 74
1320 69
1917 71
150 77
3578 76
1090 78
253 72
1876 69
265|20
3807 70
316 60
253 68
1302 65
724 56
1240 70
3504 75
230 63
3831 66
1956 71
3098 68
529 72
1270 76
3791 60
1177 71
2322 59
1488 57
2474 65
1198 78
1962 67
266|20
476 70
2812 70
2700 80
2278 76
24 55
2770 50
2702 54
64 38
1405 49
2580 78
1527 78
2167 49
457 85
1580 58
2300 82
1923 70
2094 54
132 63
2571 87
2097 50
267|12
2858 89
593 93
1175 89
3006 84
1302 83
3999 70
3113 82
1093 82
589 89
2571 92
923 91
3996 87
268|20
1641 72
587 55
1125 65
1911 38
2802 54
1036 73
1370 56
50 79
2064 71
1784 70
1912 64
1966 57
454 55
1234 76
2247 53
1394 76
2829 66
802 47
260 78
2858 76
269|6
724 68
743 55
95 71
1 81
63 57
648 73
270|8
661 59
62 60
79 46
628 65
14 63
1356 72
141 62
25 63
271|9
3897 70
32 75
2791 76
969 72
6787 74
2858 75
55765 70
1320 57
2288 68
272|7
177765 69
1240 70
51662 69
122922 70
49272 74
158238 70
6365 64
273|11
440 76
593 91
500 75
608 87
223 85
111 89
150 83
21 78
466 66
235 80
520 72
274|20
50147 70
2947 73
3037 77
1645 65
4951 64
2036 59
1359 55
35957 65
553 75
76293 61
3918 65
1503 60
45431 66
4816 66
54999 70
5667 70
4876 54
56805 67
1921 77
54004 68
275|20
1784 80
2289 84
5884 70
1171 77
357 77
1912 81
2539 66
235 78
4886 82
2572 78
2355 79
3253 78
1192 84
926 86
111 87
2100 72
3089 89
1393 78
1719 88
1392 77
276|9
673 77
356 93
466 83
104 87
631 82
648 88
2 91
1367 83
344 80
277|6
637 65
736 70
656 63
1 79
780 71
260 84
278|5
2371 71
1347 72
4002 81
318 90
2369 67
279|20
134130 73
1101 63
166528 73
90405 60
61132 65
79132 73
56782 79
97913 72
1608 64
4226 77
59315 71
88129 73
54286 68
1258 77
8665 69
58559 78
4993 76
8376 64
107406 67
1200 74
280|20
92535 87
344 68
262 83
3146 65
4239 82
4447 75
8638 81
919 82
72641 82
86817 63
8368 81
49530 82
6863 72
35836 78
55052 79
54503 82
4246 78
48516 88
1911 65
3916 86
281|5
46578 72
8361 51
35836 63
3897 68
3861 53
282|20
5995 84
3977 69
3263 73
25 79
6708 77
2683 73
4718 63
6711 85
5481 65
6863 73
5669 81
3752 75
588 82
80463 83
1921 83
1193 85
4369 73
48322 81
1194 80
784 62
283|7
1580 61
39 61
1704 74
356 76
586 58
2082 56
805 65
284|18
474 80
173 63
2 77
296 86
15 73
348 79
248 63
318 92
47 82
353 80
275 57
44 60
339 76
367 68
276 66
165 77
637 66
235 77
285|8
1193 85
949 69
1247 84
6978 68
113207 70
4447 64
441 80
296 85
286|20
454 69
778 80
5989 76
1333 74
165 70
500 66
7438 79
2294 64
4993 80
4995 79
7361 83
70 71
4980 63
1258 82
4963 77
1097 76
4848 79
539 70
377 68
110 79
287|20
3160 67
3578 71
223 66
2633 48
1059 59
586 41
3005 30
532 31
1193 74
2599 68
2028 69
1485 30
3826 20
2081 57
8949 63
2012 59
101 69
4034 74
2422 10
2115 58
288|20
4473 70
4966 70
1008 70
2867 68
42015 60
141 66
2571 77
13 65
53519 56
2407 60
5418 70
3916 67
2347 50
2528 58
30810 68
575 43
32587 72
587 60
2517 52
8361 50
289|24
3 70
16 70
235 70
266 70
594 70
708 70
750 70
1080 70
1101 70
1208 70
1220 70
1258 70
1917 70
2012 70
2174 70
2710 70
2797 70
4322 70
6125 70
6327 70
6453 70
7025 70
7028 70
26704 70
290|20
1228 89
1299 85
2494 83
2739 84
608 87
2130 78
908 88
341 70
1447 78
342 73
1056 72
1719 90
953 88
928 89
1394 86
2648 74
475 90
2731 85
1357 85
2385 68
291|7
40815 87
122892 84
106489 81
134853 89
7153 93
88125 88
1 89
292|20
520 60
103339 59
122900 68
4896 69
2291 72
474 69
85056 62
46972 67
95167 64
164909 69
3176 67
3476 64
1608 66
31221 52
1101 64
3985 66
3984 68
1017 63
69844 73
231 58
293|5
1682 61
1673 68
344 47
1617 67
1097 61
294|20
416 36
3869 62
1064 55
2794 43
610 59
2133 60
1391 52
3868 61
1129 60
520 50
3387 44
355 35
2378 50
3693 43
785 55
2193 57
2367 49
2458 47
348 61
3501 47
295|9
1221 84
3198 79
1287 79
1213 85
4351 57
1198 83
858 86
318 89
2329 85
296|6
160848 70
2028 81
169034 70
4144 82
50 86
2324 81
297|15
832 28
543 56
1645 53
111 68
454 42
1089 76
6 70
1249 73
1047 41
1370 52
1488 35
150 65
170 53
1092 46
866 72
298|20
57640 69
95510 47
6811 46
8370 61
8807 53
63131 43
6881 34
3785 34
122900 56
103042 34
6294 22
2167 38
2005 63
6006 33
653 40
55995 31
3018 42
69757 60
103772 46
3825 22
299|5
3793 76
1387 84
188 66
1198 85
1214 80
300|32
318 70
356 70
527 70
593 70
1172 70
1704 70
2028 70
2324 70
2329 70
2571 70
2762 70
2858 70
2959 70
4848 70
4973 70
5995 70
6016 70
6711 70
7361 70
8950 70
48394 70
56174 70
63082 70
79132 70
81591 70
92259 70
99114 70
109487 70
112183 70
112290 70
112552 70
112556 70
301|20
21 60
357 58
2490 60
6711 78
589 75
8949 72
837 57
3948 61
364 74
527 83
5989 74
4963 70
608 79
292 55
3578 78
3897 73
4226 80
3753 56
1393 62
1792 48
302|7
480 78
14 76
3 68
25 77
648 70
707 57
110 83
303|11
5378 66
3703 78
1127 74
5544 76
1196 82
3471 75
1580 70
1394 79
2683 67
920 73
1358 74
304|20
314 77
2571 86
2433 67
10 76
1376 76
480 78
1373 66
1777 72
1270 82
1517 76
151 75
356 85
208 64
474 78
1214 80
1375 72
640 59
1722 69
185 67
2701 58
305|20
74624 70
140627 70
87869 78
919 80
1197 87
106100 78
138210 72
788 67
7482 80
80590 67
103075 66
903 81
6537 67
93840 80
54736 79
592 74
2288 79
58803 75
55276 79
1272 83
306|20
5784 57
68954 74
69644 58
6377 70
95543 60
81847 70
111743 64
85367 66
168418 70
167018 60
72998 64
122904 69
69406 65
85788 58
4963 68
115664 61
134368 64
112852 73
161634 64
133419 61
307|20
2190 70
4181 70
31424 70
49314 70
5010 70
7845 63
3392 50
1220 70
6793 21
6483 27
2332 36
56003 40
1991 44
3273 37
4876 31
3421 70
1409 35
413 44
4447 46
52867 70
308|20
2959 59
45517 38
96821 50
72998 44
318 63
2 40
904 56
589 53
8961 47
56152 46
56367 51
5618 55
36 51
410 37
79132 47
4993 59
8464 42
1221 58
2248 42
6 49
309|20
2202 82
1645 67
898 90
1682 74
296 80
1089 81
1269 80
7153 81
6947 75
8340 76
1104 84
7218 70
25886 74
1219 80
8154 77
971 79
1944 75
6365 67
1262 80
2762 77
310|13
6863 68
6947 78
1101 68
6503 55
2524 76
2457 74
5899 52
733 76
246 84
3254 70
1223 86
1080 80
2671 69
311|6
6561 70
5992 56
1517 50
6461 47
1407 45
2706 47
312|20
5816 73
1375 66
3499 81
589 82
2454 61
1358 78
4878 83
4103 75
3793 76
2028 84
1371 65
4121 64
2366 76
2747 61
4105 75
5446 74
2699 54
2529 80
1350 79
1356 79
313|20
4980 62
170 66
3917 67
2455 67
5544 72
541 78
2193 69
2000 71
6 76
1968 72
1089 78
1301 69
1240 71
3175 68
4865 71
2005 73
2167 63
1375 66
2087 70
2530 60
314|20
7 51
1042 54
44 43
165 61
457 73
293 71
597 57
329 56
442 55
26 67
830 54
728 60
618 70
107 61
536 57
10 63
1376 61
153 54
208 50
150 66
315|7
1262 72
2729 62
2529 67
2067 70
2553 62
909 63
902 68
316|11
1748 71
253 64
3968 61
158 56
5445 64
3751 63
7438 73
6874 73
48 59
3882 53
2572 67
317|20
133115 70
73321 64
91529 76
74545 65
7445 62
1213 82
48774 76
4262 74
1884 73
5989 74
3578 78
4011 78
68358 74
1208 80
72011 69
3897 73
3499 76
96829 71
116797 76
56782 82
318|20
26713 70
81191 70
90245 70
111817 70
127180 70
145080 70
150696 70
7445 75
1090 78
116799 72
82459 75
48385 72
2294 70
64839 76
88125 77
109487 76
4021 78
33794 72
54286 75
89753 78
319|7
115617 84
6377 88
356 90
136864 64
1221 90
122904 86
110 87
320|5
72998 67
71535 74
31184 68
59315 71
1013 68
321|12
587 74
356 82
160 71
592 70
597 73
780 72
339 72
355 68
410 66
3 69
500 71
457 78
322|20
2882 52
1968 69
2542 72
58559 77
2788 71
2146 63
2617 61
2918 70
778 74
2599 69
4027 70
4993 74
1230 72
51540 69
1 71
1617 75
1923 66
4010 64
11 64
1035 72
323|20
377 62
480 67
356 75
1094 63
161 66
115569 74
1198 74
29 70
551 63
22 62
318 80
112183 63
253 65
111659 52
3257 53
260 75
150 67
329 57
342 61
266 60
324|5
2764 70
3972 71
3864 41
3949 73
3897 70
325|20
2848 70
235 72
2986 49
262 78
1573 64
2596 68
1584 68
1217 85
1676 65
4714 43
3770 46
3261 71
2894 70
2155 59
1279 80
1614 48
3994 66
2268 75
2915 71
5008 86
326|20
8665 78
47610 77
20 63
2858 81
86882 75
5418 78
4973 84
133771 76
48774 77
2324 83
1293 76
2692 78
72605 72
70159 44
54286 76
5446 76
6591 82
4226 82
105844 77
31410 80
327|10
3301 80
150 81
858 88
1923 78
51255 84
48516 87
1304 82
765 76
6888 70
2706 81
328|20
2687 54
112852 74
70286 68
1196 71
457 71
364 68
80463 65
3489 52
318 81
595 59
5349 59
2542 66
1219 66
35836 57
3751 60
79091 46
7153 75
596 58
2398 73
1148 61
329|5
130482 70
136850 70
858 61
1884 52
750 61
330|20
5378 48
316 64
1639 74
2918 77
919 77
3949 80
3535 72
5349 71
380 61
1676 68
2502 84
3703 80
1682 76
2683 68
1206 83
1721 71
2791 80
2081 72
8874 82
592 71
331|20
8874 83
6157 46
88125 76
6539 77
3897 79
4446 72
7361 87
50872 77
4995 82
4306 79
6874 83
5502 60
3911 78
608 83
4447 55
593 87
3751 73
8665 76
4367 38
2959 88
332|20
47 74
1653 76
1258 78
316 62
8983 72
431 72
97757 70
2291 73
1835 65
356 79
5502 63
4308 67
1203 79
1682 72
1249 78
76251 70
2905 72
318 84
2294 63
32 76
333|5
3785 43
3752 53
3616 44
3615 46
3646 34
334|20
55820 74
1196 74
1580 62
1291 71
3996 69
589 71
30810 65
4027 68
1 69
64957 62
1625 65
50601 54
44195 73
27416 61
6867 68
2997 71
293 70
480 66
5378 60
51935 70
335|6
780 59
592 70
356 80
296 80
2699 53
2001 64
336|12
1267 93
1 87
38798 76
33660 87
1784 83
2001 78
2268 87
293 87
1625 87
4886 86
50 92
150 86
337|16
318 96
47 86
16 87
805 87
1393 88
266 82
667 74
168 80
784 73
65 75
110 87
708 81
25 82
1356 85
277 80
786 81
338|8
189111 70
190207 70
190215 70
190219 70
7153 74
593 74
187541 33
185029 61
339|20
72641 80
5445 79
84152 80
96079 80
106072 79
69122 81
5617 77
41285 81
56869 70
48322 80
65216 77
91630 80
86504 78
91529 85
83613 71
4993 82
3470 81
102407 76
2028 81
5952 82
340|28
10 70
110 70
150 70
153 70
161 70
165 70
185 70
208 70
253 70
288 70
292 70
296 70
316 70
318 70
329 70
344 70
349 70
356 70
454 70
457 70
480 70
589 70
590 70
592 70
595 70
648 70
780 70
1356 70
341|11
2335 70
3624 73
130087 69
1370 73
135137 69
117529 69
5459 65
45672 69
1 79
47099 79
4025 67
342|14
2683 58
2598 57
2881 52
2369 48
1268 60
2605 54
2599 66
1198 76
3157 50
3826 44
2428 49
2827 46
3863 51
1959 64
343|12
858 87
3000 86
48394 78
4226 85
4878 83
3993 66
2571 85
1617 84
31658 84
55363 80
55820 81
296 84
344|14
111362 74
380 68
316 65
2628 65
4226 81
2571 81
4014 72
2012 69
4034 79
260 82
2541 70
4973 83
5418 74
2712 68
345|13
1019 75
2539 64
926 82
5902 83
8810 64
344 63
5707 71
2366 75
56949 68
3649 61
6658 72
3489 72
412 69
346|20
3174 70
778 78
608 78
6711 79
6286 74
306 80
7323 72
307 75
3535 73
1212 81
357 69
3949 76
714 72
7937 72
7396 75
5878 80
1120 69
1131 76
3627 69
7115 65
347|9
434 65
590 77
39 71
150 74
454 72
380 70
587 72
317 69
457 78
348|11
318 99
2324 94
4368 72
1213 95
6016 96
2959 98
6893 87
4973 96
1221 93
1960 88
2019 94
349|8
10 68
161 68
589 74
381 69
349 66
231 60
588 71
509 66
350|8
852 64
7 59
637 60
648 65
733 69
12 52
858 81
661 63
351|20
88932 70
87222 68
73344 71
52579 60
2231 76
88744 75
43836 67
79132 80
597 68
58559 84
12 51
8914 77
8950 79
63082 78
6214 78
90376 73
84152 79
480 75
4878 80
1193 81
352|20
72998 72
71745 55
1801 73
34319 70
2600 78
65682 72
1080 79
79695 60
110730 45
38038 79
130490 55
97752 74
1214 80
94864 65
41566 67
56587 79
44191 81
114935 77
59315 78
47610 75
353|18
552 60
25 75
267 52
216 74
367 61
288 71
144 69
186 55
333 74
266 67
112 65
198 71
234 55
145 62
293 81
158 49
163 74
296 84
354|20
1610 75
4306 76
2692 77
3147 80
47 76
903 78
733 74
3977 64
1225 82
35836 72
648 71
44191 78
8665 76
1917 67
7147 75
1923 73
589 79
2959 84
4718 59
1196 80
355|6
316 72
1580 75
3035 82
3175 78
317 76
916 84
356|20
2248 79
52435 81
52975 77
7122 70
44889 70
1641 77
2706 74
4011 84
802 72
7323 78
2502 85
56367 81
1223 86
55118 86
3949 81
3996 80
1246 81
1466 78
223 80
7153 85
357|20
4354 70
8998 70
27329 70
2804 80
595 78
529 82
4663 59
4091 76
1224 83
1242 85
34 77
208 62
58559 86
6296 73
30793 72
1042 68
2100 71
551 75
471 76
2067 86
358|9
26095 70
605 58
5066 57
52328 72
2226 70
42728 62
7361 84
69844 78
36525 55
359|15
405 42
1092 61
1101 60
51412 46
648 60
296 79
1097 73
2396 72
2424 55
593 80
2701 33
2942 41
1682 72
2530 53
4995 77
360|5
1422 66
1620 64
1488 66
1711 68
1414 60
361|20
47099 67
1580 61
377 63
1552 58
49272 67
1263 68
53125 65
589 68
49822 63
8360 61
318 78
2529 67
5218 62
6188 62
2422 53
3082 65
1732 70
1370 63
46972 66
7458 61
362|20
1945 87
592 76
6539 81
51540 80
5989 82
637 71
70 80
7153 87
1252 87
44665 80
407 77
6874 83
2959 90
1196 86
1208 87
8961 81
48516 88
7438 83
356 86
1201 86
363|6
1552 54
1732 72
1517 64
296 73
653 54
318 79
364|5
858 87
9 73
783 75
376 72
1 82
365|20
59315 57
81229 53
128975 48
6874 63
90345 54
158872 52
129354 44
103075 47
135536 49
70286 58
112852 63
76077 53
112818 47
1777 52
6502 60
155820 47
541 64
95720 43
93270 43
135569 52
366|7
116797 80
59315 76
33794 76
91529 83
2028 81
122882 79
7438 79
367|20
926 84
3061 77
1270 80
1287 82
486 63
3536 76
3824 59
2384 75
3072 81
898 93
3618 79
3225 68
2248 81
3157 67
3969 76
3717 75
1259 82
4023 75
1196 83
1258 82
368|20
3753 57
2112 53
1944 66
2986 49
3869 64
1214 71
2947 70
415 43
3035 70
832 50
50 76
2819 64
1801 58
2490 58
1917 51
1391 55
2193 61
225 55
161 62
2881 49
369|20
1256 69
785 62
47 70
2706 66
839 64
377 67
52973 66
743 58
4214 62
5418 69
3863 61
1372 67
27904 69
60069 72
2857 63
1967 70
150 68
2011 66
1580 65
3174 66
370|19
4011 76
4878 74
8961 71
6377 74
2628 58
1748 72
2116 68
589 75
2329 78
7438 73
3977 57
1676 65
593 78
4973 78
4226 76
1240 71
1089 77
8636 71
2716 69
371|9
2571 94
112512 70
1258 92
4090 88
56715 87
3000 96
4226 94
4993 92
1748 90
372|20
335 70
924 73
318 85
1603 43
1479 57
589 74
81 57
387 52
616 67
337 73
1220 71
1201 77
165 59
1243 78
1258 79
377 55
1401 49
450 55
1206 77
1306 53
373|20
216 68
60 53
169 15
350 62
585 48
44 34
371 65
163 67
616 71
198 64
265 68
25 70
6 78
733 69
47 76
2 61
736 45
305 51
357 61
141 68
374|7
296 80
208 57
1219 78
480 72
592 68
1258 80
1339 70
375|7
344 67
1027 72
32 86
2628 70
3256 79
4226 89
500 74
376|20
91535 76
2002 67
1214 82
1101 78
2916 80
33794 78
1198 83
349 78
1371 74
376 71
1240 80
1375 77
4993 83
858 87
457 83
4226 86
5952 84
344 68
2763 85
2797 81
377|20
4942 70
2793 54
1262 88
2791 86
748 70
1345 77
5027 69
5113 76
27692 70
3421 83
6021 70
3364 83
2072 69
8641 80
2163 66
92760 70
2858 87
1503 71
2124 76
2015 78
378|10
33794 78
7153 85
48516 86
3114 78
858 87
68954 83
91529 83
71535 81
90600 74
364 80
379|8
318 87
377 61
19 49
292 60
480 72
367 56
597 59
344 55
380|20
60818 70
172875 70
172881 70
172887 70
355 57
6979 74
5476 57
2735 63
68194 77
63433 67
72356 75
105731 62
1833 67
551 75
6731 79
27831 79
1665 65
393 54
140956 73
2791 85
381|20
2085 69
1088 67
3253 70
185 61
317 65
27808 66
1240 73
19 56
3753 69
4321 65
72011 73
3082 68
333 72
2140 71
1385 67
2273 65
1208 81
457 77
104 66
2716 73
382|20
1204 91
142372 63
135532 63
1201 88
112171 70
1198 88
912 89
81847 76
4638 53
63540 43
1681 53
170289 70
103042 64
72737 82
2496 59
357 71
81537 58
59501 64
101362 48
4890 63
383|7
2436 76
2541 73
2496 68
1584 80
2558 62
1246 81
903 81
384|14
3527 70
1388 41
2683 64
2502 80
4333 60
3098 69
4396 49
457 77
358 49
968 71
2724 33
296 79
3991 47
1204 81
385|20
736 51
1080 74
249 70
1219 74
1036 71
1136 76
282 56
1073 70
1200 74
1228 75
1022 68
1007 51
1201 74
1246 74
344 54
589 73
1023 63
1287 71
594 69
1303 74
386|14
110 62
410 49
112 51
165 55
223 60
648 52
185 49
608 67
485 49
305 50
44 42
585 50
349 54
10 57
387|20
4393 70
5156 70
5780 70
7336 70
26124 70
40966 70
2712 64
5062 48
1247 76
5489 70
4195 68
7132 75
2946 64
1387 77
3000 78
51939 46
4995 76
912 78
7938 70
1783 55
388|6
6158 70
63239 70
33615 67
86298 63
62999 71
8360 71
389|7
17 87
140 72
628 83
762 67
743 64
95 79
32 88
390|17
6344 70
64957 66
4239 77
5220 53
1193 80
2571 82
9010 73
2291 76
5296 48
4226 82
7254 72
6377 79
63062 72
1206 81
2329 83
4014 71
1784 74
391|20
5575 70
500 59
3994 66
1213 86
516 60
199 75
4027 79
150 73
1408 76
4014 65
1527 77
1059 73
2916 72
4973 87
357 64
555 78
5026 77
4936 53
1210 85
3067 56
392|5
3004 48
2858 74
707 51
1198 77
1125 64
393|20
91658 73
102125 74
48394 77
36517 72
8636 76
110102 77
44199 76
5388 68
54259 73
4848 80
5669 76
1291 80
68848 69
86190 70
2571 83
1206 81
122892 73
106642 85
1625 71
106489 69
394|5
588 67
316 54
344 50
225 50
457 73
395|13
329 59
1025 64
296 75
160 57
208 57
173 53
485 57
355 56
520 57
595 65
126 51
48 59
367 57
396|6
1276 75
1597 50
1777 59
44 29
204 32
2081 64
397|5
4017 76
8645 76
1701 78
8228 77
6993 76
398|10
6408 70
1197 87
5971 81
7022 82
1198 84
60069 82
2455 75
1136 84
48516 87
82459 80
399|8
1198 83
110 79
5445 71
1196 83
593 84
480 73
1270 80
2194 79
400|9
608 88
356 90
2571 91
2959 94
7153 91
1221 90
3578 88
858 93
59615 72
401|15
5952 76
6297 70
55768 67
48982 69
166461 70
49274 59
50872 73
32031 69
79091 72
170939 70
38038 73
8360 70
3114 73
33615 67
1136 77
402|10
1084 83
597 75
52 75
329 72
296 82
586 69
315 70
1036 77
434 69
527 84
403|7
110 76
2427 62
3210 67
296 79
61465 55
1663 73
180 69
404|12
204 60
349 64
474 68
34 67
364 73
508 67
105 62
593 76
509 65
277 60
315 58
185 60
405|20
70708 70
293 81
7254 77
37731 82
2959 87
345 77
1213 85
7134 70
64614 82
6023 73
1241 79
2329 85
1247 82
3052 76
68237 81
1199 83
27592 77
27664 74
3418 76
1215 83
406|5
1586 56
135 52
56949 56
46972 62
724 56
407|5
7153 84
2959 87
6539 79
1240 77
54286 76
408|20
1198 87
122904 85
44840 79
165101 75
6618 82
1291 86
1210 89
89745 84
1278 86
7324 80
44 70
8641 81
115210 84
103596 70
68554 81
2571 89
109487 87
63131 77
80489 84
4649 80
409|20
2485 43
2490 69
2028 84
3812 66
1278 83
2997 83
296 85
1078 72
3016 65
1073 79
2683 70
2289 81
3846 72
912 86
2013 49
1911 47
2352 76
1230 82
2541 69
3174 75
410|20
389 70
3224 84
318 91
2302 73
4002 81
1060 78
4297 70
3263 72
1859 75
111 85
58 84
2145 75
3255 76
2321 78
3504 87
3948 76
11 77
4019 80
3 74
597 77
411|20
508 69
261 73
586 57
432 52
353 70
431 71
194 65
318 86
272 72
515 71
356 80
266 62
257 63
349 65
10 67
31 59
344 57
227 49
455 47
122 48
412|20
2828 53
2384 67
2915 74
903 80
608 82
2720 39
2858 83
1883 69
1307 80
1214 80
1784 77
2239 88
1 80
930 86
1136 84
2710 56
915 77
2398 83
17 79
1079 84
413|12
2706 83
1198 89
3753 84
2424 78
593 93
128360 88
4993 89
16 88
5574 82
3948 82
64957 80
2959 95
414|20
4458 70
4666 70
5285 70
5635 70
6033 70
6493 70
6563 70
6628 70
6797 70
48319 70
58879 70
169992 70
3802 50
3599 69
1600 75
8666 24
4975 68
7444 62
4081 49
177593 87
415|19
296 83
1213 85
4321 69
3507 80
4308 72
47 80
1021 49
111 83
2617 64
1276 84
3861 64
4369 65
99114 82
1221 84
63082 81
1234 82
45722 72
1197 86
175 83
416|11
5952 66
5951 46
531 51
1296 56
1199 66
1721 54
830 48
1206 68
7323 55
4848 67
3677 55
417|14
778 88
4995 87
4975 74
7254 78
1198 89
106782 84
27773 86
168250 79
1625 76
7153 90
74458 83
110102 83
48394 84
4878 87
418|19
356 86
296 86
63082 69
104374 76
1276 85
1136 85
117176 76
1573 64
137337 64
1682 77
5816 69
88125 76
74458 69
367 53
89745 82
45672 54
87869 77
7361 88
54001 79
419|20
4093 70
111 82
46976 75
27822 67
2858 80
319 76
6287 71
3578 80
1213 83
64969 73
47 78
79592 72
34319 72
89580 70
60756 77
27704 70
90943 70
2412 64
1240 76
52245 69
420|20
1161 75
4993 81
45499 73
923 82
26693 70
48385 72
1927 84
5608 78
2052 68
6934 70
7022 81
3979 61
59295 70
2329 84
54259 76
1131 80
2762 78
4973 84
5669 78
527 84
421|8
2858 84
909 80
5008 89
953 84
1178 87
2313 77
2478 65
1203 86
422|19
2539 55
2710 46
4947 57
4971 61
5039 71
4925 70
2581 49
4916 56
1265 77
2804 77
3053 70
2665 70
1283 81
4835 67
2908 72
3943 54
1213 83
2670 58
858 85
423|5
1653 79
110 79
2194 78
5349 71
1320 64
424|20
1193 78
141 70
2804 74
40278 74
608 77
108729 70
293 76
69122 75
1092 68
54503 75
58559 79
3186 73
66097 71
778 77
5679 68
3176 72
2288 74
2174 70
71668 72
112556 74
425|20
45517 66
377 70
2329 79
733 70
6 75
1645 66
8368 75
2081 69
4306 73
1680 75
1909 65
367 63
46723 69
1625 71
1036 73
4901 68
750 82
2353 67
1342 61
145 63
426|18
59784 74
150 76
471 72
337 73
54001 75
1197 81
6378 75
72641 75
4886 75
8644 72
37729 71
597 75
5444 73
91325 75
588 76
3247 68
4022 74
79091 73
427|17
4887 41
5463 41
5015 60
110 78
58 73
5528 56
6348 42
5312 54
2710 49
5696 52
4993 80
5266 55
2683 64
5400 51
5816 67
1208 82
5574 53
428|20
2471 38
2762 66
3827 46
1089 68
2953 42
2916 58
1380 49
1997 58
3440 31
4022 61
317 42
4255 39
1208 73
1391 48
6377 64
2581 43
260 74
3285 44
588 61
653 45
429|12
339 80
421 76
150 83
225 80
165 83
266 78
329 76
252 81
279 66
317 79
237 78
204 65
430|12
923 81
2987 72
3745 70
6287 68
2858 80
6365 68
2571 82
4447 67
4014 74
329 65
2076 75
4446 71
431|5
172 43
1625 49
1376 53
3948 59
802 43
432|20
1831 61
5630 74
6870 74
8640 71
6539 74
3916 81
5989 76
84189 70
110 75
35836 70
4886 75
2762 74
1206 79
49272 75
19 60
318 83
58559 78
69481 74
7158 71
33660 75
433|5
91529 64
1089 71
50 74
5299 53
110 69
434|20
1136 86
3147 86
1090 82
1265 82
5989 80
1101 57
1779 46
586 54
344 56
3863 52
1208 88
3160 77
589 81
780 49
6796 60
2791 84
4226 87
2194 83
8665 73
1291 84
435|9
2353 78
44191 87
485 74
3510 82
34405 84
2302 76
158 68
82459 85
48780 87
436|20
204 56
435 50
440 62
432 56
161 68
480 70
377 64
531 62
536 61
502 48
364 75
235 68
371 63
344 57
2 65
585 57
450 61
587 65
437 50
227 52
437|20
748 67
318 97
5 55
640 52
1299 85
1120 77
1396 78
1246 87
454 71
1171 76
1225 92
1183 81
1097 84
1307 86
1268 77
592 77
198 75
155 59
112 69
246 89
438|20
7154 59
2501 73
8966 65
27801 78
1527 74
6711 80
3898 55
1784 73
8644 66
6367 70
2424 63
3889 54
223 76
1517 72
7361 82
2641 59
5009 61
2617 63
3753 68
2393 66
439|5
356 83
4022 74
7153 83
78499 83
1240 75
440|7
8690 70
541 82
29 79
1653 81
1274 80
3174 73
1235 88
441|9
589 91
2683 79
2959 96
4306 88
260 91
296 91
51255 90
47 88
68358 88
442|5
2908 28
2881 6
1186 32
3752 21
4361 17
443|8
2329 86
79132 83
296 83
48394 77
106487 78
108190 71
7153 85
63082 82
444|9
356 84
592 71
208 55
21 68
111 80
110 81
235 73
296 83
344 60
445|16
2028 78
590 70
34405 76
47 73
116897 78
780 45
4011 76
899 77
593 80
33794 74
1080 77
45722 60
17 63
1230 72
306 79
2710 42
446|17
237 54
339 60
300 72
296 82
480 71
368 67
288 65
172 53
17 70
16 74
357 64
150 70
434 53
153 56
648 62
593 83
337 76
447|16
257 78
293 82
337 79
531 74
382 75
589 84
552 74
253 77
362 80
532 71
292 78
31 78
474 81
540 71
442 78
160 75
448|373
2368 70
3284 70
3933 70
6302 70
6476 70
7245 70
48262 70
49688 70
75803 70
75816 70
78116 70
79590 70
86593 70
92198 70
98908 70
100326 70
102819 70
104760 70
108715 70
109191 70
111680 70
113416 70
116207 70
116985 70
129657 70
130083 70
133377 70
136654 70
138546 70
142424 70
151777 70
152658 70
157130 70
158022 70
161290 70
164375 70
53996 67
136778 70
5418 74
288 67
88356 31
2580 74
155358 70
2889 76
4034 80
148888 33
81156 75
2713 42
103335 47
95441 60
34048 57
80126 48
3057 70
1057 65
2794 46
33830 52
8665 72
6059 56
110553 43
90374 69
151501 70
3764 41
6143 52
103819 53
4361 68
104913 65
3986 39
5528 54
1196 84
105351 45
83349 46
3276 70
1090 78
5349 70
587 61
106330 53
4677 56
95508 70
109895 32
110611 70
671 63
2289 74
152077 75
80693 42
111360 46
170 64
87444 53
94323 44
8493 50
3671 75
91653 59
4981 70
2991 66
78034 70
119145 79
5099 52
4299 52
2567 53
6996 22
109864 43
6582 69
73017 73
370 48
543 66
115617 74
590 77
154065 70
5553 46
41569 70
3286 30
6645 75
589 79
1920 45
2857 67
111663 55
78499 82
2657 66
6537 57
1148 78
46974 55
48516 83
80241 51
445 45
4262 78
3689 39
114935 74
6428 55
127194 70
109673 41
127096 63
89388 70
4156 70
3793 73
33679 56
2014 42
64285 71
3968 52
49530 76
3450 61
160563 56
5502 59
8169 72
6314 42
122490 70
3386 73
140725 54
4896 73
2642 40
127136 62
2763 69
2520 70
457 80
48783 76
3263 60
5400 51
5541 56
4011 80
58351 70
127132 70
152091 52
3698 62
435 30
4799 61
84152 79
3401 32
2858 81
3174 70
7076 71
106542 70
6218 49
2860 38
1283 83
3618 71
2616 46
90439 59
2404 29
4660 70
2530 49
26386 70
4327 62
3030 81
71464 54
32 80
91529 79
4158 43
99114 77
98585 65
93326 55
2268 75
80489 79
130576 49
105504 78
2791 80
50601 51
7007 55
4234 48
3623 50
80727 50
78467 30
8641 72
4128 73
106782 77
2537 38
112138 71
3247 48
112818 43
2027 35
3101 45
5779 70
82202 42
1704 82
98296 70
6863 61
89305 52
4203 69
1201 81
6212 41
637 42
84954 52
6814 70
94864 60
67695 61
159077 70
92439 61
6812 33
3156 52
802 54
118354 70
134130 79
138036 67
65135 70
52975 62
4368 35
90717 53
45722 66
79259 70
68157 82
4233 26
74458 70
3258 51
1262 82
3949 79
101025 31
69526 39
1831 38
1083 55
1884 76
1476 70
156609 32
3755 50
111659 41
4734 55
161 70
95201 70
135887 49
2598 53
87232 78
4634 69
5334 39
5459 45
146730 70
72694 70
157432 70
132488 70
4558 46
1375 64
6424 70
71518 54
2716 76
94780 41
3593 16
129354 37
158 38
1409 42
6514 70
2881 40
51662 71
90522 48
68554 53
2126 56
122932 70
93510 67
137857 71
125916 39
2953 50
2090 57
1760 18
480 73
58803 67
2109 70
50792 41
46062 38
85510 56
80864 70
112171 61
122900 72
2587 49
1527 76
117529 67
4993 82
92264 49
5247 62
533 47
912 82
26464 70
2249 65
4678 62
103772 61
114601 66
96861 40
420 37
59615 63
2349 74
109372 59
95207 50
348 71
19 46
136020 42
4502 39
91094 49
138208 53
3511 41
79428 56
2643 23
109183 70
2139 72
4212 70
5942 62
96417 52
112852 81
99728 48
89470 71
142448 61
64983 51
2640 75
2046 53
4881 76
3882 43
3744 46
1032 70
116799 71
5 39
4040 39
157407 70
2115 71
1617 82
4367 35
105254 49
3388 41
3760 57
2146 53
2968 78
6281 55
466 47
96448 46
86332 74
64969 69
115170 70
1036 77
3397 71
2474 65
1408 76
155743 70
106920 85
8542 70
120466 72
2051 36
7143 72
7150 48
89087 36
34150 47
2253 47
2973 75
449|8
1917 48
2502 78
4034 76
1222 78
2770 48
762 33
2011 61
2324 76
450|11
3977 67
589 84
110 84
3363 80
3535 81
3948 75
3409 67
1035 83
3568 70
358 67
1259 83
451|7
733 79
593 89
7 68
5 68
494 78
25 79
17 83
452|20
4025 82
2858 92
2617 89
5292 86
1206 94
1676 83
3219 83
47 90
3101 81
163 87
1092 83
1917 86
2126 77
1356 89
552 83
2628 86
1200 91
608 92
2707 85
3273 75
453|20
208 71
858 88
2335 73
4022 79
3618 79
1617 85
3452 74
1357 82
112 73
2671 80
1884 80
1894 70
2294 72
318 91
1614 72
3534 74
2959 89
798 77
5266 71
780 78
454|9
7361 84
2692 79
7116 69
55820 80
6016 84
27773 79
2160 81
2858 80
26131 76
455|12
272 76
432 60
367 63
590 78
253 72
364 79
555 76
252 69
110 79
225 67
588 75
597 68
456|9
1407 74
634 58
135 71
5 71
724 74
780 78
733 80
260 84
706 70
457|10
329 60
3593 30
2692 78
1356 79
223 76
2394 72
2701 42
3608 56
733 71
2094 64
458|12
597 80
185 75
10 83
380 80
95 79
454 81
300 77
595 82
153 73
587 82
150 83
552 74
459|6
79132 88
5618 90
8961 84
48780 87
50872 84
260 90
460|17
89039 70
4886 83
4703 64
3831 78
1441 73
4878 87
3483 66
8970 81
1 85
49272 85
40815 83
85414 73
68237 86
76093 87
47610 79
63082 85
2571 90
461|6
74458 69
2762 68
1036 67
91500 63
3578 71
539 62
462|20
26838 70
89090 70
164655 70
188189 70
1136 71
1219 69
158966 73
1248 77
508 68
1653 71
1674 70
8917 63
8620 59
3424 76
2146 68
7044 69
3814 73
1213 75
82857 70
26131 67
463|7
6377 83
2028 85
4310 73
3753 77
2006 72
1092 72
5995 85
464|20
1370 69
58025 60
63853 52
296 86
2019 87
3527 76
5254 67
7007 71
1101 68
1779 62
377 68
1653 83
55820 85
648 68
33493 70
1610 82
65088 73
74727 74
1617 85
62374 72
465|20
2941 86
2987 78
1200 86
3448 80
5060 83
1299 84
3703 84
3649 55
1625 73
292 69
904 89
3101 70
1754 82
750 91
1256 82
593 90
3732 73
3740 83
3334 85
377 69
466|20
5418 80
30793 76
79091 75
92259 86
5989 79
5459 71
318 87
63082 80
59784 78
5010 79
74458 80
6281 76
5952 80
8529 76
64716 77
68954 80
4993 80
45447 75
81845 81
55247 81
467|22
41 70
58 70
389 70
466 70
527 70
593 70
780 70
1183 70
1233 70
1357 70
1365 70
1408 70
1721 70
2028 70
2125 70
2324 70
2334 70
2384 70
2390 70
2393 70
2394 70
2493 70
468|7
592 69
349 71
1 76
317 68
296 79
32 76
165 71
469|20
3658 70
3832 70
3507 81
3032 80
2736 83
2132 80
1958 84
910 86
1090 81
1485 57
1388 53
2321 67
1234 83
2081 72
1193 84
36 79
2908 76
909 79
2023 69
3255 70
470|16
253 72
318 87
110 78
588 75
282 68
5 62
597 69
32 79
595 73
592 70
500 69
26 77
356 82
357 69
434 64
300 72
471|6
2571 78
8874 75
527 79
1 73
8360 69
7147 70
472|6
58559 88
3450 75
3298 78
2840 68
1221 87
858 89
473|8
4979 74
2959 87
60 53
7147 69
6281 57
3897 78
48322 78
2596 73
474|422
638 70
2179 70
2697 70
4046 70
5114 70
5311 70
5353 70
5455 70
5601 70
6201 70
6273 70
6382 70
6407 70
6592 70
6912 70
7702 70
7826 70
7832 70
7839 70
8057 70
8446 70
8458 70
8459 70
8611 70
8650 70
8774 70
8938 70
1466 72
6708 69
2940 73
2616 48
2334 46
7139 71
4218 70
371 67
750 81
2935 72
8645 73
5481 53
6370 72
25865 70
2553 73
912 79
2467 75
5548 64
7301 72
52967 60
5945 65
480 71
1983 42
3462 72
1068 70
8600 72
6650 70
8482 70
6791 76
4016 67
1784 72
3668 72
3977 51
8961 74
4160 65
30820 66
6984 70
2750 66
5034 54
7716 70
2612 70
4419 76
1300 73
4187 70
1187 65
6565 76
272 74
5440 70
25937 63
1099 66
3125 70
5826 70
5649 70
7256 78
4912 70
6016 81
1208 79
2083 75
3385 52
2310 69
3360 74
3163 69
1413 67
4081 47
1643 69
968 72
2116 64
26965 63
5954 73
1263 75
5116 70
3536 66
8778 62
63433 58
2952 71
318 84
3394 49
1200 76
3384 75
4356 74
932 78
7698 72
516 63
4873 72
48385 67
39869 77
1902 70
2641 54
7036 53
2181 66
4638 49
31116 76
2455 69
2146 63
628 71
3897 74
1030 53
4022 71
344 55
3196 78
92 50
237 54
6770 68
3259 65
3368 59
26151 65
1293 73
34072 69
3044 70
1639 71
5944 66
6539 74
477 67
7361 80
55687 70
58 75
4014 69
3467 74
8154 75
4191 64
2134 65
4644 70
4293 65
5013 73
1399 62
1196 79
2918 74
5899 48
4465 68
100 53
361 59
3341 75
8921 70
195 57
3789 70
4709 60
1588 56
3468 81
4678 66
2723 63
2118 74
1939 76
7019 61
3147 78
1792 53
33903 72
1682 72
41566 62
1693 69
1957 74
5021 61
2313 70
3870 70
948 71
47099 75
3447 71
6614 65
216 69
5619 70
3987 41
5060 74
3111 73
45950 72
32584 59
5525 70
2567 62
5956 70
7 57
1172 80
3217 66
8331 70
587 64
5238 63
1189 74
2416 70
832 54
3095 72
7386 71
1223 80
7058 70
5246 47
5418 72
27803 77
26 76
4002 74
1135 64
45 69
6945 68
2411 50
2520 70
7347 66
5375 70
5673 69
3039 71
7833 70
33781 63
720 80
2103 46
33154 76
608 76
1327 37
101 77
7061 70
5451 62
5682 63
5434 70
6609 70
31658 77
4578 51
2009 69
4704 70
7572 70
4929 51
3306 74
6334 63
5379 75
5437 63
42418 70
4128 72
7451 72
2786 44
2243 70
27846 75
6197 52
3264 52
3608 54
5603 71
6124 59
1222 79
1663 73
3566 56
3755 54
2628 52
4815 56
2089 69
7102 62
27706 64
7013 75
1348 70
45666 48
5755 61
4055 68
2058 67
4462 44
1544 48
2405 53
4998 70
273 56
1977 59
1732 77
7822 70
7073 70
41527 71
4787 66
1676 65
3708 65
6669 72
317 56
25940 70
971 77
7366 54
3115 75
7026 57
2710 49
50685 72
2114 73
3809 58
3516 65
2770 52
535 62
4878 77
5992 74
41997 74
1083 59
4487 64
7293 72
1016 69
2006 62
1007 55
4993 77
3412 74
5007 70
3929 56
6639 69
8712 70
1876 51
3546 70
34359 70
7579 72
7325 71
6837 70
2634 66
7753 63
8943 63
8385 70
4308 67
3246 79
3745 67
1148 79
42002 64
50740 70
3952 64
1927 80
7581 57
910 78
3948 66
54881 76
1284 75
4007 72
5341 64
3675 76
52975 71
6244 63
965 76
454 64
1247 77
7215 67
1282 72
8207 71
6242 66
6502 78
4509 58
3528 74
2391 72
4262 74
4039 56
42018 50
3271 74
976 70
48394 72
5384 70
5168 70
1358 71
6534 47
8773 70
2384 61
48780 77
1269 77
4600 63
2642 50
111 77
933 80
3578 76
5297 43
944 65
6020 70
2123 55
748 58
4896 71
5380 71
53953 61
3712 61
25996 70
1997 73
4464 69
4085 65
51540 72
2707 65
2069 72
6710 71
1488 58
6378 73
928 80
3038 75
7116 67
44511 70
594 71
1962 71
421 65
4316 44
2761 77
4823 57
892 71
1345 67
5294 75
1408 70
6579 68
3272 60
3421 72
3844 68
6787 77
37736 73
2249 69
1610 74
2468 43
3498 73
4902 70
6268 73
5225 75
5404 75
929 70
25999 70
7835 70
805 68
4126 65
475|20
6539 87
4993 91
87232 87
40815 88
5816 90
8644 85
81564 85
4701 88
81834 90
6564 80
68791 86
111759 91
7153 93
1527 84
71530 81
4896 89
106487 85
112852 90
3578 89
82461 86
476|14
594 79
34 78
380 69
158 51
153 59
586 63
440 69
364 84
378 67
357 73
224 75
165 72
296 87
11 70
477|20
34 77
913 84
3100 81
2105 73
1271 77
1207 84
70687 41
2174 75
45672 65
4571 79
3973 42
4226 86
1103 87
5291 78
348 79
3593 27
1 82
1274 83
6502 85
59615 69
478|5
1917 49
3114 66
594 66
1584 60
1101 54
479|20
5365 70
4488 68
524 73
1025 74
3707 52
1220 77
4010 70
3244 72
3526 76
4092 47
1968 75
4700 65
4003 74
3671 78
2671 64
341 70
2012 69
2542 79
454 65
2384 57
480|20
43914 70
2700 76
8533 69
2193 67
2797 73
3484 45
2571 82
1210 83
2596 67
8866 43
47610 66
6306 63
5379 74
2018 68
7153 82
3911 75
44191 75
38061 82
5673 67
380 58
481|7
1608 57
1687 51
1629 53
1729 63
1620 46
1597 49
1485 47
482|20
2068 71
8985 64
1036 71
474 72
1042 64
4389 59
780 69
27706 65
3211 70
1610 71
4367 64
1374 70
1220 69
1602 58
653 64
592 67
30812 70
4862 62
8361 63
8529 65
483|20
105325 70
783 63
2541 70
2959 88
109971 70
45722 71
1199 84
50872 79
2000 77
4306 80
69757 79
2683 69
2273 67
1588 62
109487 84
66934 81
1721 73
2328 52
68522 70
8972 73
484|20
93320 70
1438 69
6155 79
6944 81
2706 80
33166 79
6874 79
3697 73
1059 80
76293 74
919 81
2762 78
1821 74
837 77
5810 78
1753 79
3254 81
4718 69
2413 80
3646 66
485|5
588 79
161 77
253 75
292 73
231 66
486|12
653 72
47 82
110 84
153 69
474 81
95 76
288 76
329 73
161 80
318 92
292 77
6 82
487|12
27611 60
8961 60
318 75
1198 70
31658 61
1197 69
6539 54
5445 55
116797 65
4027 60
8874 62
86377 68
488|20
720 83
838 76
608 79
1223 83
26 79
5135 75
2109 71
7720 64
7303 73
4014 73
5995 80
457 79
105 60
1136 81
272 77
1269 80
3176 71
1278 79
1125 73
910 82
489|20
79536 70
86000 70
4848 76
736 38
8387 16
4700 56
45666 37
4720 61
2683 62
2021 63
2389 28
1619 56
950 67
58559 79
2236 59
2167 48
1616 46
247 77
376 54
2717 53
490|20
46578 72
89492 68
81591 70
91077 69
60074 38
5816 62
4144 74
54001 71
1 71
1784 69
7153 76
4993 74
89759 63
86320 35
60128 54
76251 63
8368 71
69122 63
2006 41
78499 74
491|13
106782 87
69757 83
7293 84
27808 78
4246 81
3948 80
104374 88
86833 79
140110 85
8529 80
180231 70
4306 85
88405 78
492|20
736 79
784 72
628 80
858 88
852 79
64 73
990 79
830 79
743 72
62 83
52 80
1499 72
66 74
1210 85
881 73
1474 69
1405 77
724 79
1047 77
65 74
493|13
2985 60
4444 61
2916 66
1275 68
2571 78
1527 73
2028 77
3793 69
2167 54
1215 77
4701 55
2924 73
260 80
494|5
1196 87
4498 46
3578 84
2028 84
1210 86
495|20
140523 70
115149 84
1259 86
1721 77
136562 77
80489 84
19 61
50872 84
231 68
102123 74
52319 77
7254 81
7360 84
8528 81
1645 75
46578 86
30810 81
2918 84
148626 89
56775 70
496|6
1221 75
99149 60
858 77
904 74
8865 50
114713 64
497|11
1193 70
112556 68
112290 67
1916 63
92259 72
2329 73
112552 73
1258 73
2762 68
5349 62
111362 66
498|7
344 67
231 68
648 77
10 81
300 79
356 87
316 74
499|6
1202 76
2337 62
38304 81
327 52
56286 64
1304 81
500|18
2599 69
2987 63
543 57
2700 73
2542 70
1265 73
2916 63
356 79
3301 57
1784 70
1914 56
595 62
2355 59
3536 56
1885 48
322 60
838 58
720 71
501|9
6 72
62 64
93 59
45 66
3 60
637 57
11 62
18 67
662 55
502|7
7236 68
1077 75
4412 32
3469 54
2001 57
2520 70
1777 60
503|19
7455 70
7361 78
4878 74
356 78
91500 64
593 78
527 80
858 80
4226 77
1259 72
1342 56
2877 58
92509 56
90866 66
500 58
441 68
48516 77
2858 75
48394 72
504|18
4995 82
5812 76
2321 73
1 80
3556 80
7153 84
6708 73
1288 82
6927 70
4033 78
4700 71
6565 80
342 70
3408 76
6879 71
4361 76
5952 82
5955 68
505|7
1241 77
4105 78
1029 74
74685 69
273 63
6502 85
54999 77
506|9
59258 51
54272 65
37741 68
56782 80
62293 59
51834 51
49286 55
112556 74
61024 68
507|5
165 64
266 61
253 67
377 63
593 79
508|5
2872 49
2011 42
1952 54
1175 54
898 62
509|20
26958 70
130073 70
2028 74
87232 71
33830 57
5313 51
48 57
2090 58
2080 62
6942 73
8907 50
6156 55
5816 64
39 60
3988 53
6807 71
7458 60
1196 76
45447 54
616 66
510|20
1882 25
7026 38
35836 57
494 44
1198 75
514 62
457 70
2935 60
858 77
2699 39
317 36
8949 62
2918 61
145 44
1262 73
6787 70
1208 74
372 42
1242 76
40819 61
511|11
2959 92
53953 71
115149 83
164179 89
6534 63
99114 87
92259 90
318 95
2324 88
1653 86
56757 82
512|10
480 76
150 75
349 70
47 80
350 69
442 63
457 82
50 87
317 63
593 86
513|7
5952 79
318 87
2174 68
235 70
1304 76
1220 74
1080 78
514|20
1335 70
5704 70
62586 70
168358 70
180263 70
1704 82
2005 77
2792 60
2013 45
1673 83
134130 79
76093 81
1333 75
58998 77
68157 83
2406 68
3210 69
54503 78
4855 77
1644 36
515|6
33794 87
2028 92
527 96
91529 96
58559 95
2959 98
516|26
260 70
457 70
480 70
647 70
708 70
1042 70
1090 70
1197 70
1198 70
1954 70
1958 70
2021 70
2259 70
2268 70
3052 70
3471 70
4027 70
4291 70
4306 70
4321 70
4322 70
4333 70
4337 70
4349 70
4361 70
4429 70
517|20
4306 54
53125 43
1265 56
165489 70
97938 48
88744 48
86880 42
4148 39
26761 70
3398 50
1293 50
3988 38
2858 62
4963 49
1204 67
1704 61
47629 53
7669 54
1206 62
46578 59
518|5
3101 60
2657 70
783 60
1876 54
6365 62
519|6
1704 91
356 88
140110 86
6378 85
7445 83
1968 86
520|20
7266 70
318 94
1049 76
59315 81
4995 86
32 85
2716 81
4333 74
1291 85
1732 86
4085 74
2723 72
3081 75
3994 76
33493 77
135 63
2393 74
60516 62
2406 75
1584 82
521|8
661 69
112 67
86 75
104 70
58 81
79 57
52 74
852 64
522|20
99114 81
81932 78
89492 78
63113 67
2959 86
1193 81
1375 67
4993 81
223 78
27611 80
76060 75
180 73
59315 77
1617 82
10 71
67255 82
2023 69
6187 77
318 88
127098 77
523|15
168252 98
8970 91
5989 93
318 102
91529 97
1721 85
293 94
65261 96
4270 89
3147 97
27731 88
134130 93
31696 82
527 97
101962 88
524|20
1356 78
150 71
552 60
748 61
344 58
442 63
253 69
1225 80
20 57
589 76
1242 81
544 58
173 52
1302 68
380 65
457 77
1020 64
788 56
193 47
466 57
525|20
120807 70
317 62
6863 63
8622 70
33004 67
7147 69
2396 72
40815 73
137337 68
1639 70
1968 72
91869 70
45880 65
2100 63
339 65
4886 72
50872 73
86332 71
8983 72
3996 76
526|12
593 86
55247 82
46578 81
176415 70
1295 65
90430 77
4014 80
2352 80
176413 70
215 79
81845 83
51255 83
527|20
2137 79
3114 82
3210 77
3016 77
2161 82
4571 79
2118 82
3421 81
455 65
2867 79
2450 59
1909 76
1214 82
4299 78
736 77
2477 76
588 82
4016 79
1259 83
2533 75
528|15
4886 68
2278 65
80906 64
4037 63
1240 69
64614 73
3821 32
150 66
1291 75
80463 74
593 79
99813 66
85342 63
48516 78
58559 79
529|5
653 57
135 53
65 50
62 64
733 66
530|6
292 71
500 71
300 75
586 67
593 86
11 72
531|5
593 87
590 81
919 80
480 77
1215 84
532|10
1721 76
4863 79
457 85
290 85
1245 88
1242 88
2023 77
2329 89
1304 85
517 74
533|8
1200 87
6502 89
79132 89
46578 86
93840 87
4973 92
2455 81
66934 87
534|20
116724 70
97913 75
94953 79
2003 75
2167 75
7569 77
153 73
1485 76
65514 81
104218 73
344 70
2571 84
5445 78
95875 73
112818 72
82461 75
96610 77
2987 74
138036 77
1566 77
535|6
2571 74
2581 47
2700 69
2688 41
2583 69
2882 36
536|8
232 74
272 73
356 81
335 70
225 65
150 71
434 60
589 77
537|10
80906 83
367 74
7153 83
53322 77
104218 74
97304 84
6539 76
318 88
89745 77
105504 81
538|8
595 86
3671 86
80549 86
4039 78
69757 85
5047 91
44889 70
66934 88
539|8
4306 76
6753 69
5218 72
50872 76
88 68
3301 73
4886 76
69122 75
540|9
2598 75
2959 90
1073 80
8874 85
1681 66
2183 78
2841 76
2747 68
1196 88
541|18
590 78
457 79
413 55
15 59
110 79
595 72
597 63
480 74
356 81
203 64
529 78
357 69
22 68
345 75
546 41
586 59
281 74
350 67
542|20
6539 73
30793 60
5299 64
2542 75
34319 61
33679 57
4963 73
5481 52
1997 71
4025 50
3623 51
924 75
4369 54
6378 71
2571 80
7254 68
41566 61
37733 70
7361 81
45517 59
543|16
73881 82
1702 76
595 85
3301 84
231 76
2378 79
2379 75
86882 81
6377 86
588 85
377 86
48385 79
2571 89
4526 75
4388 77
92259 92
544|22
1 70
3 70
14 70
32 70
40 70
62 70
68 70
95 70
116 70
619 70
626 70
648 70
650 70
694 70
736 70
780 70
839 70
1042 70
1047 70
1059 70
1105 70
1356 70
545|5
1438 60
1267 83
2763 78
1367 66
44 57
546|13
1270 76
3328 74
480 69
1970 64
2456 61
1976 63
589 73
2657 64
1673 77
3941 70
3959 69
3566 65
1977 64
547|5
1211 80
2859 81
2917 84
1394 83
1288 84
548|26
69 70
260 70
356 70
733 70
1196 70
1393 70
1477 70
1621 70
2571 70
2716 70
3263 70
3578 70
3916 70
4776 70
4899 70
5955 70
6874 70
7458 70
8531 70
49910 70
58559 70
74532 70
80862 70
122904 70
125916 70
168712 70
549|5
2571 76
2028 71
4226 75
1210 73
589 76
550|6
167296 70
102125 79
106782 84
116797 84
112852 84
122882 82
551|20
5010 74
34162 73
60069 77
1544 67
45186 71
103772 72
51935 68
4226 77
2353 72
7153 78
5989 75
135569 70
115149 72
88129 71
134130 75
6934 71
47 73
4701 73
2959 81
98809 71
552|20
2916 69
3317 76
1405 49
2953 46
2245 59
2944 78
2890 73
2125 61
508 73
3948 64
5349 68
2959 85
2857 65
173 39
2991 65
2871 75
2628 44
4308 64
4878 80
3101 46
553|17
55765 88
3481 83
1923 81
2571 91
4011 90
50 92
3949 87
1089 91
44199 84
5513 70
2231 85
2395 82
3052 82
61257 70
1221 90
33166 86
2959 94
554|18
1196 86
1022 78
2820 70
1207 84
1517 76
1282 78
1210 85
1760 54
2282 70
1225 87
907 74
1358 77
2096 77
1028 81
593 87
608 83
953 84
2324 85
555|20
790 70
3664 70
1 80
3111 77
3395 74
104 67
1334 55
2506 68
2072 61
4002 78
1266 82
2641 60
2256 62
2791 81
2701 43
1333 76
1320 66
337 78
1393 75
3526 77
556|7
162600 77
122890 74
3081 75
88125 81
588 82
72998 78
74789 74
557|6
648 75
231 67
1291 78
260 78
1210 79
150 78
558|12
5329 74
5064 76
4903 75
2297 76
2568 75
4993 79
4306 77
367 74
5283 74
1097 75
4164 73
5294 80
559|20
552 59
608 79
355 49
329 61
544 58
1527 74
173 51
377 65
745 80
174 48
529 76
350 67
349 68
533 59
836 50
1210 82
420 50
786 58
227 49
253 71
560|20
5839 70
91535 65
136018 55
67997 71
79132 76
3253 68
142558 70
2355 69
39435 63
1527 71
40414 72
64614 75
48744 68
56587 73
593 79
76251 69
84944 70
109313 70
5878 78
40819 73
561|20
168174 70
5308 53
78469 55
3703 75
60069 74
91535 57
2105 63
73017 69
5445 66
2000 71
83134 73
79132 74
79592 58
80463 75
89745 76
527 82
8972 61
353 70
33162 65
68157 78
562|20
27140 70
6870 81
6377 82
2580 85
1249 85
4776 78
36529 85
1259 82
1982 81
2268 83
2133 83
83134 82
3210 78
48394 77
30707 83
33836 66
2692 81
88163 83
99191 70
1240 81
563|20
61071 70
70932 70
80858 70
919 74
74450 54
588 74
5943 59
118997 61
86833 73
1197 83
128832 70
85397 62
45221 56
33499 58
7380 69
96821 76
81784 58
95307 52
65585 71
55250 57
564|20
50942 70
356 80
31685 70
131013 73
61024 73
79224 68
87869 73
500 71
108156 69
81784 68
93270 61
6188 70
106918 79
65230 71
67087 71
80693 69
94677 69
8984 70
73266 69
2671 74
565|6
590 78
231 61
19 57
21 68
50 83
539 70
566|15
648 67
10 71
231 61
329 63
342 68
141 71
203 65
345 77
39 67
497 78
265 71
588 76
708 67
353 75
2 70
567|20
8189 70
26743 70
92681 70
109897 70
152071 70
5690 63
136602 51
122888 70
6333 56
1274 64
122922 46
153070 70
151687 70
117877 70
108928 47
954 68
122924 38
27773 66
648 41
135887 29
568|23
50 70
147 70
296 70
356 70
480 70
593 70
765 70
1103 70
1104 70
1257 70
1298 70
1895 70
2313 70
2359 70
2863 70
3053 70
3148 70
3261 70
3363 70
8169 70
46723 70
63853 70
65088 70
569|5
231 71
50 89
380 79
588 82
592 77
570|20
208 52
8636 72
48516 79
1225 78
586 57
2683 62
457 75
1196 78
110 75
4993 76
7361 79
1198 77
1079 76
10 67
3793 70
1391 59
589 74
380 62
527 80
185 54
571|20
1331 70
2982 70
2366 65
1128 50
610 60
2902 51
1998 33
3696 50
1980 70
1987 70
70 58
1924 52
2279 37
1327 36
3732 53
1972 36
1278 75
1644 34
2327 70
1978 37
572|20
1961 83
2570 70
2788 84
2321 74
111 86
904 90
2987 78
2302 68
1834 86
2539 66
2917 86
1307 84
1 84
161 80
3421 82
838 79
1356 85
2006 70
3167 79
1953 83
573|20
89745 84
72998 80
3752 78
356 88
7293 84
6754 80
8665 84
32587 83
1073 83
88744 83
1127 83
68954 87
98809 82
2640 83
48516 91
71535 86
59369 80
60069 88
88140 81
1562 59
574|23
47 70
110 70
150 70
153 70
161 70
185 70
225 70
231 70
292 70
296 70
300 70
316 70
318 70
329 70
339 70
344 70
380 70
410 70
434 70
588 70
592 70
593 70
595 70
575|8
2566 64
2580 76
296 82
2581 61
2572 70
2542 78
2574 48
2598 64
576|5
849 54
1321 59
1373 52
1479 58
2289 67
577|20
2415 70
1183 69
1288 76
1129 65
2944 74
2194 74
733 67
1213 79
2076 69
2020 76
1262 77
1931 73
1391 57
2987 67
952 74
1909 59
260 79
919 70
2248 68
1270 76
578|6
6751 70
52668 79
45668 72
830 70
72407 62
75446 70
579|15
3174 77
2485 73
1022 77
2018 77
838 84
1917 76
1391 72
596 75
1573 77
2965 70
1653 82
2599 78
892 77
2687 77
595 79
580|20
5767 70
6583 70
480 72
8844 70
6989 70
3809 65
41569 67
3699 66
4041 67
33166 73
356 79
508 70
8376 66
3578 77
608 77
3785 61
3089 79
1320 63
54286 71
1201 78
581|8
7153 89
5995 87
4973 91
116797 86
3949 86
4306 84
109487 87
6377 86
582|12
91529 85
2959 87
116797 81
4993 82
5618 84
2571 84
76251 76
69844 80
104841 76
48516 85
97752 75
76093 82
583|12
8533 69
88405 61
2706 65
117590 70
317 62
60756 69
6942 74
595 69
46578 76
104 63
2694 59
7451 72
584|17
288 79
22 82
203 77
315 75
500 80
316 77
539 82
234 70
296 88
257 81
434 75
586 74
338 78
349 81
282 79
480 84
590 83
585|13
3173 77
1228 89
54503 84
2959 92
428 83
1405 72
7254 82
441 85
1805 78
296 88
27373 70
5325 81
79132 87
586|20
34332 81
4016 85
111659 78
106002 84
149406 83
167036 82
45499 83
136556 70
5445 87
117851 80
1291 90
71264 86
106489 82
135436 83
3753 88
2640 87
3147 92
122916 89
3793 87
101362 73
587|20
1234 80
628 78
2012 75
534 77
2002 69
1641 75
236 75
1376 79
2622 76
1541 70
3260 82
497 82
3082 79
445 70
3448 76
2574 64
765 73
691 65
329 73
3406 76
588|12
50 82
16 74
20 51
356 81
350 60
198 64
593 82
364 75
163 66
253 70
223 73
3 55
589|8
1092 73
318 95
590 85
373 80
586 70
587 77
527 91
337 82
590|20
924 76
8807 67
2371 59
38061 82
81834 79
40815 74
4890 57
903 76
5 43
3624 62
555 75
4047 74
51662 71
2085 66
419 48
595 69
329 57
2376 63
3635 68
2398 80
591|11
2908 69
2706 62
2712 64
2355 68
3615 55
3578 76
2394 68
3798 58
356 79
223 73
2724 44
592|19
514 77
2 75
153 66
415 60
110 82
177 75
420 64
380 72
44 58
788 66
588 79
163 75
204 62
610 76
39 73
419 62
253 75
432 64
240 58
593|20
1196 75
1073 68
1086 72
1617 72
4034 72
41566 54
1197 76
344 50
8368 71
339 52
2959 77
8961 67
5816 61
2797 65
4896 64
588 65
595 61
5952 72
377 52
141 61
594|20
7031 70
2671 81
7115 77
1616 77
5943 67
1188 80
2269 76
1733 78
4902 77
6996 65
780 80
1429 77
6140 77
7046 76
39 81
595 81
799 79
2028 81
8482 70
7169 79
595|5
265 84
50 94
1186 88
1199 91
1966 82
596|20
33649 70
43744 70
182793 70
129397 56
128908 70
1 75
142488 80
122922 71
4310 60
71838 56
4025 56
2501 72
110102 75
149406 65
2774 70
5502 64
8665 74
6537 60
2571 80
345 73
597|20
1799 78
490 64
3040 78
2529 85
2858 89
903 87
3039 81
2000 82
1291 88
357 73
1228 91
1845 89
2411 48
1580 71
1148 89
1198 89
2723 70
485 67
592 78
2692 86
598|5
56367 82
8360 76
593 86
114265 70
103543 71
599|496
26142 70
26567 70
26590 70
26676 70
26854 70
27595 70
34800 70
53450 70
60803 70
69131 70
74696 70
79895 70
84523 70
87960 70
92674 70
98799 70
102735 70
102852 70
104017 70
105020 70
122433 70
157865 70
158874 70
160978 70
161044 70
174727 70
179053 70
1801 52
6035 57
3387 43
33437 49
112 52
5995 70
167706 70
4394 70
836 38
7235 54
8809 54
102749 70
89087 38
42011 41
432 42
471 60
5628 56
1015 45
2 55
2269 46
69 59
3947 37
79091 51
104837 70
4037 57
7587 58
6881 48
1449 63
7225 63
81229 51
68952 62
4728 46
5081 54
33966 70
1779 45
3669 70
87197 70
170297 70
79057 57
95965 70
55207 70
4007 56
1220 67
80831 58
46723 55
71282 65
7757 55
3259 50
92309 54
1376 56
7192 44
4654 44
101423 70
53468 43
62662 70
3174 59
3698 53
2882 36
2359 64
1183 62
2792 53
1095 63
8387 29
53125 51
115713 62
2949 62
2471 41
3 48
1231 63
3861 46
240 38
1480 53
2301 62
1445 37
8045 70
586 49
2942 37
1185 65
4594 70
2474 55
3671 64
3196 65
64839 65
98697 70
2606 44
1777 56
5309 44
7022 65
4873 57
541 72
27311 56
43921 61
67734 55
4240 70
5026 61
168 39
33493 55
4125 35
7354 57
207 53
1094 56
742 45
1609 47
1042 47
3362 66
4553 55
4632 50
2278 61
468 48
122904 63
75416 70
42718 55
4285 43
79274 58
1794 70
45081 42
108192 70
3489 53
3503 63
89804 54
163809 70
577 38
3071 49
1204 76
3981 39
95771 70
45382 54
6548 48
59387 59
166528 67
168492 72
6691 70
605 46
424 37
2991 58
248 39
97950 70
3865 53
1216 51
342 54
35836 59
27772 41
176419 47
151781 70
277 48
6320 41
39381 57
5111 70
4090 54
2450 34
2676 57
2356 42
79702 62
1597 48
410 50
1721 58
3702 55
183301 70
1387 71
2072 47
26729 60
2393 52
4247 38
4591 47
1032 59
3087 49
1895 55
634 31
210 44
2074 59
51575 42
3505 65
5247 51
481 46
4215 36
1355 35
2657 57
2028 69
4011 67
420 39
552 48
1196 72
2395 59
5303 57
1752 42
3186 61
4310 44
1784 65
3200 73
7254 55
688 43
473 38
1079 68
1552 46
1148 64
1544 44
63113 50
2325 53
26649 56
6804 70
161 58
4109 44
34332 41
1653 70
4808 41
7707 70
3468 68
502 30
1221 74
1792 46
68319 47
6787 69
2119 33
3884 39
4254 30
3973 32
103609 70
8934 70
5377 66
42632 60
55290 60
4506 49
7840 59
5568 45
1689 45
7005 70
103228 56
59947 70
786 44
4351 46
172253 70
4679 50
1411 67
117630 70
1590 51
112623 60
3146 35
8984 49
1920 43
519 31
179817 66
3979 44
3741 57
44020 44
26630 70
7285 57
3030 68
1021 35
8638 58
87 48
7153 73
2877 49
2018 59
3173 46
5198 70
7101 52
7701 28
3213 62
26159 56
2339 70
33896 56
2000 65
4006 56
136562 54
37382 49
6645 62
171763 73
8528 59
27008 70
4017 60
4167 46
86142 57
1249 66
3255 59
736 44
2779 53
84414 56
27773 67
2083 64
98499 47
4034 69
119828 70
1993 38
94864 52
6631 37
2321 47
26242 56
3703 69
41566 53
2529 67
1968 64
8914 66
3257 42
159403 70
1036 66
76093 69
5103 54
6947 59
1952 68
2124 53
4084 44
6016 70
778 73
81 49
2171 58
1253 66
4275 47
7982 56
3723 52
849 46
2681 52
6565 61
39414 46
122916 61
6440 64
8917 60
72011 54
1605 46
1240 65
923 70
68157 70
5961 70
5053 70
3571 55
2403 57
3871 69
44238 70
72226 62
7004 44
2054 44
62970 48
5159 46
354 61
122924 49
48774 68
1394 70
3763 54
70286 68
1904 48
3969 58
81562 53
102590 70
233 58
4155 44
1031 55
76 46
459 41
1097 64
1178 69
60291 59
3328 57
1232 57
3036 50
5283 49
4327 51
610 57
2726 64
4732 37
5970 49
2396 60
594 66
1247 71
45499 56
3476 55
2399 41
137218 70
1997 60
3271 59
27801 65
6365 51
1799 57
580 48
122900 59
2803 45
80219 46
466 43
110882 55
3997 32
26176 70
2378 49
117895 35
26662 69
90603 56
119218 70
44 35
809 34
1960 61
4519 48
1959 59
414 37
1073 67
61236 57
1479 52
4019 66
1245 67
37857 66
161032 70
371 52
3020 59
88593 70
6774 63
2005 65
90405 50
26285 70
6793 32
627 52
1617 70
6734 39
108090 70
2427 50
51024 55
122922 54
3440 34
6874 72
4919 53
338 46
81591 66
1704 72
1499 32
357 51
62155 50
144 50
34148 58
53519 47
4504 70
2796 44
216 59
6827 39
1429 50
7445 48
1385 45
90471 52
8425 70
10 57
26542 50
7387 63
72998 60
89470 59
3629 67
1297 67
3424 65
1672 59
44761 65
196 41
70703 70
2383 42
180 61
4040 38
6333 61
4440 52
5291 63
88235 50
1639 61
4580 36
153236 70
86190 55
4477 37
103027 70
32291 56
34811 70
5171 40
122260 70
8784 63
5954 61
8798 64
707 42
880 43
314 55
61323 59
600|20
3269 50
1394 73
3785 50
2717 52
5569 59
4306 67
1206 75
56775 52
2015 56
7 49
2013 49
262 67
1210 78
1060 70
2431 55
2077 60
2423 61
4641 65
527 76
5076 53
601|20
141846 70
68157 88
1262 88
106782 86
60069 87
49272 85
5445 81
1193 87
1207 87
79132 87
904 90
166024 81
1917 76
7153 89
2324 88
170697 75
31658 88
5989 84
88810 88
2571 89
602|20
161 65
19 52
350 63
494 63
14 65
471 65
125 64
434 55
235 66
481 58
315 52
371 61
474 67
527 79
21 62
349 63
440 60
339 61
480 68
163 64
603|20
602 70
803 70
2008 70
2577 70
3459 70
4787 68
2912 78
1769 52
485 62
4420 70
920 74
1 78
2706 67
1844 72
3787 73
1222 82
190 61
2716 75
3983 81
101 80
604|20
220 70
292 71
151 71
329 68
410 65
426 71
435 57
316 67
22 72
235 72
181 58
332 66
273 62
637 63
285 70
173 61
588 76
23 69
553 79
1 77
605|20
35347 70
6787 73
1197 77
5667 70
42738 59
51662 65
7373 65
596 63
780 60
4571 67
2316 65
7454 53
150 67
60040 60
8977 54
3269 56
72982 70
1210 77
62376 52
60937 50
606|20
263 70
563 70
583 70
3808 70
4671 70
4840 70
5856 70
6111 70
6573 70
8685 70
32728 70
55805 70
3147 82
4392 73
2311 73
6308 53
50842 75
6591 81
8270 75
2025 76
607|20
891 70
1610 76
448 75
3147 82
1094 73
1307 79
592 73
204 63
1552 72
527 82
3476 74
296 81
2313 72
3440 60
423 67
1518 75
2118 78
2193 75
380 75
2028 79
608|20
52245 57
2997 74
3793 69
2763 69
174 42
2000 69
1214 73
919 70
2700 71
4161 61
5146 64
1639 67
541 76
473 51
2529 71
522 71
4343 52
1909 60
2431 60
1220 70
609|8
296 76
833 47
356 77
339 60
454 65
318 82
208 57
292 60
610|20
5953 70
58975 70
70206 70
78626 70
82765 70
97988 70
107447 70
107462 70
110591 70
110746 70
118082 70
139655 70
160341 70
86644 61
56801 49
61024 80
77561 74
4816 73
62434 72
3972 82
