1|20
260 83
1927 83
804 81
3 80
1009 79
2406 81
1587 82
3671 83
2617 79
3053 83
2571 83
1222 83
2137 82
1377 79
2395 82
2761 83
2641 78
2872 82
1258 83
2700 83
2|6
333 78
122882 81
71535 82
46970 71
58559 83
80489 81
3|8
5764 70
647 44
6835 70
5919 47
2851 36
2288 52
5048 25
4518 40
4|20
106 70
1291 78
3408 62
265 68
52 64
4347 67
2467 72
908 80
345 70
1304 75
1923 66
2959 81
368 65
1219 79
4765 75
1199 80
4166 35
1732 78
21 63
2858 80
5|9
515 76
1 74
364 76
608 81
290 72
261 73
34 68
318 82
21 65
6|20
349 78
318 83
775 70
141 76
348 79
104 73
327 69
410 71
165 76
87 69
366 69
17 78
1084 81
222 78
16 81
416 58
277 74
460 67
867 60
316 73
7|20
8528 67
3623 44
8636 71
8360 63
1517 64
466 46
8373 42
1220 75
7155 44
8808 50
6863 59
31878 60
1610 71
1219 76
4700 53
45668 54
8970 67
27741 71
6333 69
8865 46
8|10
356 80
47 77
231 59
318 82
454 70
292 64
32 80
141 69
380 67
252 65
9|10
5451 55
923 79
5890 56
2901 57
922 78
6044 70
1987 70
5378 54
3735 73
5447 56
10|20
597 66
33679 61
8533 70
8969 57
72720 74
88810 77
136020 56
6377 76
5943 51
109374 77
113394 70
61250 48
82167 50
140110 67
5377 74
77841 70
6942 78
1028 78
72330 70
66203 52
11|13
733 77
1584 76
1210 82
170 72
1438 59
648 74
1918 64
493 79
10 76
457 81
1693 75
150 78
1923 77
12|7
2717 77
2100 78
838 81
2072 80
1876 78
2581 78
6942 83
13|7
3717 67
3624 68
3798 69
2174 73
47 79
3893 75
305 63
14|10
344 62
477 72
110 80
540 59
597 72
153 58
592 70
4 46
539 73
105 65
15|20
91529 74
7438 78
111759 72
2329 78
1 73
1909 61
1240 73
115713 74
1200 75
293 75
2571 76
3949 75
120466 66
1198 80
2028 78
2011 64
158 50
160980 70
4306 73
4022 69
16|20
1230 75
78499 78
913 82
1136 80
1299 75
1617 79
1203 79
3429 80
2858 80
608 81
3683 78
4002 76
1199 80
912 80
2707 63
5782 79
1260 72
319 69
27773 75
2109 71
17|20
260 83
64839 82
296 83
5952 82
527 83
1193 83
3681 83
1240 82
2717 74
2858 83
1093 77
81932 82
5618 83
50 83
5971 82
2959 83
1201 83
541 83
82459 81
1 82
18|20
8117 70
65596 70
88094 70
145283 70
157110 70
166015 70
171023 70
103253 63
60684 80
44199 78
2 71
86628 68
59784 70
2918 79
109374 81
4226 82
53129 79
139385 78
47 79
1291 81
19|20
3692 70
3662 47
54 39
2733 43
1702 45
1240 68
1270 74
3712 47
1881 47
216 61
3 49
1834 72
2184 54
3017 53
2044 42
2354 43
2005 61
3146 37
3387 40
2694 50
20|20
1566 71
5419 63
4014 70
2140 74
586 60
661 67
3189 76
5014 76
1333 78
4161 63
3784 57
1030 59
5313 52
2804 80
2054 55
34 74
1097 78
6358 70
4519 67
1722 62
21|20
107013 70
117922 70
140301 70
57640 78
2985 66
2990 68
2717 59
5418 76
31433 59
112175 78
7153 81
30793 62
4446 69
52973 73
45186 69
2023 71
79185 62
1721 67
102125 72
5459 58
22|20
8961 53
2723 41
60950 40
64575 49
1193 66
70286 49
4993 67
2160 62
39183 47
7147 50
3996 55
3481 48
55765 53
48780 57
7361 68
51540 52
6711 62
2968 56
3949 59
48394 55
23|20
6234 70
3996 75
293 77
1206 80
1136 80
1960 70
7587 69
3424 76
3181 73
2467 72
1248 81
1617 78
6807 77
1952 78
6440 76
1258 80
1243 74
1080 80
8228 68
1711 59
24|20
1784 72
2617 60
111759 75
134853 78
58998 76
1265 77
1198 81
3147 81
1197 81
1220 79
2424 61
5418 76
72011 71
54286 75
27773 75
64957 68
356 80
44191 77
1682 74
68358 76
25|6
58559 83
60069 83
74458 83
79132 83
527 83
260 83
26|21
10 70
34 70
47 70
150 70
153 70
165 70
185 70
208 70
225 70
288 70
296 70
300 70
344 70
349 70
356 70
380 70
434 70
454 70
457 70
592 70
593 70
27|20
1196 81
2478 63
2640 75
3508 82
3555 72
1201 81
3519 67
969 80
2080 70
673 58
2886 38
2529 79
1387 81
1101 68
1947 72
1250 80
1276 82
3114 79
1083 67
3809 69
28|20
27450 70
60943 70
61011 70
63033 70
5617 68
59369 56
60046 70
507 53
3300 58
55094 59
59018 70
26695 70
2951 65
3006 68
2231 64
5418 65
26812 57
2058 55
353 65
61167 70
29|17
98961 80
7379 75
1250 82
1201 83
111362 81
48516 83
1100 60
26554 81
3441 76
4327 77
2872 79
2301 79
1617 82
3681 83
55820 83
4223 77
99114 81
30|7
5952 83
108932 83
1200 83
91529 83
116823 82
112852 83
1198 83
31|10
1198 83
1200 81
648 74
1363 65
1073 79
1036 80
1197 82
377 74
1246 82
1270 82
32|20
236 74
314 78
1356 80
357 74
224 75
627 71
1079 80
1084 80
318 83
761 60
1197 82
849 68
912 82
880 62
1198 82
58 80
203 71
608 82
497 80
410 69
33|20
110 79
17 73
2396 73
2272 57
448 69
428 73
265 73
1280 79
1177 81
1617 80
50 82
261 77
11 75
452 56
345 75
608 82
150 75
1188 76
800 80
2690 75
34|18
780 67
2273 63
3717 61
26606 73
45499 67
3996 76
4310 58
3624 62
31685 64
1721 67
5146 60
7090 77
70 71
2006 60
3000 78
4306 76
27728 50
3997 50
35|5
11 80
185 71
595 80
21 78
300 79
36|12
5171 40
3066 64
552 47
4025 40
1262 71
2735 40
2359 53
1372 47
1278 70
2194 64
3347 61
1704 68
37|5
344 73
356 83
661 77
329 77
457 82
38|16
434 52
39 60
223 75
161 65
246 77
168 49
273 52
480 67
356 77
457 74
364 74
50 79
500 61
300 67
551 65
21 63
39|20
2571 81
2391 78
1921 82
1862 46
1219 81
1907 76
2081 75
2459 71
924 80
2529 79
1729 77
47 79
260 82
2080 72
592 72
296 82
3213 79
610 75
589 79
596 71
40|20
440 76
454 77
588 79
339 75
158 64
432 61
431 79
186 66
616 78
514 78
21 76
592 75
1 80
223 82
585 66
216 78
104 74
371 79
111 81
267 68
41|20
96829 72
64839 70
122882 71
6287 47
1569 56
106920 77
86781 73
3160 68
1721 57
2028 76
6763 38
5418 70
53519 50
122904 69
55247 69
924 72
4011 77
2324 73
35836 64
5995 75
42|20
3869 77
4654 64
1021 56
2423 77
3248 37
4477 49
2500 55
1431 59
195 67
3326 62
2407 73
1090 82
2735 60
3693 61
1020 72
4545 70
4132 66
2263 61
3535 78
2805 61
43|20
225 82
296 81
596 82
588 82
587 82
420 81
158 80
631 81
5 82
597 82
168 82
355 80
47 82
367 82
519 77
594 82
236 82
1 83
60 82
259 82
44|10
36 76
663 68
12 47
661 64
94 79
1 75
104 64
112 65
494 67
889 70
45|20
2718 75
1036 82
2028 83
1653 82
1682 81
2396 79
3249 75
261 81
4308 78
329 75
1367 72
2890 80
593 83
1127 79
2431 75
6377 82
569 71
1197 83
1060 81
2858 83
46|9
590 82
588 81
315 74
208 74
1 82
432 69
225 79
434 74
339 79
47|20
508 64
68932 55
72395 59
2420 64
597 59
148626 71
5989 68
96588 64
69122 61
6155 50
4975 58
30749 64
106100 66
45950 63
2028 75
4018 52
1259 70
6373 53
33166 66
2407 55
48|7
4886 82
1320 78
1527 82
1193 83
3793 81
48 76
1653 82
49|5
2028 83
1214 82
139385 81
318 83
527 83
50|20
8143 70
114335 70
136564 70
142074 70
171759 70
175693 70
179073 70
175707 70
71264 52
82848 70
1377 42
44555 69
8157 59
6807 65
95543 42
8253 49
96610 58
924 65
32875 70
4896 58
51|20
7040 70
5620 64
2613 61
4437 82
2023 78
1500 78
522 81
858 83
4508 80
2951 82
1014 79
1407 72
2282 70
2420 81
3388 58
260 83
3186 78
3994 79
3501 64
2371 72
52|20
152081 82
51255 83
74458 83
1923 82
7438 83
40583 82
59784 80
55765 83
112852 83
86892 82
55363 83
112138 82
49272 83
52245 78
69481 83
50794 76
1704 83
54736 83
44665 82
47200 77
53|5
481 81
1100 74
249 83
1125 82
916 83
54|7
296 77
593 73
639 53
1 68
205 54
161 60
500 55
55|5
2407 55
673 45
3275 76
2890 65
4011 76
56|10
786 71
253 79
165 78
110 82
589 81
370 72
434 71
410 74
69 81
185 71
57|20
2140 69
942 79
920 73
3175 67
1784 71
3429 81
933 79
1193 81
3446 33
160 43
1499 25
2640 71
892 73
11 72
2947 77
6 78
2478 54
2291 74
1688 63
2301 72
58|20
588 79
282 75
185 68
419 63
367 73
277 74
48 70
280 81
337 81
345 79
3 72
357 76
527 83
587 76
218 74
500 75
508 79
368 77
364 81
353 81
59|20
1696 63
6460 83
3489 81
1188 82
1222 83
2076 82
3448 82
1263 83
1247 83
527 83
1244 83
904 83
903 82
965 82
2616 75
1953 83
608 83
105 77
912 83
3471 82
60|5
832 68
58559 82
805 74
455 60
858 82
61|8
266 76
1101 76
7438 83
173 69
555 81
2012 78
4878 82
3949 82
62|20
99114 82
176371 82
3793 81
56757 81
73017 82
30793 75
179819 72
68554 77
185135 82
168248 82
5903 83
4878 83
2028 83
5502 78
6058 69
344 72
1721 78
45499 78
41566 79
78105 74
63|20
5669 76
4246 72
48780 75
500 64
6016 78
31658 76
2858 80
64285 71
85414 68
1221 82
106696 69
4963 74
50 81
1097 73
260 81
110 77
1222 79
4979 73
5952 78
77561 69
64|20
5878 82
3101 68
2640 77
2959 83
8784 80
2054 61
4239 79
4025 62
5026 82
40819 79
266 71
2699 62
27266 80
3969 76
1805 67
6296 72
4776 80
3148 79
4262 80
356 82
65|7
1246 81
33660 82
7458 74
2329 82
4993 82
91542 80
3147 82
66|20
593 83
47 82
5418 82
922 83
2139 81
2956 76
3745 77
1956 82
4581 70
5349 80
1210 83
1094 77
2001 76
380 78
6539 82
671 80
1 82
6378 81
7766 81
296 83
67|8
99114 81
4306 81
27193 79
79132 82
60069 82
2012 78
4886 81
4993 82
68|20
47978 70
95218 70
6534 49
48696 74
67267 68
30825 57
1799 65
3556 74
8622 69
4351 65
63113 62
58295 65
7151 68
2413 64
6287 56
653 56
41566 66
5541 59
260 79
48043 71
69|10
4370 78
4848 82
3671 82
2476 80
1193 83
356 83
553 80
4022 80
260 83
3994 80
70|13
1193 83
1097 82
1914 81
1269 82
4995 82
318 83
8949 82
1968 81
1210 83
89492 82
1250 83
1235 83
2366 81
71|7
494 73
647 74
736 67
95 66
733 75
589 79
7 66
72|9
1047 73
150 80
858 83
2490 79
1357 81
260 83
50 83
1198 83
1196 83
73|20
1193 82
45720 74
105037 65
6333 79
59315 80
76293 67
138204 74
2706 70
152081 76
45221 51
68135 73
150 77
8376 73
93510 80
59784 70
116823 79
106072 70
1682 78
52245 64
35836 77
74|20
31522 70
2594 83
2908 83
30749 82
6870 82
3006 83
52281 81
49772 82
55118 83
2997 83
6305 82
608 83
4546 82
41863 82
27773 82
6001 83
1251 82
6552 82
46976 81
44555 83
75|14
5445 69
1240 73
5952 76
2193 64
6870 72
2529 74
168 47
541 80
3176 65
1962 67
2078 75
1889 73
1266 77
1374 71
76|20
48877 33
5956 58
2918 64
58803 57
1247 73
74458 63
7669 64
79132 66
8957 39
858 77
55820 75
1258 73
63436 32
1201 73
1208 76
48 45
288 51
34405 72
1 66
1196 71
77|6
3996 81
4973 83
7361 83
8636 81
3578 82
33794 81
78|13
296 81
165 67
3809 65
589 75
546 44
27904 72
260 80
590 73
480 70
68791 66
344 58
44974 66
380 65
79|13
3266 83
3029 77
589 82
1916 80
307 82
4005 78
260 83
1189 82
1345 80
2000 81
1374 81
2659 70
2076 82
80|20
7445 82
96691 80
84189 70
91630 82
49530 82
8950 83
6539 83
4223 82
5630 82
3527 82
76251 82
80363 76
52604 81
6502 83
34048 80
1221 83
60684 83
6952 78
5989 83
77561 82
81|26
10 70
32 70
47 70
110 70
150 70
153 70
161 70
165 70
208 70
231 70
288 70
296 70
316 70
318 70
329 70
344 70
356 70
364 70
367 70
377 70
380 70
457 70
480 70
588 70
589 70
592 70
82|20
6886 70
2381 58
2378 65
6566 62
368 74
6536 75
3253 74
4310 63
1608 69
1372 71
145 67
356 81
6708 76
1485 65
4369 66
6564 54
6888 52
5803 50
4015 57
364 79
83|20
56367 73
7143 73
7323 62
6539 69
161 63
586 49
2115 68
1270 78
6874 79
2324 75
1537 72
7153 78
68954 76
48774 73
30749 67
8014 75
1222 76
3753 58
1223 80
64983 54
84|20
55 70
987 70
912 81
1096 79
420 56
1227 81
113 55
580 61
5060 80
1293 76
900 72
1097 76
62 71
368 71
1305 72
1247 80
1296 74
11 74
1073 77
1094 68
85|7
1519 70
1624 46
1140 70
1694 59
1643 72
1747 72
1635 74
86|14
4993 83
4310 73
6947 80
2411 74
457 82
5418 82
3996 82
4901 80
1835 78
33794 82
1196 83
3555 80
1097 82
2687 80
87|5
4023 67
2009 74
3504 79
671 75
2139 78
88|12
7312 70
74795 69
4993 81
68157 81
5952 80
1193 82
223 80
8665 76
4262 77
56782 81
8677 65
58559 82
89|104
26645 70
32060 70
44851 70
53280 70
53578 70
67888 70
69211 70
81087 70
84246 70
103602 70
108078 70
109596 70
118894 70
121007 70
128089 70
128944 70
131098 70
131439 70
134847 70
140481 70
146684 70
148632 70
150554 70
164226 70
30793 65
169912 56
87869 81
1923 73
4015 51
950 75
173253 70
2324 80
27826 70
92259 79
11 75
3977 57
86298 63
8154 78
77688 70
2997 81
170837 70
49274 53
157775 70
1 78
142196 70
99117 54
62008 70
72624 70
108156 67
3752 69
2059 65
128520 76
3175 72
133879 70
48649 70
126088 70
5529 57
65588 70
99130 70
40962 52
1732 80
68659 73
91666 70
2683 67
3751 74
750 82
6650 75
149508 70
2395 74
51575 51
65230 72
171751 70
85881 79
139157 70
6863 70
4246 76
108949 74
1230 78
160567 65
73319 60
177185 70
130520 69
5220 58
121338 70
153386 70
50872 78
149566 70
145491 70
4890 64
129354 55
32243 70
84944 71
6402 70
1288 81
140133 70
119141 71
947 78
176621 70
4973 82
158398 70
69469 70
54503 79
141928 70
102481 71
90|11
1137 70
1144 70
581 82
81 77
892 82
1073 82
116 79
896 66
17 81
7 75
613 75
91|20
3013 70
6395 70
8147 70
7153 80
3360 75
2791 78
3897 77
1080 80
4850 58
3429 80
7000 75
2060 69
2916 71
1391 60
2100 58
318 82
2146 68
1225 80
1246 78
8501 69
92|5
2572 80
2114 82
1015 77
2454 78
1801 79
93|20
736 81
1917 80
552 81
1721 82
539 82
480 82
1372 82
368 82
2355 82
1923 83
2193 82
2006 81
339 82
1097 83
1591 77
260 82
2968 83
1676 82
593 82
558 79
94|12
231 54
377 61
367 56
364 72
288 60
19 49
10 63
586 53
590 68
380 60
589 71
318 80
95|20
18 79
4878 83
6979 79
4732 65
3019 82
5246 65
32 83
2952 81
1247 83
1198 83
5283 74
3361 80
1513 73
2009 79
539 79
122 68
1584 79
1240 82
4262 81
5349 79
96|16
527 82
1094 67
272 75
3819 78
150 75
2021 70
2571 80
1214 80
2058 69
1220 80
733 73
2340 60
1721 67
2396 73
367 63
1291 80
97|8
4701 77
4306 82
3578 82
4993 83
4963 82
4299 77
3981 68
4161 76
98|19
81845 82
8961 81
122912 78
5299 72
63992 48
187541 74
56152 79
134853 82
69644 61
6863 74
5618 83
56801 58
3499 81
134130 82
74789 66
82461 72
1258 83
88810 82
79132 81
99|11
318 83
161 80
420 67
592 76
196 62
122 66
145 74
150 80
316 75
236 77
588 81
100|20
497 82
296 83
1393 81
95 76
592 78
605 73
6059 79
28 83
2245 78
62 79
4308 80
1777 79
838 80
2125 81
1288 83
234 69
1197 83
2005 81
4014 79
4623 82
101|13
2580 78
3285 55
2723 70
2700 78
2908 78
2390 79
3175 71
2395 73
358 60
2702 63
3394 51
2997 82
2502 81
102|12
158 55
588 71
150 72
592 66
253 69
480 70
344 59
539 67
553 71
593 78
586 59
223 76
103|20
86014 70
1954 82
60040 72
1968 80
77206 70
2161 79
1732 82
81834 82
608 83
2384 73
4254 46
104 74
139642 67
56782 83
2096 77
101 81
6534 60
374 43
60069 82
30793 72
104|20
4740 70
743 45
5218 76
8643 65
1288 82
47997 75
468 72
76251 76
8533 78
4018 67
38038 78
1566 72
7361 83
6060 60
3034 76
1641 80
4641 77
108190 64
616 76
7034 79
105|20
4788 70
69685 70
95311 70
95313 70
110586 70
141816 70
141818 70
170597 70
172587 70
172793 70
173351 70
173535 70
6433 74
4974 77
70286 83
108981 70
95175 70
69122 81
1243 83
3916 82
106|7
69844 82
72998 79
59501 78
86880 76
5349 80
53125 79
59784 78
107|7
231 73
253 80
590 81
165 79
434 73
208 71
318 83
108|16
800 82
6022 77
4995 81
2585 77
5316 72
4975 75
3978 68
5349 77
2926 76
4246 80
4878 82
4994 78
1968 80
1684 67
497 81
5380 80
109|20
380 60
1033 62
231 54
364 73
589 72
480 66
62 63
31 54
587 62
1032 64
586 53
778 78
540 49
256 46
163 63
252 59
223 74
553 68
537 58
168 48
110|11
26171 60
2468 45
1198 82
1089 80
1222 79
1208 82
4881 76
47 77
527 81
1193 81
2428 51
111|20
100194 70
162602 70
171251 70
2145 68
96588 76
65088 76
66203 57
84772 68
2081 73
91529 79
6365 67
45666 54
3255 73
1282 81
6539 77
86833 76
122882 79
59143 68
86911 68
5283 63
112|13
788 47
161 68
1917 55
16 75
21 65
208 51
434 54
39 63
3717 56
19 48
110 76
32 78
70286 73
113|20
4083 70
39 68
3168 76
932 77
2331 59
3359 78
1086 82
3504 77
1339 74
904 82
3546 70
4063 43
4062 58
1077 77
1589 73
2475 60
3831 72
46 56
1733 72
4007 75
114|7
141718 70
54001 77
2291 76
167732 70
122886 80
8961 77
3147 81
115|20
1580 75
2804 81
1387 82
2792 71
3146 58
3273 56
3052 79
2841 76
2719 53
595 78
2700 80
383 70
2027 50
2148 70
2770 67
3785 68
2916 78
3175 75
588 78
1377 70
116|18
2716 78
858 82
1299 78
62383 66
1339 76
1276 82
597 73
1029 71
1101 70
2797 76
2657 72
1961 78
1407 68
5995 81
1704 81
165 73
2115 76
8360 74
117|20
708 64
587 68
589 77
151 72
36 77
1036 76
595 74
288 67
596 65
48 61
315 54
454 70
353 76
474 72
10 69
60 60
805 70
491 63
616 72
485 59
118|5
1221 81
1625 66
153 54
1961 73
1810 66
119|20
95441 81
117176 82
1092 80
91529 83
74458 83
4387 83
79132 83
168252 82
44022 80
78499 83
122904 83
106782 83
442 79
4993 83
31685 81
6365 80
141004 76
4148 78
88744 82
8644 81
120|5
260 79
32 76
5 53
631 55
52 65
121|12
497 74
440 64
161 67
527 80
292 61
344 55
186 49
316 61
1 74
19 48
163 66
337 74
122|20
27660 81
69784 82
7022 83
148652 78
4816 81
56174 80
94959 83
81591 82
71535 83
30810 82
2997 83
1732 83
108932 83
780 81
1090 83
3253 82
106782 83
72226 83
1200 83
1214 83
123|12
68554 75
115569 82
79132 82
109487 81
1196 83
4226 83
296 83
7153 83
143458 70
47 81
96829 82
2858 83
124|10
56145 80
2161 79
260 83
175 83
1358 81
6377 82
4226 83
3147 83
608 83
1223 83
125|20
5088 70
86721 70
110330 70
54503 82
72011 79
162578 82
119145 82
176371 81
55247 81
1240 81
86332 80
68157 82
112623 79
4082 60
160567 72
3342 74
109487 82
88140 80
98607 70
81562 80
126|8
364 76
349 69
231 58
380 65
410 60
300 70
253 69
457 76
127|5
2915 63
903 73
55276 67
5060 76
272 67
128|7
904 83
965 81
926 82
1066 81
1721 78
1080 83
1198 83
129|20
4370 78
480 80
3698 76
2692 83
2138 83
1968 81
8368 83
653 73
7143 82
316 76
6874 83
239 73
2916 80
733 80
4896 81
2028 83
3977 69
3000 82
1907 80
31658 82
130|6
208 62
316 69
292 69
110 79
590 77
296 82
131|14
2273 55
6947 63
58559 78
908 75
4878 75
89745 75
7256 72
68237 72
2722 48
2028 75
48516 75
3178 66
64614 72
969 73
132|20
6251 70
3275 74
4995 69
2987 60
7444 49
3262 59
4168 54
31658 68
44191 67
1089 72
3967 68
5502 54
50 75
58559 76
5992 69
2108 61
1844 70
2657 56
47 67
2470 52
133|7
454 56
356 70
589 65
150 60
153 44
380 52
527 73
134|7
442 66
595 78
349 76
380 73
367 70
509 73
296 82
135|20
592 71
4084 57
893 61
3994 75
2004 70
608 83
1358 80
3852 75
3489 74
1614 61
1198 83
4128 77
1883 69
2302 64
1291 82
410 65
1261 82
4022 77
4881 79
1077 79
136|20
161 75
193 53
585 61
338 63
277 70
380 72
181 51
337 79
437 53
165 73
611 64
151 75
340 69
252 70
432 56
552 68
350 69
280 78
273 63
150 77
137|20
6787 81
2716 79
1198 83
750 83
919 81
1270 82
318 83
150 78
2997 82
1200 81
6986 70
7153 82
1242 83
110 81
33493 74
1197 82
2959 83
1237 83
903 80
7762 81
138|5
2707 68
1960 75
1959 78
849 65
3996 78
139|20
4025 31
7445 38
60684 58
4865 43
68319 34
7090 52
5502 38
260 65
8371 36
53953 35
58025 34
106782 52
6957 40
7163 30
3827 32
3624 36
52722 32
54259 46
4367 29
115617 50
140|20
5699 70
5299 66
1393 72
356 81
609 66
32596 63
4795 67
34072 72
1617 80
5256 64
5943 55
1084 79
4337 70
3108 78
43396 75
4719 62
1005 46
4321 68
5812 77
4259 72
141|20
5418 76
54503 78
4963 75
2478 56
71535 79
317 56
68954 79
54286 74
6365 62
54272 73
4447 60
5502 64
6377 78
6373 60
1265 77
91529 77
2502 80
441 77
1517 69
48516 80
142|8
434 62
384 66
588 76
50 82
527 82
356 81
337 79
377 72
143|15
1721 67
61250 62
6942 78
7169 71
8533 72
106696 71
3421 74
87232 77
78316 72
69069 69
59421 61
2144 73
96821 73
7173 67
500 67
144|20
589 79
541 82
8368 81
597 71
590 77
410 65
1246 80
527 82
356 81
500 70
19 54
2700 78
434 61
733 74
780 70
1036 78
5377 78
552 66
586 62
2081 73
145|5
344 58
339 64
380 64
318 81
588 71
146|7
7293 64
3257 55
32 77
1367 57
3686 56
410 58
47610 66
147|5
1234 80
168 67
552 70
555 78
2395 74
148|10
88125 77
5618 81
108932 81
81847 74
72998 72
5816 74
8368 81
7153 81
81834 80
4993 81
149|12
1097 60
1374 62
1831 35
1527 64
260 75
173 37
1206 73
1200 67
2021 53
1580 54
1391 46
1375 54
150|6
3 71
1356 80
5 67
95 69
733 77
1073 79
151|12
786 70
562 80
780 76
837 76
747 70
1265 81
828 72
1073 81
1 81
648 76
1393 79
1359 64
152|13
50 82
2959 82
116897 81
89492 81
1193 82
69481 80
85774 76
115713 81
111 81
92259 80
1234 81
79132 80
318 83
153|20
134853 56
1732 58
8533 42
4014 38
81456 34
106782 50
8528 45
6863 38
87194 28
2617 31
1246 56
106100 48
1954 53
7458 39
4226 62
89904 50
72998 41
133780 70
586 32
36535 43
154|7
114662 77
119145 81
81834 81
122904 79
106072 71
76093 81
77561 75
155|10
153 69
3286 67
1200 81
260 83
141 77
2355 77
2384 74
2948 80
432 64
2959 82
156|20
26313 70
31038 70
1230 77
1711 64
3341 71
6296 67
762 33
2361 57
2076 79
4784 57
661 65
2926 70
8571 70
47 78
3176 72
58 79
848 63
866 80
1485 56
923 82
157|5
785 70
3617 60
2720 41
2770 61
527 82
158|6
1093 74
2605 70
2872 78
2723 76
2428 66
66320 70
159|20
2959 81
60069 79
45720 67
597 67
4022 72
89864 72
49286 66
140110 69
84954 59
4447 61
1197 81
68954 79
6942 80
1961 74
106696 70
480 71
539 67
166643 74
40819 74
63082 75
160|20
126 24
1371 50
1198 78
196 35
3408 55
5349 60
3213 68
2408 36
839 34
3593 13
2748 23
533 44
1975 31
1676 54
3745 52
2011 55
733 61
3826 32
778 76
2840 32
161|8
4980 68
7247 79
47610 76
1223 83
38038 78
3429 82
2144 78
2336 75
162|8
150 82
225 80
168 76
50 83
300 82
266 79
31 77
62 80
163|5
1608 61
1810 64
1747 67
1777 65
1837 54
164|8
1036 81
2916 79
110 82
589 81
3527 80
1101 75
1201 82
2167 75
165|13
2353 68
3624 62
110 79
5505 71
5527 72
3256 72
5956 73
5418 78
5530 64
5450 72
1127 74
3409 59
5881 68
166|20
33794 81
1721 76
4011 83
5378 70
3481 80
49530 80
2353 75
47644 70
54272 80
8961 82
1198 83
2542 82
1036 81
608 83
434 69
5219 72
5418 81
2396 79
349 79
2324 82
167|20
33493 63
4886 71
778 80
3052 70
7147 70
6857 69
45501 49
6480 70
1682 71
2231 72
784 48
33794 74
2083 73
2413 63
6333 72
8961 73
2139 69
150 70
6773 71
35836 68
168|19
3730 82
1248 83
1201 83
1089 83
296 83
923 83
1222 82
5291 81
3543 80
1302 78
3362 82
1148 82
3101 74
57669 83
2076 82
1729 80
908 83
85354 71
80463 82
169|20
3536 82
2028 82
364 83
953 83
4886 83
5400 80
8644 82
524 82
2795 82
1022 82
3114 83
3967 83
1517 83
1035 83
8641 83
6365 81
661 81
457 83
3287 74
1416 82
170|10
318 82
296 81
586 60
377 68
34 72
592 68
277 66
500 67
266 66
588 73
171|17
485 79
1220 83
1025 82
801 78
1259 83
1079 83
828 79
317 80
869 82
380 81
1136 83
1225 83
661 80
318 83
47 83
1198 83
1208 83
172|6
3087 69
3578 80
7438 82
2072 70
3793 76
2762 79
173|5
10 72
329 68
586 63
597 71
588 75
174|14
553 77
520 68
224 74
648 73
161 76
317 68
158 61
780 73
315 63
485 67
282 72
440 74
350 70
10 75
175|5
531 73
8911 70
43904 51
38388 77
8362 67
176|8
165 77
434 69
39 75
368 77
380 76
780 76
47 81
471 78
177|20
42002 66
91542 77
6332 65
3668 75
45672 61
783 65
27706 64
2657 68
114662 73
1206 81
83132 73
5218 72
508 74
3114 78
1321 68
2176 76
8798 76
88140 73
2012 69
339 66
178|16
7361 82
527 82
2329 82
5995 82
6502 79
4235 79
1198 83
208 61
6539 78
296 82
349 76
10 74
4226 82
1240 80
2579 79
318 83
179|14
367 72
589 80
161 77
231 68
288 75
743 54
1061 78
317 70
786 67
592 74
671 76
296 83
434 67
364 81
180|5
1261 78
260 81
1748 79
1242 81
2140 70
181|20
157 57
593 77
596 61
353 72
539 64
516 62
132 58
169 40
25 66
31 56
542 53
6 75
707 50
185 54
464 54
502 38
415 45
480 67
592 62
344 55
182|20
4879 70
6969 70
3911 78
2728 77
4313 70
8042 82
1291 81
3113 60
3578 81
1590 63
161 73
4452 54
224 71
4980 61
4262 78
2353 68
2890 76
1127 75
541 82
6041 78
183|12
480 75
380 71
1196 81
2951 79
2534 60
4085 72
1287 80
2194 80
3247 60
1233 82
2662 71
1408 82
184|20
158035 70
181413 70
193565 70
97304 80
74754 54
168250 75
191005 70
106072 68
166291 80
127152 72
86332 76
80463 81
5816 74
122898 58
81845 80
5810 66
170813 55
174479 70
112852 81
148626 81
185|10
1685 70
2396 68
5377 74
1721 63
5952 77
1393 67
595 71
2085 67
4995 75
899 76
186|20
2605 79
1214 83
1291 83
3745 81
1269 83
2527 82
2532 79
4361 82
1307 83
2968 83
4306 83
2541 81
1702 78
480 82
1097 83
3977 77
919 83
3527 83
593 83
1196 83
187|20
26122 70
3949 78
49272 77
231 58
1206 81
6874 81
1729 73
1209 80
48394 77
6502 76
2701 42
4027 76
288 67
2542 77
7153 81
39427 55
6890 76
1222 79
8949 74
1748 80
188|10
2346 81
1212 83
594 82
1282 83
3469 80
2396 82
1091 73
3341 81
1264 83
2206 83
189|5
48516 82
4993 82
79132 80
2959 82
58559 82
190|14
6711 81
4776 78
8784 78
4995 79
5630 74
4306 78
30749 76
1221 82
4975 70
8961 79
858 82
8464 74
69844 79
7438 82
191|17
496 70
21 68
72 65
175 80
494 68
417 74
17 71
6 78
85 66
292 65
314 73
58 77
235 69
213 46
161 71
160 52
162 79
192|5
356 83
288 80
316 79
349 81
432 72
193|7
44555 79
55442 77
4878 79
6016 78
307 76
1270 80
5618 80
194|5
163 75
1396 75
1500 76
1288 82
5060 81
195|20
3424 78
2770 54
1041 81
1653 79
1923 70
3160 75
4723 47
1863 47
2336 67
2166 41
4308 69
1909 64
260 82
2028 81
3252 68
2908 76
1392 67
1365 71
70 71
190 62
196|7
70286 81
3578 82
59315 81
58559 83
364 81
1214 82
110 82
197|7
1513 73
1240 81
1882 59
786 71
2167 75
153 69
1784 80
198|20
3894 70
3499 76
920 73
1213 81
3949 77
1994 68
1485 55
2572 70
4019 75
1089 79
110 77
593 80
4128 72
1270 80
4886 74
1079 78
2117 75
912 80
1573 63
1682 74
199|20
5464 64
2165 68
2280 51
736 51
5673 65
349 65
5502 57
482 71
8532 70
1172 79
300 67
50068 70
4881 72
3175 62
7445 58
2973 78
34338 59
41997 69
1956 75
377 61
200|20
3809 75
7022 82
50802 65
3968 71
2485 64
500 76
5610 60
590 81
1029 75
53996 78
2572 79
4993 83
4041 76
57640 82
1302 77
1784 79
6383 55
1653 82
1569 75
1517 78
201|20
1748 83
1527 82
1584 79
2858 83
339 78
589 82
2717 72
994 83
788 67
1196 83
2797 80
733 80
1259 82
2174 78
1198 83
2455 79
1569 77
1213 83
160 68
24 74
202|20
3329 70
924 81
29 81
2289 79
1197 82
1196 82
2966 78
161 75
608 83
1209 82
1296 76
3194 74
1784 76
469 78
923 82
2000 77
1587 75
1719 82
3147 82
32 81
203|9
56174 70
8665 77
2407 69
5952 80
590 77
49272 79
40815 77
333 75
296 82
204|17
1136 82
3949 81
33794 79
48394 80
27075 70
1080 82
79008 80
6104 82
8874 82
81591 77
4878 82
91658 74
711 64
2313 80
86320 66
55820 83
5218 76
205|6
912 82
99114 80
91542 80
5816 76
95167 75
96079 81
206|5
36 82
608 83
733 79
140 72
141 77
207|5
2991 70
2428 51
2707 61
3740 74
100 54
208|6
1210 77
2628 52
380 60
2353 60
2278 66
2762 72
209|7
60684 80
1291 81
68157 81
74458 79
185029 73
122886 81
88125 78
210|20
123553 70
34405 83
166203 70
3147 83
31696 77
7649 79
58559 83
2105 80
6365 78
34397 70
4625 66
84772 79
122926 83
76093 83
62836 70
33493 80
1584 81
47610 81
108932 83
122918 82
211|18
58559 82
63113 70
90405 62
57669 83
60684 81
7153 82
73017 79
2105 72
4367 57
356 82
2642 58
1556 35
318 83
44665 79
85414 74
1198 83
1136 82
260 82
212|20
170697 71
122920 73
122892 71
2571 79
5218 72
48394 78
3578 79
1196 80
135143 73
74795 67
179401 67
79132 78
77800 75
108932 80
110102 75
96821 75
8874 80
65261 75
59784 66
2291 76
213|17
3285 73
87520 64
80363 71
76251 81
8957 75
2860 70
1234 83
5419 75
51935 81
69844 82
39446 73
4132 75
858 83
69526 63
4558 70
49530 81
58559 83
214|5
83 70
628 67
743 40
1363 52
802 56
215|20
1172 82
4973 82
63082 78
1291 81
2028 81
3252 72
3210 74
1968 78
1247 81
49272 79
1089 81
72407 52
5650 79
318 83
1208 82
2000 77
1197 82
1196 81
1297 79
4019 78
216|20
104 63
21 67
3996 76
3946 51
2946 67
3993 59
3897 77
2599 75
34 70
3994 69
4034 81
3363 77
1965 70
3422 65
3555 68
3253 69
2087 74
3986 54
2018 68
1923 69
217|20
1867 70
3434 70
1275 66
2468 42
3197 49
1912 65
2302 54
1876 51
380 58
1221 77
2471 42
1918 49
1385 48
3165 61
1590 54
1562 40
1703 51
2056 70
1831 42
160 45
218|6
2657 63
2692 78
1380 60
1198 80
6934 54
5349 67
219|20
60072 46
2115 71
59315 75
6539 72
442 49
30707 78
1704 79
180 66
1219 79
1005 33
27773 74
56156 66
6188 65
6721 70
30825 50
2997 80
1552 50
1500 68
2890 70
1921 80
220|20
3996 81
733 78
1198 83
3994 78
6539 80
1258 83
1917 68
4545 72
33794 80
165 76
71264 77
4623 80
53464 56
5218 78
6365 72
3751 78
32 82
1036 81
5502 75
1591 62
221|20
4338 70
7013 81
8529 73
1080 83
3246 82
2871 81
1208 83
7063 81
2702 71
4029 79
5954 82
2352 80
922 83
2997 83
1278 83
2858 83
1212 83
1959 82
1961 80
3671 81
222|20
81831 70
100498 40
48516 76
1249 76
99813 71
91529 72
59900 51
93287 68
1721 60
2706 59
3273 43
2411 51
64622 61
7143 72
87869 74
778 78
30825 53
42011 48
673 48
64839 72
223|15
55854 70
6711 71
1 67
736 52
1961 65
457 68
2716 66
48394 67
608 76
8784 66
48516 73
3863 50
4306 66
260 75
2683 54
224|11
3496 70
3044 80
356 82
2915 78
289 70
3668 80
1270 82
2797 79
1721 75
2716 80
1259 82
225|15
2423 77
1285 80
588 79
1717 66
2791 81
1321 75
1136 82
1197 82
1753 75
2004 74
2371 71
1407 71
785 75
1060 80
3024 78
226|20
6938 70
32666 70
3552 80
542 59
1240 79
3098 74
2804 80
3668 76
3653 69
2231 78
145 65
2253 56
3052 76
2628 61
762 41
53129 79
4816 72
16 79
2144 75
46948 67
227|19
46976 80
52319 81
81845 83
109487 82
134130 83
215 82
48738 81
47099 82
1196 83
32587 81
912 83
55721 83
1682 81
750 83
778 83
40629 80
97913 82
70286 82
150 81
228|5
2571 82
1373 68
362 78
318 83
3113 71
229|13
34 76
589 80
377 74
45 74
587 74
5 65
475 82
442 67
597 74
364 80
213 57
110 81
527 82
230|20
34330 70
52715 70
47 71
7438 77
527 78
3147 77
45499 58
6537 54
2291 69
1387 75
6863 58
1485 50
595 67
4022 66
2096 61
588 66
4034 78
1676 59
8644 60
2641 51
231|5
92259 80
858 82
593 82
1198 82
109487 80
232|20
31867 70
41769 70
57526 70
70336 49
8644 69
1586 60
44972 40
4019 76
43928 36
30883 57
65802 54
8376 70
39292 78
1035 76
66198 60
66097 76
32011 48
6564 47
7451 80
33164 41
233|20
48394 68
3751 60
48516 74
1721 55
356 74
106100 65
162600 56
608 77
7153 75
134214 60
57669 78
122920 62
2329 75
4239 66
7371 66
3977 42
3147 75
3948 55
49272 69
5418 68
234|20
2616 66
2140 76
172 62
126 49
1562 54
4519 71
153 63
2710 61
3624 69
3483 69
1391 70
438 70
1460 76
2987 77
65 58
260 82
1359 58
3175 75
588 78
2080 73
235|13
480 73
736 63
500 69
454 72
592 69
235 71
595 75
32 80
527 82
648 69
223 79
588 75
377 70
236|30
1214 70
1278 70
1345 70
1350 70
1387 70
1388 70
1982 70
1997 70
1998 70
2447 70
2459 70
2490 70
2496 70
2502 70
2505 70
2542 70
2572 70
2580 70
2596 70
2598 70
2606 70
2657 70
2683 70
2694 70
2718 70
2770 70
2806 70
2858 70
3024 70
3052 70
237|10
32 76
4254 41
94959 70
293 74
1371 60
1193 78
7361 79
7980 68
43936 55
1374 71
238|9
4954 78
3528 80
4265 70
4901 77
4238 74
593 82
4499 82
4957 66
1193 82
239|20
58559 83
5459 70
4085 77
380 77
95 72
7445 77
608 83
7147 80
6378 80
2115 79
4896 80
36529 78
3994 79
33679 74
47 82
590 81
4022 79
208 68
733 79
51662 80
240|20
368 81
543 81
480 81
367 79
810 66
500 80
546 66
110 83
173 74
1 82
542 76
104 80
34 81
174 71
204 71
225 80
383 78
262 83
434 77
420 75
241|16
81786 70
71899 83
527 83
1206 83
1193 83
99114 82
100714 70
8981 83
53123 82
116897 83
56367 83
3910 83
106782 82
115569 83
4235 82
48780 82
242|7
39 66
380 67
231 60
457 77
592 67
454 69
111 78
243|8
112 82
353 83
62 82
588 83
193 74
586 80
181 73
376 81
244|19
3090 79
1049 71
110 79
257 70
165 71
151 73
1090 80
3755 65
2278 73
648 69
1580 70
1957 81
1610 78
1196 81
3256 72
1573 68
1242 82
3753 68
2243 71
245|5
3196 67
2739 69
3114 66
3274 58
1361 70
246|20
1304 83
616 81
1680 82
6016 83
3081 81
44191 83
60684 83
4973 83
1732 83
1298 82
53125 81
2291 82
2692 83
293 83
4011 83
5013 82
60069 83
48082 83
82202 74
95167 80
247|20
48516 79
593 79
2858 80
49272 75
1961 73
44191 75
527 81
116797 76
68358 74
122886 79
480 69
223 77
1265 76
2078 76
1198 81
1682 72
6377 77
1089 79
953 75
919 76
248|11
4886 79
1198 82
166528 80
176371 79
316 70
147374 69
102903 74
189333 74
122912 76
58559 82
5218 76
249|20
110350 70
102903 77
2167 74
94959 80
84601 75
2395 78
97306 76
3408 75
89047 70
91500 77
91542 81
40815 80
69844 81
904 83
46723 78
3826 64
68791 75
88812 68
67695 82
50 83
250|6
1282 81
2407 73
318 82
1597 71
1246 81
8880 74
251|5
142115 82
293 82
356 83
318 83
1089 83
252|8
164179 83
89745 83
6377 82
164909 80
1682 81
166643 81
143355 78
78499 82
253|10
44555 83
916 83
608 83
2300 83
7099 83
4217 81
26366 70
1192 83
4642 83
3363 83
254|20
46578 81
44195 82
207 76
49278 71
6333 79
780 73
110 81
1210 82
49272 80
27846 80
32587 78
2571 81
44929 68
47 80
293 81
1580 73
5995 82
32 81
592 73
48394 81
255|9
1270 72
4467 68
2023 59
3501 51
1663 63
1394 68
3392 55
2542 67
2915 58
256|20
3247 75
88744 82
377 81
4973 83
53972 81
118696 79
95441 80
104841 82
71535 83
2953 76
81229 81
53121 78
30707 83
2571 83
68791 80
170 80
6942 83
90405 77
6537 79
33493 81
257|5
1500 73
594 77
2502 80
494 71
2406 71
258|5
4995 81
7147 80
72641 78
76093 82
47099 80
259|6
508 67
5945 60
1784 68
4886 70
1356 72
1584 64
260|20
7361 83
3556 80
162 82
903 81
5690 81
6337 78
4878 82
5617 80
342 71
5219 67
2997 82
8011 78
1206 82
3317 80
6709 72
8874 82
2348 80
3822 78
2959 83
8645 80
261|11
3897 78
16 77
2060 71
296 82
2723 68
1682 75
4085 68
2194 78
7361 81
4238 67
58559 81
262|12
708 57
539 61
457 74
322 62
339 58
85 59
26 66
17 64
213 36
273 49
593 77
728 70
263|20
223 81
150 77
500 70
2987 75
2953 62
110 80
4226 82
8370 82
1197 82
7458 71
708 68
1111 80
2125 76
6942 82
5013 78
163 74
457 80
8636 79
1967 82
2085 73
264|12
7841 78
1376 73
151 78
5816 76
1907 77
1320 71
1917 66
150 78
3578 81
1090 82
253 77
1876 66
265|20
3807 70
316 62
253 68
1302 65
724 54
1240 75
3504 73
230 67
3831 67
1956 75
3098 68
529 72
1270 79
3791 61
1177 79
2322 56
1488 55
2474 67
1198 80
1962 69
266|20
476 70
2812 70
2700 74
2278 67
24 54
2770 48
2702 54
64 36
1405 43
2580 74
1527 75
2167 57
457 76
1580 62
2300 80
1923 65
2094 54
132 54
2571 77
2097 54
267|12
2858 83
593 83
1175 83
3006 83
1302 79
3999 71
3113 75
1093 77
589 82
2571 82
923 83
3996 82
268|20
1641 72
587 61
1125 66
1911 46
2802 55
1036 70
1370 59
50 78
2064 73
1784 66
1912 67
1966 54
454 63
1234 74
2247 53
1394 74
2829 57
802 56
260 79
2858 77
269|6
724 66
743 52
95 66
1 79
63 57
648 72
270|8
661 59
62 64
79 46
628 68
14 69
1356 71
141 63
25 64
271|9
3897 74
32 77
2791 75
969 75
6787 75
2858 78
55765 71
1320 58
2288 71
272|7
177765 67
1240 77
51662 73
122922 72
49272 77
158238 75
6365 64
273|11
440 79
593 83
500 78
608 83
223 83
111 82
150 81
21 79
466 73
235 80
520 75
274|20
50147 70
2947 77
3037 79
1645 68
4951 66
2036 53
1359 50
35957 69
553 74
76293 64
3918 66
1503 57
45431 70
4816 69
54999 71
5667 70
4876 50
56805 68
1921 81
54004 68
275|20
1784 79
2289 81
5884 70
1171 80
357 77
1912 80
2539 69
235 78
4886 81
2572 78
2355 77
3253 78
1192 82
926 82
111 82
2100 70
3089 83
1393 78
1719 83
1392 77
276|9
673 77
356 83
466 80
104 81
631 79
648 82
2 82
1367 80
344 79
277|6
637 70
736 71
656 71
1 79
780 74
260 82
278|5
2371 75
1347 74
4002 82
318 83
2369 72
279|20
134130 78
1101 61
166528 74
90405 54
61132 67
79132 74
56782 78
97913 74
1608 61
4226 79
59315 73
88129 77
54286 72
1258 79
8665 71
58559 80
4993 79
8376 65
107406 69
1200 75
280|20
92535 81
344 70
262 82
3146 60
4239 81
4447 74
8638 81
919 82
72641 79
86817 68
8368 83
49530 80
6863 76
35836 80
55052 78
54503 82
4246 81
48516 83
1911 66
3916 79
281|5
46578 73
8361 51
35836 65
3897 73
3861 51
282|20
5995 83
3977 69
3263 77
25 80
6708 81
2683 76
4718 70
6711 83
5481 70
6863 78
5669 82
3752 78
588 81
80463 83
1921 83
1193 83
4369 75
48322 82
1194 78
784 69
283|7
1580 66
39 63
1704 77
356 78
586 58
2082 54
805 68
284|18
474 79
173 65
2 76
296 83
15 68
348 79
248 66
318 83
47 81
353 81
275 53
44 58
339 75
367 73
276 71
165 77
637 68
235 78
285|8
1193 81
949 70
1247 81
6978 67
113207 70
4447 66
441 79
296 82
286|20
454 71
778 81
5989 76
1333 75
165 69
500 68
7438 81
2294 64
4993 80
4995 78
7361 81
70 72
4980 62
1258 81
4963 76
1097 75
4848 79
539 70
377 69
110 78
287|20
3160 59
3578 68
223 66
2633 54
1059 55
586 37
3005 37
532 35
1193 72
2599 59
2028 71
1485 35
3826 26
2081 51
8949 56
2012 51
101 62
4034 74
2422 16
2115 58
288|20
4473 70
4966 70
1008 70
2867 65
42015 60
141 65
2571 76
13 65
53519 56
2407 60
5418 73
3916 67
2347 40
2528 58
30810 69
575 44
32587 71
587 63
2517 49
8361 52
289|24
3 70
16 70
235 70
266 70
594 70
708 70
750 70
1080 70
1101 70
1208 70
1220 70
1258 70
1917 70
2012 70
2174 70
2710 70
2797 70
4322 70
6125 70
6327 70
6453 70
7025 70
7028 70
26704 70
290|20
1228 83
1299 81
2494 80
2739 82
608 83
2130 79
908 82
341 70
1447 76
342 74
1056 74
1719 83
953 82
928 82
1394 82
2648 76
475 83
2731 82
1357 81
2385 64
291|7
40815 82
122892 81
106489 81
134853 83
7153 83
88125 83
1 82
292|20
520 61
103339 56
122900 71
4896 73
2291 75
474 72
85056 62
46972 61
95167 69
164909 72
3176 69
3476 65
1608 64
31221 41
1101 64
3985 68
3984 72
1017 72
69844 77
231 59
293|5
1682 66
1673 74
344 49
1617 73
1097 65
294|20
416 33
3869 62
1064 57
2794 42
610 59
2133 62
1391 50
3868 60
1129 62
520 50
3387 38
355 34
2378 46
3693 39
785 56
2193 58
2367 48
2458 45
348 64
3501 47
295|9
1221 82
3198 77
1287 77
1213 81
4351 66
1198 81
858 81
318 82
2329 80
296|6
160848 70
2028 80
169034 70
4144 78
50 81
2324 78
297|15
832 47
543 46
1645 50
111 67
454 53
1089 70
6 66
1249 71
1047 43
1370 51
1488 40
150 60
170 46
1092 45
866 67
298|20
57640 64
95510 42
6811 50
8370 71
8807 50
63131 47
6881 49
3785 36
122900 52
103042 40
6294 28
2167 43
2005 52
6006 35
653 35
55995 33
3018 42
69757 57
103772 44
3825 25
299|5
3793 76
1387 81
188 74
1198 82
1214 80
300|32
318 70
356 70
527 70
593 70
1172 70
1704 70
2028 70
2324 70
2329 70
2571 70
2762 70
2858 70
2959 70
4848 70
4973 70
5995 70
6016 70
6711 70
7361 70
8950 70
48394 70
56174 70
63082 70
79132 70
81591 70
92259 70
99114 70
109487 70
112183 70
112290 70
112552 70
112556 70
301|20
21 61
357 61
2490 64
6711 76
589 73
8949 69
837 59
3948 59
364 74
527 80
5989 72
4963 71
608 80
292 55
3578 75
3897 74
4226 79
3753 59
1393 62
1792 50
302|7
480 76
14 78
3 70
25 76
648 73
707 63
110 81
303|11
5378 71
3703 82
1127 78
5544 78
1196 82
3471 80
1580 76
1394 82
2683 74
920 79
1358 81
304|20
314 80
2571 82
2433 68
10 78
1376 76
480 79
1373 67
1777 77
1270 83
1517 78
151 79
356 83
208 67
474 79
1214 82
1375 78
640 62
1722 72
185 69
2701 60
305|20
74624 70
140627 70
87869 82
919 82
1197 83
106100 80
138210 72
788 62
7482 81
80590 67
103075 66
903 81
6537 73
93840 81
54736 81
592 75
2288 81
58803 78
55276 79
1272 82
306|20
5784 52
68954 78
69644 55
6377 77
95543 61
81847 70
111743 64
85367 65
168418 76
167018 57
72998 68
122904 74
69406 66
85788 51
4963 74
115664 71
134368 71
112852 78
161634 73
133419 66
307|20
2190 70
4181 70
31424 70
49314 70
5010 70
7845 51
3392 54
1220 74
6793 24
6483 11
2332 16
56003 47
1991 42
3273 29
4876 32
3421 70
1409 38
413 42
4447 51
52867 70
308|20
2959 65
45517 39
96821 49
72998 42
318 70
2 36
904 65
589 53
8961 49
56152 43
56367 52
5618 60
36 51
410 34
79132 51
4993 63
8464 41
1221 67
2248 43
6 55
309|20
2202 79
1645 68
898 82
1682 75
296 82
1089 80
1269 76
7153 81
6947 71
8340 74
1104 82
7218 70
25886 75
1219 80
8154 76
971 76
1944 77
6365 65
1262 81
2762 77
310|13
6863 70
6947 74
1101 69
6503 57
2524 76
2457 71
5899 59
733 74
246 81
3254 69
1223 82
1080 82
2671 72
311|6
6561 70
5992 64
1517 54
6461 52
1407 46
2706 48
312|20
5816 75
1375 74
3499 80
589 80
2454 69
1358 80
4878 82
4103 75
3793 77
2028 82
1371 68
4121 73
2366 76
2747 62
4105 79
5446 74
2699 58
2529 80
1350 80
1356 80
313|20
4980 61
170 65
3917 66
2455 67
5544 70
541 81
2193 69
2000 73
6 77
1968 74
1089 79
1301 75
1240 76
3175 68
4865 70
2005 71
2167 64
1375 69
2087 74
2530 58
314|20
7 51
1042 52
44 38
165 62
457 74
293 74
597 62
329 57
442 50
26 67
830 53
728 70
618 70
107 60
536 51
10 63
1376 59
153 46
208 46
150 69
315|7
1262 77
2729 65
2529 71
2067 73
2553 66
909 68
902 70
316|11
1748 76
253 65
3968 56
158 49
5445 67
3751 65
7438 77
6874 78
48 55
3882 48
2572 65
317|20
133115 70
73321 64
91529 75
74545 76
7445 63
1213 80
48774 76
4262 73
1884 76
5989 74
3578 77
4011 79
68358 73
1208 80
72011 68
3897 76
3499 75
96829 76
116797 76
56782 79
318|20
26713 70
81191 70
90245 70
111817 70
127180 70
145080 70
150696 70
7445 75
1090 82
116799 81
82459 79
48385 74
2294 71
64839 81
88125 80
109487 81
4021 79
33794 80
54286 79
89753 78
319|7
115617 82
6377 83
356 83
136864 65
1221 83
122904 82
110 83
320|5
72998 70
71535 78
31184 69
59315 76
1013 67
321|12
587 75
356 82
160 65
592 74
597 75
780 74
339 74
355 65
410 71
3 72
500 74
457 80
322|20
2882 47
1968 70
2542 73
58559 79
2788 77
2146 63
2617 52
2918 71
778 79
2599 71
4027 71
4993 78
1230 71
51540 68
1 72
1617 76
1923 64
4010 61
11 67
1035 70
323|20
377 61
480 66
356 76
1094 58
161 64
115569 75
1198 79
29 75
551 64
22 59
318 81
112183 59
253 65
111659 51
3257 49
260 79
150 68
329 57
342 57
266 59
324|5
2764 72
3972 69
3864 38
3949 74
3897 74
325|20
2848 70
235 69
2986 54
262 79
1573 65
2596 71
1584 70
1217 82
1676 66
4714 39
3770 51
3261 65
2894 70
2155 68
1279 79
1614 56
3994 70
2268 75
2915 70
5008 82
326|20
8665 80
47610 77
20 61
2858 82
86882 79
5418 81
4973 83
133771 80
48774 82
2324 82
1293 80
2692 82
72605 71
70159 57
54286 80
5446 77
6591 81
4226 83
105844 80
31410 80
327|10
3301 80
150 82
858 83
1923 81
51255 83
48516 83
1304 82
765 78
6888 75
2706 80
328|20
2687 54
112852 72
70286 63
1196 72
457 68
364 69
80463 68
3489 55
318 79
595 63
5349 58
2542 68
1219 70
35836 59
3751 57
79091 57
7153 74
596 50
2398 70
1148 67
329|5
130482 70
136850 70
858 75
1884 67
750 73
330|20
5378 55
316 62
1639 72
2918 75
919 77
3949 77
3535 72
5349 69
380 64
1676 64
2502 80
3703 79
1682 73
2683 62
1206 80
1721 64
2791 78
2081 68
8874 79
592 65
331|20
8874 79
6157 48
88125 74
6539 74
3897 77
4446 67
7361 81
50872 75
4995 77
4306 75
6874 81
5502 63
3911 75
608 81
4447 60
593 80
3751 70
8665 73
4367 47
2959 81
332|20
47 77
1653 79
1258 81
316 64
8983 71
431 74
97757 70
2291 75
1835 64
356 80
5502 65
4308 70
1203 80
1682 75
1249 81
76251 71
2905 81
318 82
2294 62
32 80
333|5
3785 48
3752 54
3616 46
3615 47
3646 35
334|20
55820 80
1196 77
1580 62
1291 76
3996 72
589 73
30810 67
4027 72
1 72
64957 62
1625 62
50601 50
44195 77
27416 60
6867 70
2997 78
293 75
480 66
5378 50
51935 66
335|6
780 68
592 68
356 81
296 82
2699 56
2001 66
336|12
1267 83
1 82
38798 76
33660 83
1784 82
2001 79
2268 82
293 82
1625 81
4886 82
50 83
150 82
337|16
318 82
47 83
16 83
805 82
1393 82
266 81
667 74
168 79
784 76
65 75
110 83
708 81
25 82
1356 83
277 81
786 78
338|8
189111 70
190207 70
190215 70
190219 70
7153 77
593 75
187541 55
185029 55
339|20
72641 80
5445 81
84152 83
96079 82
106072 78
69122 80
5617 82
41285 81
56869 70
48322 82
65216 82
91630 81
86504 80
91529 83
83613 73
4993 83
3470 82
102407 80
2028 83
5952 83
340|28
10 70
110 70
150 70
153 70
161 70
165 70
185 70
208 70
253 70
288 70
292 70
296 70
316 70
318 70
329 70
344 70
349 70
356 70
454 70
457 70
480 70
589 70
590 70
592 70
595 70
648 70
780 70
1356 70
341|11
2335 75
3624 73
130087 75
1370 75
135137 71
117529 75
5459 70
45672 73
1 80
47099 80
4025 70
342|14
2683 59
2598 54
2881 55
2369 53
1268 64
2605 55
2599 71
1198 78
3157 51
3826 46
2428 49
2827 49
3863 55
1959 71
343|12
858 83
3000 81
48394 81
4226 83
4878 82
3993 70
2571 82
1617 82
31658 81
55363 81
55820 83
296 83
344|14
111362 78
380 71
316 70
2628 64
4226 81
2571 80
4014 71
2012 72
4034 82
260 82
2541 70
4973 82
5418 78
2712 74
345|13
1019 79
2539 70
926 82
5902 82
8810 72
344 69
5707 72
2366 79
56949 72
3649 67
6658 74
3489 78
412 76
346|20
3174 70
778 82
608 82
6711 80
6286 77
306 81
7323 71
307 78
3535 75
1212 81
357 70
3949 79
714 74
7937 72
7396 80
5878 81
1120 72
1131 78
3627 76
7115 66
347|9
434 65
590 78
39 71
150 77
454 75
380 72
587 73
317 68
457 80
348|11
318 83
2324 83
4368 70
1213 83
6016 83
2959 83
6893 82
4973 83
1221 83
1960 82
2019 83
349|8
10 71
161 72
589 77
381 71
349 73
231 62
588 74
509 69
350|8
852 63
7 61
637 58
648 67
733 71
12 51
858 81
661 66
351|20
88932 70
87222 70
73344 79
52579 63
2231 79
88744 76
43836 72
79132 80
597 73
58559 82
12 50
8914 79
8950 80
63082 79
6214 79
90376 80
84152 81
480 76
4878 81
1193 82
352|20
72998 75
71745 58
1801 75
34319 73
2600 81
65682 73
1080 83
79695 66
110730 45
38038 79
130490 67
97752 77
1214 82
94864 72
41566 76
56587 78
44191 81
114935 81
59315 80
47610 77
353|18
552 65
25 73
267 56
216 74
367 65
288 70
144 69
186 54
333 74
266 68
112 68
198 71
234 53
145 64
293 79
158 52
163 72
296 82
354|20
1610 80
4306 79
2692 82
3147 82
47 80
903 80
733 76
3977 61
1225 82
35836 77
648 73
44191 80
8665 79
1917 66
7147 78
1923 76
589 80
2959 82
4718 63
1196 82
355|6
316 76
1580 77
3035 82
3175 78
317 75
916 82
356|20
2248 79
52435 81
52975 77
7122 70
44889 70
1641 81
2706 74
4011 83
802 73
7323 77
2502 82
56367 82
1223 83
55118 82
3949 81
3996 81
1246 82
1466 79
223 82
7153 83
357|20
4354 70
8998 70
27329 70
2804 82
595 79
529 80
4663 69
4091 77
1224 82
1242 83
34 78
208 67
58559 83
6296 75
30793 72
1042 70
2100 71
551 77
471 79
2067 82
358|9
26095 70
605 60
5066 76
52328 77
2226 70
42728 74
7361 82
69844 80
36525 61
359|15
405 44
1092 59
1101 61
51412 51
648 63
296 81
1097 72
2396 68
2424 58
593 79
2701 41
2942 44
1682 72
2530 53
4995 75
360|5
1422 62
1620 63
1488 59
1711 63
1414 63
361|20
47099 70
1580 65
377 65
1552 60
49272 73
1263 74
53125 66
589 73
49822 69
8360 67
318 80
2529 74
5218 69
6188 67
2422 56
3082 64
1732 75
1370 65
46972 61
7458 65
362|20
1945 83
592 79
6539 82
51540 82
5989 82
637 75
70 81
7153 83
1252 83
44665 82
407 79
6874 83
2959 83
1196 83
1208 83
8961 83
48516 83
7438 83
356 83
1201 83
363|6
1552 50
1732 75
1517 64
296 79
653 50
318 81
364|5
858 83
9 74
783 79
376 78
1 82
365|20
59315 63
81229 54
128975 43
6874 72
90345 48
158872 54
129354 40
103075 41
135536 44
70286 60
112852 68
76077 52
112818 43
1777 54
6502 60
155820 35
541 73
95720 39
93270 37
135569 57
366|7
116797 80
59315 79
33794 79
91529 80
2028 81
122882 79
7438 82
367|20
926 82
3061 78
1270 83
1287 82
486 69
3536 78
3824 60
2384 74
3072 79
898 83
3618 80
3225 63
2248 81
3157 67
3969 79
3717 73
1259 82
4023 73
1196 83
1258 83
368|20
3753 57
2112 48
1944 71
2986 48
3869 64
1214 74
2947 71
415 39
3035 74
832 55
50 77
2819 64
1801 58
2490 62
1917 49
1391 53
2193 60
225 57
161 62
2881 50
369|20
1256 76
785 65
47 76
2706 63
839 49
377 66
52973 72
743 40
4214 51
5418 75
3863 58
1372 64
27904 72
60069 78
2857 66
1967 79
150 72
2011 66
1580 66
3174 66
370|19
4011 80
4878 79
8961 76
6377 78
2628 57
1748 80
2116 66
589 76
2329 80
7438 80
3977 51
1676 66
593 80
4973 81
4226 80
1240 76
1089 80
8636 76
2716 75
371|9
2571 83
112512 70
1258 82
4090 81
56715 82
3000 83
4226 83
4993 83
1748 83
372|20
335 70
924 76
318 82
1603 42
1479 59
589 74
81 53
387 33
616 68
337 74
1220 77
1201 79
165 62
1243 73
1258 80
377 61
1401 56
450 53
1206 80
1306 42
373|20
216 67
60 54
169 29
350 59
585 46
44 37
371 67
163 65
616 68
198 63
265 67
25 66
6 76
733 67
47 74
2 60
736 54
305 49
357 63
141 64
374|7
296 82
208 63
1219 81
480 75
592 72
1258 81
1339 76
375|7
344 71
1027 73
32 82
2628 71
3256 79
4226 83
500 77
376|20
91535 76
2002 75
1214 83
1101 77
2916 81
33794 82
1198 83
349 81
1371 77
376 76
1240 82
1375 80
4993 83
858 83
457 83
4226 83
5952 83
344 73
2763 80
2797 81
377|20
4942 70
2793 54
1262 83
2791 82
748 73
1345 79
5027 70
5113 74
27692 70
3421 81
6021 70
3364 79
2072 74
8641 80
2163 65
92760 70
2858 83
1503 66
2124 75
2015 78
378|10
33794 80
7153 83
48516 82
3114 81
858 83
68954 82
91529 81
71535 82
90600 78
364 81
379|8
318 82
377 67
19 49
292 63
480 71
367 61
597 67
344 57
380|20
60818 70
172875 70
172881 70
172887 70
355 57
6979 76
5476 54
2735 61
68194 80
63433 71
72356 82
105731 64
1833 67
551 77
6731 79
27831 81
1665 68
393 60
140956 75
2791 82
381|20
2085 72
1088 69
3253 73
185 60
317 63
27808 72
1240 78
19 53
3753 69
4321 69
72011 74
3082 68
333 75
2140 73
1385 61
2273 65
1208 82
457 79
104 67
2716 77
382|20
1204 83
142372 59
135532 70
1201 82
112171 73
1198 83
912 82
81847 77
4638 60
63540 31
1681 43
170289 70
103042 71
72737 75
2496 68
357 74
81537 69
59501 72
101362 50
4890 66
383|7
2436 79
2541 71
2496 68
1584 74
2558 57
1246 81
903 80
384|14
3527 70
1388 51
2683 60
2502 79
4333 56
3098 68
4396 55
457 76
358 54
968 72
2724 48
296 81
3991 50
1204 81
385|20
736 55
1080 79
249 73
1219 77
1036 73
1136 79
282 59
1073 73
1200 75
1228 79
1022 67
1007 48
1201 78
1246 77
344 53
589 74
1023 64
1287 75
594 74
1303 76
386|14
110 67
410 49
112 53
165 56
223 68
648 53
185 46
608 75
485 47
305 45
44 36
585 43
349 59
10 57
387|20
4393 70
5156 70
5780 70
7336 70
26124 70
40966 70
2712 66
5062 61
1247 80
5489 70
4195 67
7132 79
2946 64
1387 80
3000 77
51939 45
4995 76
912 80
7938 70
1783 44
388|6
6158 70
63239 70
33615 67
86298 65
62999 68
8360 74
389|7
17 81
140 77
628 82
762 71
743 70
95 79
32 83
390|17
6344 70
64957 71
4239 78
5220 59
1193 82
2571 80
9010 75
2291 77
5296 50
4226 82
7254 75
6377 80
63062 76
1206 82
2329 81
4014 70
1784 75
391|20
5575 70
500 64
3994 70
1213 82
516 64
199 79
4027 76
150 73
1408 81
4014 65
1527 77
1059 72
2916 72
4973 82
357 67
555 77
5026 79
4936 59
1210 81
3067 67
392|5
3004 56
2858 81
707 56
1198 82
1125 73
393|20
91658 72
102125 75
48394 79
36517 71
8636 78
110102 77
44199 77
5388 69
54259 75
4848 80
5669 79
1291 81
68848 77
86190 73
2571 80
1206 82
122892 73
106642 81
1625 72
106489 75
394|5
588 63
316 53
344 48
225 55
457 70
395|13
329 62
1025 68
296 80
160 50
208 54
173 51
485 58
355 48
520 59
595 71
126 41
48 59
367 61
396|6
1276 79
1597 59
1777 64
44 41
204 44
2081 66
397|5
4017 79
8645 79
1701 78
8228 75
6993 76
398|10
6408 70
1197 82
5971 81
7022 81
1198 83
60069 82
2455 76
1136 82
48516 82
82459 79
399|8
1198 82
110 78
5445 74
1196 80
593 80
480 73
1270 81
2194 79
400|9
608 83
356 82
2571 82
2959 83
7153 83
1221 83
3578 82
858 83
59615 70
401|15
5952 80
6297 71
55768 71
48982 74
166461 69
49274 56
50872 78
32031 70
79091 74
170939 70
38038 76
8360 73
3114 79
33615 67
1136 81
402|10
1084 82
597 78
52 79
329 76
296 83
586 72
315 71
1036 82
434 72
527 83
403|7
110 79
2427 69
3210 72
296 81
61465 61
1663 76
180 72
404|12
204 52
349 70
474 71
34 70
364 76
508 71
105 61
593 79
509 67
277 65
315 56
185 58
405|20
70708 70
293 82
7254 81
37731 81
2959 83
345 81
1213 83
7134 70
64614 82
6023 75
1241 81
2329 83
1247 83
3052 82
68237 83
1199 83
27592 81
27664 78
3418 80
1215 83
406|5
1586 52
135 48
56949 54
46972 54
724 51
407|5
7153 82
2959 82
6539 80
1240 81
54286 80
408|20
1198 83
122904 82
44840 79
165101 74
6618 82
1291 83
1210 83
89745 83
1278 83
7324 81
44 69
8641 82
115210 81
103596 62
68554 80
2571 83
109487 83
63131 81
80489 83
4649 82
409|20
2485 56
2490 74
2028 82
3812 72
1278 82
2997 82
296 82
1078 71
3016 68
1073 78
2683 68
2289 78
3846 69
912 82
2013 63
1911 58
2352 77
1230 78
2541 70
3174 72
410|20
389 70
3224 83
318 83
2302 76
4002 82
1060 82
4297 71
3263 78
1859 79
111 82
58 82
2145 78
3255 80
2321 80
3504 82
3948 78
11 81
4019 82
3 77
597 79
411|20
508 71
261 74
586 56
432 46
353 75
431 72
194 74
318 82
272 72
515 77
356 79
266 64
257 66
349 70
10 68
31 59
344 56
227 48
455 43
122 49
412|20
2828 56
2384 69
2915 76
903 81
608 83
2720 36
2858 82
1883 72
1307 81
1214 82
1784 78
2239 83
1 80
930 83
1136 83
2710 58
915 78
2398 82
17 77
1079 81
413|12
2706 78
1198 83
3753 79
2424 76
593 83
128360 82
4993 83
16 82
5574 79
3948 79
64957 79
2959 83
414|20
4458 70
4666 70
5285 70
5635 70
6033 70
6493 70
6563 70
6628 70
6797 70
48319 70
58879 70
169992 70
3802 40
3599 65
1600 71
8666 20
4975 69
7444 62
4081 37
177593 82
415|19
296 83
1213 83
4321 74
3507 80
4308 77
47 81
1021 60
111 82
2617 70
1276 83
3861 67
4369 70
99114 81
1221 83
63082 80
1234 82
45722 77
1197 83
175 83
416|11
5952 71
5951 44
531 51
1296 60
1199 73
1721 54
830 49
1206 75
7323 58
4848 71
3677 65
417|14
778 83
4995 82
4975 77
7254 80
1198 83
106782 81
27773 81
168250 79
1625 78
7153 83
74458 82
110102 81
48394 82
4878 82
418|19
356 78
296 81
63082 72
104374 70
1276 79
1136 79
117176 68
1573 59
137337 65
1682 70
5816 66
88125 70
74458 73
367 53
89745 78
45672 52
87869 77
7361 80
54001 75
419|20
4093 70
111 81
46976 78
27822 72
2858 82
319 78
6287 72
3578 81
1213 83
64969 78
47 81
79592 76
34319 76
89580 70
60756 76
27704 70
90943 70
2412 61
1240 81
52245 72
420|20
1161 79
4993 82
45499 75
923 82
26693 70
48385 74
1927 82
5608 79
2052 70
6934 69
7022 81
3979 63
59295 70
2329 82
54259 78
1131 81
2762 80
4973 83
5669 81
527 83
421|8
2858 82
909 78
5008 82
953 80
1178 81
2313 80
2478 65
1203 81
422|19
2539 56
2710 48
4947 65
4971 61
5039 76
4925 70
2581 50
4916 57
1265 77
2804 77
3053 75
2665 70
1283 82
4835 65
2908 74
3943 60
1213 81
2670 58
858 81
423|5
1653 79
110 78
2194 78
5349 72
1320 67
424|20
1193 82
141 74
2804 81
40278 77
608 83
108729 68
293 81
69122 76
1092 69
54503 81
58559 83
3186 76
66097 79
778 83
5679 71
3176 75
2288 79
2174 74
71668 73
112556 81
425|20
45517 70
377 70
2329 81
733 73
6 79
1645 69
8368 80
2081 72
4306 77
1680 74
1909 67
367 65
46723 71
1625 71
1036 77
4901 72
750 82
2353 68
1342 63
145 64
426|18
59784 72
150 77
471 77
337 80
54001 80
1197 82
6378 78
72641 76
4886 79
8644 73
37729 78
597 74
5444 80
91325 64
588 78
3247 63
4022 77
79091 76
427|17
4887 47
5463 46
5015 63
110 74
58 73
5528 62
6348 45
5312 53
2710 45
5696 44
4993 78
5266 51
2683 58
5400 52
5816 65
1208 80
5574 57
428|20
2471 34
2762 66
3827 41
1089 72
2953 45
2916 60
1380 50
1997 62
3440 25
4022 61
317 44
4255 33
1208 76
1391 47
6377 68
2581 38
260 76
3285 42
588 61
653 44
429|12
339 79
421 76
150 82
225 79
165 80
266 78
329 78
252 78
279 63
317 77
237 79
204 65
430|12
923 81
2987 73
3745 67
6287 60
2858 81
6365 65
2571 79
4447 65
4014 69
329 66
2076 78
4446 70
431|5
172 40
1625 56
1376 53
3948 54
802 51
432|20
1831 53
5630 76
6870 79
8640 65
6539 79
3916 76
5989 79
84189 70
110 81
35836 77
4886 79
2762 80
1206 82
49272 80
19 57
318 83
58559 83
69481 80
7158 81
33660 82
433|5
91529 71
1089 75
50 77
5299 55
110 72
434|20
1136 81
3147 81
1090 80
1265 77
5989 76
1101 61
1779 52
586 52
344 53
3863 55
1208 82
3160 74
589 77
780 63
6796 69
2791 78
4226 81
2194 78
8665 73
1291 79
435|9
2353 77
44191 82
485 74
3510 76
34405 82
2302 74
158 67
82459 81
48780 81
436|20
204 52
435 47
440 66
432 50
161 68
480 70
377 66
531 62
536 60
502 43
364 75
235 67
371 70
344 58
2 64
585 54
450 61
587 66
437 48
227 51
437|20
748 66
318 83
5 60
640 52
1299 78
1120 73
1396 73
1246 81
454 73
1171 76
1225 82
1183 76
1097 77
1307 79
1268 72
592 70
198 72
155 53
112 69
246 81
438|20
7154 61
2501 76
8966 68
27801 80
1527 79
6711 81
3898 42
1784 75
8644 71
6367 70
2424 65
3889 47
223 81
1517 74
7361 82
2641 62
5009 69
2617 64
3753 70
2393 69
439|5
356 81
4022 76
7153 82
78499 80
1240 79
440|7
8690 70
541 82
29 80
1653 80
1274 80
3174 72
1235 82
441|9
589 82
2683 80
2959 83
4306 82
260 83
296 83
51255 83
47 83
68358 82
442|5
2908 44
2881 28
1186 43
3752 32
4361 38
443|8
2329 82
79132 81
296 83
48394 81
106487 80
108190 70
7153 82
63082 80
444|9
356 81
592 70
208 60
21 71
111 79
110 79
235 72
296 82
344 63
445|16
2028 80
590 73
34405 80
47 76
116897 78
780 64
4011 81
899 78
593 80
33794 76
1080 80
45722 68
17 69
1230 75
306 80
2710 48
446|17
237 60
339 60
300 68
296 81
480 68
368 65
288 62
172 45
17 67
16 75
357 63
150 71
434 49
153 46
648 61
593 79
337 74
447|16
257 79
293 82
337 82
531 78
382 74
589 82
552 76
253 80
362 80
532 74
292 78
31 76
474 81
540 73
442 75
160 72
448|373
2368 70
3284 70
3933 70
6302 70
6476 70
7245 70
48262 70
49688 70
75803 70
75816 70
78116 70
79590 70
86593 70
92198 70
98908 70
100326 70
102819 70
104760 70
108715 70
109191 70
111680 70
113416 70
116207 70
116985 70
129657 70
130083 70
133377 70
136654 70
138546 70
142424 70
151777 70
152658 70
157130 70
158022 70
161290 70
164375 70
53996 67
136778 70
5418 74
288 62
88356 46
2580 73
155358 70
2889 72
4034 80
148888 49
81156 73
2713 40
103335 64
95441 59
34048 56
80126 42
3057 70
1057 65
2794 46
33830 68
8665 71
6059 62
110553 45
90374 78
151501 70
3764 39
6143 67
103819 54
4361 67
104913 73
3986 48
5528 64
1196 79
105351 45
83349 54
3276 70
1090 78
5349 67
587 63
106330 54
4677 54
95508 70
109895 32
110611 70
671 64
2289 72
152077 71
80693 51
111360 43
170 58
87444 54
94323 42
8493 58
3671 74
91653 55
4981 70
2991 69
78034 70
119145 77
5099 41
4299 57
2567 56
6996 16
109864 52
6582 62
73017 72
370 51
543 60
115617 73
590 71
154065 70
5553 57
41569 60
3286 42
6645 75
589 74
1920 47
2857 62
111663 56
78499 77
2657 62
6537 56
1148 75
46974 48
48516 79
80241 57
445 51
4262 73
3689 33
114935 73
6428 62
127194 70
109673 45
127096 65
89388 70
4156 70
3793 70
33679 58
2014 47
64285 69
3968 53
49530 70
3450 60
160563 64
5502 60
8169 66
6314 41
122490 70
3386 67
140725 55
4896 70
2642 41
127136 69
2763 66
2520 70
457 76
48783 74
3263 51
5400 53
5541 54
4011 79
58351 70
127132 70
152091 69
3698 58
435 32
4799 48
84152 78
3401 30
2858 79
3174 63
7076 73
106542 70
6218 59
2860 41
1283 81
3618 68
2616 47
90439 70
2404 34
4660 70
2530 49
26386 70
4327 65
3030 80
71464 59
32 78
91529 75
4158 38
99114 73
98585 70
93326 47
2268 71
80489 76
130576 39
105504 79
2791 76
50601 52
7007 55
4234 52
3623 44
80727 68
78467 23
8641 71
4128 70
106782 74
2537 42
112138 71
3247 47
112818 44
2027 25
3101 55
5779 70
82202 40
1704 78
98296 70
6863 61
89305 56
4203 62
1201 79
6212 33
637 45
84954 54
6814 70
94864 60
67695 76
159077 70
92439 69
6812 33
3156 48
802 58
118354 70
134130 79
138036 62
65135 70
52975 66
4368 34
90717 53
45722 65
79259 70
68157 78
4233 31
74458 74
3258 52
1262 80
3949 76
101025 39
69526 32
1831 38
1083 57
1884 76
1476 69
156609 43
3755 56
111659 51
4734 54
161 66
95201 70
135887 57
2598 51
87232 76
4634 75
5334 38
5459 49
146730 70
72694 70
157432 70
132488 70
4558 43
1375 65
6424 70
71518 59
2716 73
94780 45
3593 16
129354 44
158 42
1409 43
6514 70
2881 52
51662 70
90522 48
68554 56
2126 47
122932 70
93510 73
137857 71
125916 19
2953 52
2090 60
1760 20
480 68
58803 67
2109 68
50792 31
46062 43
85510 57
80864 70
112171 62
122900 68
2587 57
1527 75
117529 58
4993 80
92264 53
5247 52
533 53
912 79
26464 70
2249 63
4678 66
103772 60
114601 60
96861 51
420 41
59615 50
2349 71
109372 44
95207 51
348 70
19 40
136020 51
4502 32
91094 53
138208 54
3511 41
79428 58
2643 25
109183 70
2139 70
4212 70
5942 54
96417 51
112852 78
99728 61
89470 71
142448 60
64983 57
2640 69
2046 55
4881 73
3882 43
3744 45
1032 65
116799 74
5 47
4040 35
157407 70
2115 70
1617 77
4367 43
105254 62
3388 40
3760 60
2146 65
2968 75
6281 52
466 45
96448 44
86332 69
64969 65
115170 70
1036 73
3397 69
2474 65
1408 80
155743 70
106920 80
8542 65
120466 66
2051 30
7143 75
7150 45
89087 36
34150 47
2253 45
2973 79
449|8
1917 50
2502 77
4034 79
1222 77
2770 50
762 33
2011 61
2324 75
450|11
3977 64
589 81
110 82
3363 82
3535 79
3948 75
3409 67
1035 80
3568 70
358 69
1259 82
451|7
733 79
593 83
7 72
5 71
494 78
25 80
17 79
452|20
4025 80
2858 82
2617 81
5292 83
1206 83
1676 82
3219 81
47 83
3101 81
163 83
1092 81
1917 81
2126 80
1356 83
552 81
2628 80
1200 83
608 82
2707 82
3273 75
453|20
208 71
858 83
2335 77
4022 81
3618 81
1617 83
3452 74
1357 82
112 77
2671 79
1884 82
1894 73
2294 76
318 83
1614 73
3534 75
2959 83
798 70
5266 74
780 78
454|9
7361 82
2692 81
7116 66
55820 82
6016 81
27773 79
2160 81
2858 82
26131 80
455|12
272 74
432 50
367 64
590 75
253 72
364 78
555 77
252 66
110 78
225 67
588 74
597 69
456|9
1407 76
634 59
135 72
5 73
724 74
780 78
733 80
260 83
706 70
457|10
329 64
3593 28
2692 79
1356 76
223 78
2394 70
2701 44
3608 58
733 71
2094 62
458|12
597 79
185 73
10 80
380 79
95 76
454 80
300 81
595 81
153 72
587 79
150 81
552 76
459|6
79132 82
5618 83
8961 82
48780 81
50872 81
260 83
460|17
89039 70
4886 80
4703 72
3831 78
1441 77
4878 82
3483 71
8970 80
1 81
49272 81
40815 80
85414 77
68237 82
76093 82
47610 78
63082 81
2571 82
461|6
74458 73
2762 74
1036 73
91500 67
3578 75
539 67
462|20
26838 70
89090 70
164655 70
188189 70
1136 81
1219 79
158966 73
1248 81
508 69
1653 78
1674 67
8917 63
8620 13
3424 76
2146 65
7044 68
3814 81
1213 81
82857 70
26131 77
463|7
6377 82
2028 82
4310 72
3753 76
2006 72
1092 75
5995 82
464|20
1370 70
58025 62
63853 46
296 82
2019 82
3527 76
5254 69
7007 67
1101 68
1779 62
377 71
1653 80
55820 82
648 70
33493 72
1610 79
65088 76
74727 74
1617 81
62374 75
465|20
2941 83
2987 78
1200 82
3448 81
5060 82
1299 81
3703 82
3649 65
1625 77
292 74
904 83
3101 72
1754 79
750 83
1256 82
593 83
3732 77
3740 81
3334 82
377 76
466|20
5418 82
30793 77
79091 81
92259 83
5989 82
5459 75
318 83
63082 82
59784 79
5010 82
74458 82
6281 76
5952 83
8529 78
64716 82
68954 83
4993 83
45447 78
81845 83
55247 82
467|22
41 70
58 70
389 70
466 70
527 70
593 70
780 70
1183 70
1233 70
1357 70
1365 70
1408 70
1721 70
2028 70
2125 70
2324 70
2334 70
2384 70
2390 70
2393 70
2394 70
2493 70
468|7
592 69
349 73
1 77
317 63
296 82
32 80
165 71
469|20
3658 70
3832 70
3507 77
3032 77
2736 78
2132 79
1958 78
910 82
1090 80
1485 54
1388 53
2321 67
1234 80
2081 70
1193 82
36 78
2908 76
909 77
2023 71
3255 71
470|16
253 75
318 83
110 80
588 77
282 70
5 63
597 73
32 81
595 77
592 72
500 72
26 77
356 81
357 73
434 64
300 76
471|6
2571 80
8874 81
527 82
1 79
8360 75
7147 77
472|6
58559 83
3450 78
3298 82
2840 70
1221 83
858 83
473|8
4979 72
2959 80
60 58
7147 72
6281 57
3897 76
48322 76
2596 69
474|422
638 70
2179 70
2697 70
4046 70
5114 70
5311 70
5353 70
5455 70
5601 70
6201 70
6273 70
6382 70
6407 70
6592 70
6912 70
7702 70
7826 70
7832 70
7839 70
8057 70
8446 70
8458 70
8459 70
8611 70
8650 70
8774 70
8938 70
1466 72
6708 73
2940 78
2616 52
2334 55
7139 72
4218 70
371 71
750 82
2935 64
8645 78
5481 52
6370 79
25865 70
2553 74
912 81
2467 74
5548 63
7301 76
52967 65
5945 63
480 71
1983 43
3462 75
1068 70
8600 77
6650 72
8482 70
6791 78
4016 72
1784 72
3668 73
3977 49
8961 76
4160 72
30820 66
6984 70
2750 67
5034 55
7716 70
2612 70
4419 80
1300 77
4187 68
1187 59
6565 75
272 73
5440 70
25937 61
1099 64
3125 70
5826 70
5649 70
7256 79
4912 66
6016 79
1208 82
2083 76
3385 53
2310 62
3360 77
3163 66
1413 72
4081 36
1643 71
968 75
2116 66
26965 59
5954 79
1263 78
5116 70
3536 68
8778 70
63433 60
2952 73
318 82
3394 48
1200 78
3384 81
4356 72
932 75
7698 72
516 64
4873 74
48385 65
39869 75
1902 70
2641 56
7036 50
2181 66
4638 52
31116 71
2455 66
2146 69
628 74
3897 78
1030 54
4022 72
344 56
3196 78
92 39
237 64
6770 67
3259 62
3368 67
26151 71
1293 75
34072 69
3044 75
1639 74
5944 64
6539 75
477 67
7361 82
55687 70
58 77
4014 66
3467 78
8154 76
4191 55
2134 66
4644 71
4293 58
5013 74
1399 57
1196 80
2918 76
5899 50
4465 66
100 54
361 66
3341 68
8921 70
195 56
3789 70
4709 66
1588 58
3468 80
4678 70
2723 66
2118 72
1939 79
7019 53
3147 81
1792 57
33903 76
1682 74
41566 69
1693 69
1957 81
5021 63
2313 77
3870 70
948 76
47099 73
3447 71
6614 63
216 71
5619 70
3987 41
5060 80
3111 81
45950 72
32584 58
5525 70
2567 61
5956 71
7 55
1172 81
3217 64
8331 70
587 67
5238 54
1189 79
2416 60
832 62
3095 76
7386 77
1223 82
7058 70
5246 46
5418 76
27803 77
26 73
4002 77
1135 61
45 68
6945 69
2411 54
2520 70
7347 64
5375 70
5673 70
3039 72
7833 70
33781 59
720 79
2103 37
33154 78
608 82
1327 42
101 76
7061 70
5451 57
5682 59
5434 71
6609 70
31658 77
4578 52
2009 67
4704 70
7572 70
4929 41
3306 72
6334 59
5379 76
5437 66
42418 61
4128 73
7451 79
2786 41
2243 68
27846 77
6197 44
3264 46
3608 57
5603 75
6124 59
1222 80
1663 75
3566 54
3755 60
2628 55
4815 49
2089 67
7102 61
27706 62
7013 76
1348 69
45666 47
5755 49
4055 78
2058 67
4462 40
1544 52
2405 56
4998 70
273 55
1977 56
1732 79
7822 70
7073 70
41527 73
4787 69
1676 65
3708 64
6669 72
317 57
25940 70
971 75
7366 56
3115 77
7026 49
2710 49
50685 75
2114 75
3809 64
3516 57
2770 54
535 61
4878 80
5992 79
41997 73
1083 62
4487 63
7293 66
1016 63
2006 56
1007 50
4993 81
3412 67
5007 70
3929 39
6639 67
8712 70
1876 54
3546 70
34359 70
7579 79
7325 70
6837 70
2634 59
7753 59
8943 28
8385 70
4308 69
3246 79
3745 64
1148 77
42002 64
50740 78
3952 62
1927 79
7581 63
910 82
3948 65
54881 77
1284 75
4007 72
5341 64
3675 80
52975 70
6244 59
965 75
454 69
1247 80
7215 59
1282 80
8207 75
6242 69
6502 76
4509 62
3528 76
2391 75
4262 76
4039 58
42018 32
3271 75
976 70
48394 77
5384 70
5168 70
1358 77
6534 46
8773 70
2384 60
48780 77
1269 76
4600 59
2642 47
111 79
933 79
3578 79
5297 48
944 69
6020 70
2123 52
748 62
4896 73
5380 75
53953 60
3712 57
25996 70
1997 75
4464 72
4085 67
51540 74
2707 63
2069 74
6710 71
1488 57
6378 74
928 77
3038 79
7116 56
44511 70
594 76
1962 71
421 57
4316 39
2761 81
4823 55
892 74
1345 71
5294 79
1408 81
6579 79
3272 59
3421 76
3844 69
6787 79
37736 72
2249 67
1610 76
2468 42
3498 78
4902 75
6268 74
5225 78
5404 78
929 70
25999 70
7835 70
805 70
4126 65
475|20
6539 83
4993 82
87232 83
40815 83
5816 83
8644 82
81564 82
4701 82
81834 82
6564 78
68791 82
111759 82
7153 82
1527 82
71530 80
4896 83
106487 83
112852 82
3578 82
82461 82
476|14
594 78
34 74
380 71
158 57
153 60
586 63
440 72
364 79
378 65
357 72
224 72
165 72
296 82
11 76
477|20
34 76
913 83
3100 81
2105 74
1271 74
1207 82
70687 37
2174 74
45672 68
4571 78
3973 54
4226 82
1103 81
5291 79
348 78
3593 33
1 80
1274 81
6502 80
59615 65
478|5
1917 50
3114 70
594 70
1584 61
1101 56
479|20
5365 70
4488 69
524 67
1025 70
3707 53
1220 79
4010 67
3244 66
3526 67
4092 50
1968 75
4700 58
4003 65
3671 77
2671 66
341 70
2012 67
2542 78
454 69
2384 58
480|20
43914 70
2700 75
8533 71
2193 65
2797 70
3484 52
2571 78
1210 80
2596 68
8866 55
47610 67
6306 76
5379 75
2018 65
7153 80
3911 74
44191 76
38061 81
5673 68
380 63
481|7
1608 53
1687 49
1629 50
1729 64
1620 50
1597 52
1485 45
482|20
2068 78
8985 58
1036 79
474 75
1042 63
4389 53
780 70
27706 68
3211 75
1610 79
4367 55
1374 78
1220 81
1602 55
653 62
592 70
30812 74
4862 62
8361 61
8529 67
483|20
105325 70
783 68
2541 70
2959 82
109971 70
45722 73
1199 82
50872 79
2000 77
4306 79
69757 78
2683 68
2273 66
1588 64
109487 80
66934 81
1721 70
2328 52
68522 70
8972 72
484|20
93320 70
1438 69
6155 77
6944 80
2706 78
33166 82
6874 83
3697 75
1059 81
76293 77
919 83
2762 82
1821 70
837 79
5810 77
1753 79
3254 78
4718 72
2413 79
3646 62
485|5
588 80
161 79
253 78
292 75
231 70
486|12
653 72
47 81
110 82
153 69
474 80
95 73
288 77
329 75
161 79
318 83
292 76
6 82
487|12
27611 60
8961 60
318 77
1198 73
31658 64
1197 72
6539 59
5445 58
116797 65
4027 60
8874 68
86377 66
488|20
720 78
838 71
608 81
1223 82
26 73
5135 72
2109 72
7720 50
7303 74
4014 67
5995 80
457 78
105 61
1136 80
272 73
1269 75
3176 70
1278 80
1125 72
910 82
489|20
79536 70
86000 70
4848 76
736 51
8387 13
4700 51
45666 37
4720 64
2683 55
2021 61
2389 26
1619 58
950 67
58559 80
2236 59
2167 56
1616 45
247 80
376 53
2717 45
490|20
46578 73
89492 72
81591 65
91077 73
60074 46
5816 62
4144 72
54001 72
1 70
1784 64
7153 77
4993 77
89759 64
86320 44
60128 61
76251 61
8368 76
69122 61
2006 46
78499 73
491|13
106782 82
69757 82
7293 81
27808 81
4246 82
3948 81
104374 82
86833 82
140110 81
8529 79
180231 70
4306 82
88405 80
492|20
736 80
784 77
628 83
858 82
852 80
64 77
990 78
830 81
743 70
62 82
52 82
1499 71
66 77
1210 83
881 69
1474 71
1405 79
724 80
1047 80
65 76
493|13
2985 61
4444 63
2916 69
1275 71
2571 76
1527 74
2028 78
3793 70
2167 60
1215 79
4701 57
2924 76
260 80
494|5
1196 80
4498 58
3578 78
2028 80
1210 80
495|20
140523 70
115149 81
1259 82
1721 76
136562 81
80489 82
19 61
50872 81
231 70
102123 73
52319 79
7254 79
7360 81
8528 81
1645 76
46578 82
30810 80
2918 81
148626 82
56775 73
496|6
1221 79
99149 63
858 78
904 78
8865 48
114713 61
497|11
1193 80
112556 77
112290 73
1916 71
92259 77
2329 79
112552 77
1258 80
2762 76
5349 71
111362 76
498|7
344 71
231 72
648 77
10 78
300 80
356 83
316 75
499|6
1202 79
2337 68
38304 79
327 61
56286 72
1304 78
500|18
2599 67
2987 62
543 54
2700 69
2542 70
1265 70
2916 63
356 75
3301 58
1784 63
1914 63
595 66
2355 58
3536 59
1885 54
322 59
838 62
720 71
501|9
6 76
62 66
93 55
45 66
3 59
637 54
11 70
18 68
662 55
502|7
7236 68
1077 71
4412 23
3469 60
2001 59
2520 70
1777 63
503|19
7455 70
7361 81
4878 79
356 79
91500 66
593 79
527 81
858 81
4226 80
1259 76
1342 57
2877 58
92509 60
90866 75
500 64
441 76
48516 79
2858 80
48394 76
504|18
4995 81
5812 80
2321 76
1 81
3556 81
7153 83
6708 79
1288 83
6927 70
4033 81
4700 71
6565 80
342 73
3408 75
6879 77
4361 79
5952 82
5955 78
505|7
1241 78
4105 80
1029 74
74685 69
273 67
6502 80
54999 77
506|9
59258 58
54272 69
37741 71
56782 78
62293 72
51834 54
49286 62
112556 75
61024 68
507|5
165 71
266 68
253 73
377 70
593 81
508|5
2872 53
2011 47
1952 64
1175 63
898 69
509|20
26958 70
130073 70
2028 77
87232 74
33830 67
5313 48
48 57
2090 61
2080 63
6942 77
8907 50
6156 55
5816 67
39 61
3988 52
6807 75
7458 63
1196 77
45447 57
616 68
510|20
1882 25
7026 37
35836 55
494 50
1198 74
514 52
457 65
2935 49
858 75
2699 38
317 41
8949 58
2918 62
145 43
1262 73
6787 66
1208 74
372 40
1242 75
40819 59
511|11
2959 83
53953 74
115149 80
164179 82
6534 64
99114 81
92259 82
318 83
2324 82
1653 82
56757 79
512|10
480 73
150 75
349 73
47 78
350 67
442 61
457 79
50 82
317 63
593 81
513|7
5952 79
318 82
2174 69
235 69
1304 76
1220 79
1080 80
514|20
1335 70
5704 70
62586 70
168358 70
180263 70
1704 80
2005 71
2792 60
2013 54
1673 81
134130 81
76093 78
1333 74
58998 76
68157 80
2406 68
3210 70
54503 78
4855 73
1644 34
515|6
33794 82
2028 83
527 83
91529 83
58559 83
2959 83
516|26
260 70
457 70
480 70
647 70
708 70
1042 70
1090 70
1197 70
1198 70
1954 70
1958 70
2021 70
2259 70
2268 70
3052 70
3471 70
4027 70
4291 70
4306 70
4321 70
4322 70
4333 70
4337 70
4349 70
4361 70
4429 70
517|20
4306 57
53125 44
1265 58
165489 70
97938 50
88744 50
86880 41
4148 36
26761 70
3398 50
1293 52
3988 33
2858 65
4963 53
1204 70
1704 64
47629 52
7669 55
1206 67
46578 59
518|5
3101 64
2657 68
783 67
1876 61
6365 65
519|6
1704 83
356 83
140110 81
6378 82
7445 82
1968 82
520|20
7266 70
318 83
1049 76
59315 81
4995 81
32 82
2716 80
4333 71
1291 82
1732 82
4085 75
2723 76
3081 77
3994 78
33493 76
135 66
2393 74
60516 65
2406 76
1584 77
521|8
661 71
112 72
86 77
104 71
58 79
79 58
52 75
852 68
522|20
99114 79
81932 80
89492 80
63113 69
2959 82
1193 82
1375 73
4993 82
223 80
27611 78
76060 71
180 73
59315 78
1617 81
10 73
67255 80
2023 74
6187 78
318 83
127098 79
523|15
168252 82
8970 83
5989 83
318 82
91529 83
1721 81
293 83
65261 83
4270 80
3147 83
27731 82
134130 83
31696 80
527 83
101962 82
524|20
1356 77
150 74
552 64
748 64
344 60
442 59
253 72
1225 80
20 52
589 77
1242 82
544 60
173 53
1302 69
380 68
457 78
1020 65
788 51
193 48
466 56
525|20
120807 70
317 58
6863 66
8622 73
33004 69
7147 74
2396 71
40815 74
137337 71
1639 74
1968 75
91869 70
45880 66
2100 58
339 65
4886 76
50872 77
86332 73
8983 72
3996 77
526|12
593 82
55247 80
46578 82
176415 70
1295 66
90430 80
4014 76
2352 80
176413 70
215 82
81845 82
51255 82
527|20
2137 80
3114 82
3210 79
3016 77
2161 80
4571 81
2118 81
3421 82
455 67
2867 80
2450 57
1909 77
1214 83
4299 76
736 75
2477 71
588 81
4016 81
1259 82
2533 74
528|15
4886 69
2278 65
80906 71
4037 69
1240 72
64614 74
3821 36
150 68
1291 76
80463 74
593 77
99813 71
85342 72
48516 78
58559 79
529|5
653 58
135 55
65 49
62 67
733 69
530|6
292 71
500 72
300 77
586 66
593 82
11 77
531|5
593 81
590 77
919 80
480 74
1215 82
532|10
1721 78
4863 82
457 82
290 82
1245 83
1242 83
2023 80
2329 83
1304 82
517 74
533|8
1200 82
6502 82
79132 82
46578 82
93840 82
4973 83
2455 79
66934 83
534|20
116724 70
97913 82
94953 79
2003 79
2167 77
7569 81
153 71
1485 74
65514 82
104218 69
344 73
2571 83
5445 80
95875 76
112818 72
82461 77
96610 81
2987 80
138036 79
1566 79
535|6
2571 73
2581 46
2700 69
2688 49
2583 70
2882 47
536|8
232 75
272 72
356 78
335 70
225 65
150 72
434 57
589 75
537|10
80906 82
367 77
7153 83
53322 79
104218 70
97304 82
6539 81
318 83
89745 83
105504 83
538|8
595 82
3671 82
80549 83
4039 79
69757 82
5047 81
44889 70
66934 83
539|8
4306 79
6753 74
5218 76
50872 79
88 63
3301 73
4886 78
69122 75
540|9
2598 69
2959 83
1073 80
8874 82
1681 58
2183 79
2841 77
2747 70
1196 82
541|18
590 76
457 79
413 58
15 58
110 79
595 76
597 71
480 74
356 81
203 67
529 77
357 71
22 69
345 75
546 45
586 61
281 77
350 67
542|20
6539 74
30793 60
5299 62
2542 78
34319 64
33679 62
4963 75
5481 53
1997 75
4025 53
3623 50
924 78
4369 57
6378 74
2571 79
7254 71
41566 69
37733 70
7361 81
45517 67
543|16
73881 79
1702 75
595 82
3301 80
231 76
2378 77
2379 71
86882 82
6377 83
588 82
377 81
48385 80
2571 83
4526 74
4388 70
92259 83
544|22
1 70
3 70
14 70
32 70
40 70
62 70
68 70
95 70
116 70
619 70
626 70
648 70
650 70
694 70
736 70
780 70
839 70
1042 70
1047 70
1059 70
1105 70
1356 70
545|5
1438 65
1267 82
2763 76
1367 71
44 59
546|13
1270 80
3328 77
480 72
1970 63
2456 64
1976 58
589 76
2657 69
1673 80
3941 70
3959 73
3566 64
1977 68
547|5
1211 76
2859 81
2917 79
1394 81
1288 82
548|26
69 70
260 70
356 70
733 70
1196 70
1393 70
1477 70
1621 70
2571 70
2716 70
3263 70
3578 70
3916 70
4776 70
4899 70
5955 70
6874 70
7458 70
8531 70
49910 70
58559 70
74532 70
80862 70
122904 70
125916 70
168712 70
549|5
2571 78
2028 80
4226 80
1210 80
589 76
550|6
167296 70
102125 79
106782 81
116797 81
112852 82
122882 81
551|20
5010 81
34162 76
60069 82
1544 64
45186 75
103772 73
51935 78
4226 82
2353 74
7153 83
5989 80
135569 78
115149 79
88129 82
134130 82
6934 67
47 81
4701 71
2959 83
98809 81
552|20
2916 67
3317 73
1405 43
2953 50
2245 58
2944 75
2890 68
2125 68
508 67
3948 59
5349 65
2959 80
2857 60
173 40
2991 67
2871 73
2628 49
4308 63
4878 77
3101 53
553|17
55765 82
3481 82
1923 81
2571 83
4011 83
50 83
3949 83
1089 83
44199 82
5513 70
2231 82
2395 81
3052 82
61257 70
1221 83
33166 82
2959 83
554|18
1196 83
1022 78
2820 70
1207 82
1517 78
1282 82
1210 83
1760 50
2282 71
1225 83
907 78
1358 81
2096 77
1028 82
593 83
608 83
953 82
2324 82
555|20
790 70
3664 70
1 79
3111 82
3395 67
104 69
1334 64
2506 67
2072 69
4002 80
1266 82
2641 63
2256 61
2791 81
2701 47
1333 79
1320 68
337 80
1393 75
3526 73
556|7
162600 81
122890 79
3081 80
88125 82
588 82
72998 80
74789 74
557|6
648 75
231 70
1291 82
260 83
1210 82
150 79
558|12
5329 77
5064 82
4903 80
2297 80
2568 80
4993 83
4306 82
367 78
5283 77
1097 82
4164 78
5294 83
559|20
552 63
608 82
355 46
329 65
544 59
1527 77
173 51
377 68
745 76
174 46
529 75
350 65
349 72
533 60
836 50
1210 80
420 51
786 58
227 50
253 71
560|20
5839 70
91535 65
136018 54
67997 78
79132 79
3253 72
142558 70
2355 71
39435 63
1527 79
40414 78
64614 80
48744 72
56587 74
593 81
76251 74
84944 70
109313 70
5878 82
40819 77
561|20
168174 70
5308 53
78469 55
3703 78
60069 78
91535 58
2105 65
73017 73
5445 70
2000 72
83134 72
79132 76
79592 64
80463 77
89745 79
527 81
8972 64
353 75
33162 69
68157 79
562|20
27140 70
6870 83
6377 83
2580 83
1249 83
4776 83
36529 82
1259 83
1982 82
2268 83
2133 82
83134 83
3210 81
48394 83
30707 83
33836 72
2692 83
88163 83
99191 70
1240 83
563|20
61071 70
70932 70
80858 70
919 79
74450 63
588 75
5943 54
118997 57
86833 75
1197 81
128832 70
85397 64
45221 50
33499 55
7380 69
96821 75
81784 65
95307 51
65585 71
55250 54
564|20
50942 70
356 82
31685 69
131013 69
61024 76
79224 61
87869 81
500 72
108156 69
81784 69
93270 54
6188 74
106918 78
65230 74
67087 75
80693 66
94677 68
8984 70
73266 71
2671 73
565|6
590 75
231 61
19 54
21 69
50 81
539 70
566|15
648 68
10 71
231 61
329 66
342 66
141 70
203 66
345 74
39 67
497 78
265 73
588 75
708 66
353 77
2 68
567|20
8189 70
26743 70
92681 70
109897 70
152071 70
5690 62
136602 63
122888 70
6333 54
1274 61
122922 48
153070 70
151687 70
117877 70
108928 37
954 67
122924 38
27773 56
648 42
135887 40
568|23
50 70
147 70
296 70
356 70
480 70
593 70
765 70
1103 70
1104 70
1257 70
1298 70
1895 70
2313 70
2359 70
2863 70
3053 70
3148 70
3261 70
3363 70
8169 70
46723 70
63853 70
65088 70
569|5
231 75
50 83
380 79
588 82
592 79
570|20
208 50
8636 75
48516 80
1225 80
586 55
2683 61
457 77
1196 79
110 77
4993 80
7361 81
1198 81
1079 77
10 67
3793 72
1391 59
589 76
380 64
527 81
185 54
571|20
1331 70
2982 70
2366 63
1128 47
610 61
2902 49
1998 35
3696 68
1980 70
1987 70
70 62
1924 49
2279 41
1327 39
3732 57
1972 34
1278 76
1644 35
2327 58
1978 41
572|20
1961 79
2570 72
2788 82
2321 75
111 81
904 83
2987 77
2302 69
1834 82
2539 67
2917 79
1307 80
1 80
161 77
3421 80
838 77
1356 81
2006 67
3167 78
1953 82
573|20
89745 83
72998 80
3752 80
356 83
7293 79
6754 79
8665 82
32587 82
1073 82
88744 81
1127 81
68954 83
98809 83
2640 81
48516 83
71535 83
59369 80
60069 83
88140 82
1562 65
574|23
47 70
110 70
150 70
153 70
161 70
185 70
225 70
231 70
292 70
296 70
300 70
316 70
318 70
329 70
339 70
344 70
380 70
410 70
434 70
588 70
592 70
593 70
595 70
575|8
2566 63
2580 77
296 82
2581 57
2572 72
2542 78
2574 43
2598 60
576|5
849 55
1321 62
1373 52
1479 61
2289 71
577|20
2415 70
1183 72
1288 80
1129 70
2944 77
2194 77
733 69
1213 81
2076 76
2020 72
1262 81
1931 74
1391 58
2987 69
952 77
1909 62
260 81
919 77
2248 71
1270 80
578|6
6751 70
52668 78
45668 73
830 71
72407 59
75446 70
579|15
3174 80
2485 73
1022 80
2018 80
838 81
1917 76
1391 78
596 79
1573 78
2965 70
1653 83
2599 82
892 82
2687 80
595 81
580|20
5767 70
6583 70
480 74
8844 70
6989 69
3809 68
41569 69
3699 66
4041 69
33166 77
356 81
508 75
8376 71
3578 80
608 82
3785 61
3089 82
1320 66
54286 77
1201 81
581|8
7153 83
5995 83
4973 83
116797 82
3949 82
4306 82
109487 82
6377 83
582|12
91529 82
2959 83
116797 82
4993 83
5618 83
2571 82
76251 79
69844 81
104841 79
48516 83
97752 78
76093 82
583|12
8533 73
88405 61
2706 65
117590 74
317 61
60756 66
6942 80
595 74
46578 78
104 65
2694 63
7451 79
584|17
288 81
22 81
203 79
315 77
500 80
316 80
539 81
234 73
296 83
257 81
434 77
586 76
338 76
349 82
282 81
480 82
590 82
585|13
3173 78
1228 83
54503 83
2959 83
428 82
1405 77
7254 82
441 83
1805 78
296 83
27373 70
5325 82
79132 83
586|20
34332 81
4016 83
111659 80
106002 82
149406 82
167036 83
45499 82
136556 70
5445 83
117851 80
1291 83
71264 82
106489 82
135436 81
3753 82
2640 83
3147 82
122916 83
3793 83
101362 76
587|20
1234 83
628 82
2012 79
534 81
2002 75
1641 82
236 79
1376 78
2622 77
1541 69
3260 82
497 82
3082 78
445 77
3448 82
2574 61
765 75
691 71
329 77
3406 77
588|12
50 79
16 73
20 43
356 77
350 58
198 62
593 77
364 74
163 63
253 65
223 75
3 54
589|8
1092 73
318 83
590 80
373 76
586 70
587 76
527 83
337 81
590|20
924 77
8807 67
2371 58
38061 81
81834 78
40815 72
4890 56
903 76
5 50
3624 56
555 75
4047 74
51662 71
2085 67
419 45
595 72
329 61
2376 63
3635 65
2398 77
591|11
2908 76
2706 64
2712 69
2355 68
3615 55
3578 79
2394 69
3798 61
356 80
223 79
2724 50
592|19
514 77
2 75
153 66
415 61
110 81
177 70
420 65
380 75
44 59
788 64
588 79
163 77
204 62
610 77
39 74
419 65
253 77
432 62
240 68
593|20
1196 74
1073 69
1086 77
1617 73
4034 77
41566 59
1197 77
344 48
8368 75
339 54
2959 78
8961 68
5816 61
2797 63
4896 65
588 64
595 66
5952 74
377 57
141 58
594|20
7031 70
2671 81
7115 79
1616 75
5943 73
1188 82
2269 78
1733 81
4902 82
6996 43
780 80
1429 81
6140 82
7046 80
39 79
595 82
799 82
2028 83
8482 70
7169 82
595|5
265 80
50 83
1186 80
1199 83
1966 74
596|20
33649 70
43744 70
182793 70
129397 47
128908 70
1 77
142488 82
122922 73
4310 57
71838 62
4025 55
2501 75
110102 76
149406 69
2774 70
5502 67
8665 76
6537 63
2571 80
345 74
597|20
1799 74
490 66
3040 73
2529 81
2858 82
903 81
3039 78
2000 79
1291 82
357 75
1228 82
1845 81
2411 65
1580 74
1148 81
1198 83
2723 74
485 68
592 73
2692 82
598|5
56367 83
8360 80
593 83
114265 70
103543 73
599|496
26142 70
26567 70
26590 70
26676 70
26854 70
27595 70
34800 70
53450 70
60803 70
69131 70
74696 70
79895 70
84523 70
87960 70
92674 70
98799 70
102735 70
102852 70
104017 70
105020 70
122433 70
157865 70
158874 70
160978 70
161044 70
174727 70
179053 70
1801 54
6035 58
3387 38
33437 57
112 53
5995 71
167706 70
4394 70
836 40
7235 51
8809 59
102749 70
89087 35
42011 41
432 38
471 59
5628 58
1015 50
2 52
2269 47
69 63
3947 52
79091 58
104837 70
4037 62
7587 59
6881 58
1449 65
7225 57
81229 56
68952 65
4728 43
5081 43
33966 70
1779 46
3669 70
87197 70
170297 70
79057 53
95965 70
55207 70
4007 58
1220 69
80831 61
46723 56
71282 66
7757 58
3259 49
92309 56
1376 53
7192 44
4654 45
101423 70
53468 49
62662 70
3174 55
3698 51
2882 43
2359 57
1183 62
2792 51
1095 63
8387 24
53125 54
115713 65
2949 60
2471 37
3 48
1231 66
3861 43
240 44
1480 52
2301 60
1445 33
8045 70
586 46
2942 36
1185 68
4594 70
2474 56
3671 65
3196 67
64839 65
98697 70
2606 40
1777 56
5309 36
7022 66
4873 62
541 74
27311 67
43921 60
67734 50
4240 70
5026 67
168 40
33493 55
4125 35
7354 53
207 54
1094 52
742 47
1609 51
1042 46
3362 66
4553 57
4632 56
2278 60
468 53
122904 65
75416 70
42718 65
4285 46
79274 56
1794 70
45081 45
108192 70
3489 56
3503 66
89804 52
163809 70
577 37
3071 54
1204 76
3981 37
95771 70
45382 62
6548 48
59387 62
166528 65
168492 66
6691 70
605 44
424 30
2991 58
248 40
97950 70
3865 57
1216 54
342 52
35836 59
27772 42
176419 48
151781 70
277 52
6320 16
39381 60
5111 70
4090 50
2450 29
2676 55
2356 40
79702 60
1597 50
410 48
1721 53
3702 55
183301 70
1387 71
2072 50
26729 57
2393 52
4247 37
4591 46
1032 56
3087 48
1895 51
634 32
210 50
2074 63
51575 36
3505 65
5247 46
481 52
4215 30
1355 39
2657 54
2028 71
4011 72
420 40
552 50
1196 71
2395 59
5303 57
1752 39
3186 58
4310 44
1784 60
3200 70
7254 58
688 41
473 36
1079 68
1552 45
1148 66
1544 43
63113 52
2325 51
26649 66
6804 70
161 57
4109 48
34332 43
1653 69
4808 41
7707 70
3468 69
502 31
1221 75
1792 46
68319 46
6787 67
2119 27
3884 29
4254 29
3973 37
103609 70
8934 70
5377 64
42632 71
55290 60
4506 50
7840 57
5568 44
1689 45
7005 70
103228 59
59947 70
786 45
4351 54
172253 70
4679 54
1411 72
117630 70
1590 49
112623 58
3146 35
8984 50
1920 44
519 31
179817 66
3979 42
3741 61
44020 45
26630 70
7285 61
3030 72
1021 38
8638 65
87 47
7153 72
2877 48
2018 56
3173 48
5198 70
7101 48
7701 31
3213 65
26159 59
2339 70
33896 63
2000 62
4006 52
136562 60
37382 48
6645 65
171763 74
8528 61
27008 70
4017 63
4167 46
86142 59
1249 71
3255 58
736 48
2779 52
84414 58
27773 64
2083 64
98499 44
4034 73
119828 70
1993 41
94864 53
6631 30
2321 53
26242 53
3703 70
41566 57
2529 66
1968 64
8914 66
3257 44
159403 70
1036 64
76093 67
5103 54
6947 56
1952 69
2124 52
4084 43
6016 68
778 73
81 49
2171 63
1253 63
4275 49
7982 57
3723 63
849 46
2681 52
6565 62
39414 51
122916 65
6440 66
8917 55
72011 56
1605 44
1240 66
923 73
68157 69
5961 70
5053 70
3571 58
2403 56
3871 63
44238 70
72226 64
7004 44
2054 43
62970 49
5159 48
354 60
122924 49
48774 67
1394 68
3763 55
70286 62
1904 51
3969 56
81562 59
102590 70
233 60
4155 45
1031 55
76 48
459 35
1097 62
1178 67
60291 59
3328 66
1232 66
3036 48
5283 48
4327 56
610 57
2726 71
4732 36
5970 48
2396 58
594 66
1247 71
45499 53
3476 53
2399 39
137218 70
1997 62
3271 62
27801 66
6365 50
1799 55
580 46
122900 59
2803 49
80219 54
466 42
110882 60
3997 31
26176 70
2378 45
117895 28
26662 70
90603 65
119218 70
44 35
809 35
1960 60
4519 50
1959 63
414 41
1073 65
61236 51
1479 52
4019 63
1245 69
37857 62
161032 70
371 59
3020 63
88593 70
6774 66
2005 59
90405 46
26285 70
6793 29
627 51
1617 70
6734 36
108090 70
2427 52
51024 57
122922 57
3440 29
6874 73
4919 52
338 45
81591 61
1704 71
1499 28
357 55
62155 54
144 53
34148 55
53519 47
4504 70
2796 45
216 59
6827 30
1429 54
7445 52
1385 43
90471 53
8425 70
10 57
26542 49
7387 62
72998 56
89470 62
3629 69
1297 67
3424 66
1672 58
44761 67
196 40
70703 70
2383 35
180 57
4040 37
6333 63
4440 62
5291 62
88235 65
1639 62
4580 21
153236 70
86190 56
4477 36
103027 70
32291 55
34811 70
5171 40
122260 70
8784 65
5954 69
8798 63
707 41
880 41
314 60
61323 57
600|20
3269 50
1394 74
3785 50
2717 49
5569 63
4306 70
1206 77
56775 54
2015 60
7 50
2013 50
262 73
1210 77
1060 67
2431 55
2077 66
2423 63
4641 66
527 78
5076 49
601|20
141846 70
68157 83
1262 83
106782 82
60069 83
49272 82
5445 81
1193 83
1207 83
79132 83
904 83
166024 81
1917 76
7153 83
2324 83
170697 81
31658 82
5989 82
88810 83
2571 83
602|20
161 67
19 48
350 61
494 64
14 72
471 69
125 64
434 54
235 66
481 62
315 51
371 69
474 69
527 80
21 65
349 68
440 65
339 62
480 69
163 66
603|20
602 70
803 70
2008 70
2577 70
3459 70
4787 71
2912 78
1769 56
485 58
4420 70
920 75
1 78
2706 66
1844 81
3787 72
1222 81
190 63
2716 77
3983 79
101 78
604|20
220 70
292 73
151 78
329 72
410 70
426 75
435 56
316 72
22 74
235 76
181 54
332 66
273 66
637 65
285 70
173 62
588 78
23 69
553 78
1 80
605|20
35347 70
6787 77
1197 80
5667 70
42738 57
51662 72
7373 69
596 64
780 65
4571 72
2316 68
7454 52
150 72
60040 61
8977 47
3269 58
72982 70
1210 79
62376 49
60937 41
606|20
263 70
563 70
583 70
3808 70
4671 70
4840 70
5856 70
6111 70
6573 70
8685 70
32728 70
55805 70
3147 82
4392 71
2311 76
6308 51
50842 79
6591 79
8270 72
2025 80
607|20
891 76
1610 82
448 78
3147 83
1094 76
1307 82
592 76
204 60
1552 72
527 83
3476 75
296 83
2313 82
3440 53
423 71
1518 76
2118 80
2193 79
380 77
2028 83
608|20
52245 57
2997 80
3793 72
2763 68
174 44
2000 73
1214 78
919 77
2700 75
4161 59
5146 56
1639 73
541 81
473 44
2529 76
522 74
4343 53
1909 63
2431 62
1220 78
609|8
296 80
833 42
356 78
339 64
454 68
318 81
208 55
292 63
610|20
5953 70
58975 70
70206 70
78626 70
82765 70
97988 70
107447 70
107462 70
110591 70
110746 70
118082 70
139655 70
160341 70
86644 58
56801 53
61024 78
77561 76
4816 74
62434 77
3972 79
