1|20
260 84
1927 84
804 81
3 81
1009 81
2406 83
1587 83
3671 84
2617 80
3053 84
2571 84
1222 84
2137 84
1377 79
2395 84
2761 84
2641 80
2872 84
1258 84
2700 84
2|6
333 77
122882 82
71535 83
46970 71
58559 84
80489 81
3|8
5764 70
647 45
6835 70
5919 51
2851 35
2288 54
5048 30
4518 42
4|20
106 70
1291 77
3408 65
265 68
52 66
4347 63
2467 72
908 79
345 69
1304 74
1923 67
2959 81
368 63
1219 78
4765 65
1199 80
4166 34
1732 79
21 62
2858 80
5|9
515 79
1 75
364 77
608 82
290 74
261 74
34 70
318 83
21 65
6|20
349 78
318 84
775 70
141 75
348 81
104 74
327 66
410 70
165 76
87 69
366 66
17 78
1084 83
222 76
16 82
416 55
277 69
460 69
867 65
316 73
7|20
8528 67
3623 44
8636 71
8360 65
1517 64
466 46
8373 42
1220 72
7155 49
8808 50
6863 59
31878 59
1610 72
1219 77
4700 54
45668 58
8970 66
27741 71
6333 70
8865 46
8|10
356 81
47 77
231 58
318 84
454 68
292 63
32 80
141 67
380 66
252 63
9|10
5451 49
923 79
5890 55
2901 52
922 77
6044 70
1987 70
5378 51
3735 70
5447 55
10|20
597 66
33679 61
8533 70
8969 59
72720 74
88810 79
136020 56
6377 77
5943 47
109374 79
113394 70
61250 44
82167 51
140110 72
5377 75
77841 70
6942 78
1028 78
72330 70
66203 51
11|13
733 75
1584 77
1210 83
170 71
1438 57
648 73
1918 64
493 81
10 75
457 82
1693 73
150 79
1923 77
12|7
2717 82
2100 83
838 84
2072 83
1876 82
2581 82
6942 84
13|7
3717 69
3624 68
3798 70
2174 76
47 81
3893 75
305 64
14|10
344 61
477 72
110 80
540 58
597 70
153 59
592 70
4 49
539 71
105 62
15|20
91529 76
7438 79
111759 75
2329 80
1 75
1909 64
1240 76
115713 75
1200 77
293 78
2571 79
3949 76
120466 61
1198 82
2028 80
2011 66
158 45
160980 67
4306 74
4022 71
16|20
1230 71
78499 77
913 82
1136 80
1299 72
1617 79
1203 77
3429 79
2858 80
608 81
3683 78
4002 69
1199 80
912 80
2707 57
5782 75
1260 68
319 67
27773 74
2109 66
17|20
260 84
64839 84
296 84
5952 84
527 84
1193 84
3681 84
1240 83
2717 72
2858 84
1093 79
81932 84
5618 84
50 84
5971 83
2959 84
1201 84
541 84
82459 82
1 83
18|20
8117 70
65596 70
88094 70
145283 70
157110 70
166015 70
171023 70
103253 61
60684 83
44199 77
2 70
86628 68
59784 69
2918 79
109374 82
4226 83
53129 82
139385 77
47 79
1291 81
19|20
3692 70
3662 48
54 40
2733 40
1702 47
1240 67
1270 74
3712 51
1881 47
216 56
3 51
1834 68
2184 56
3017 48
2044 34
2354 35
2005 62
3146 32
3387 36
2694 48
20|20
1566 72
5419 62
4014 71
2140 75
586 60
661 66
3189 74
5014 77
1333 78
4161 67
3784 58
1030 57
5313 52
2804 81
2054 55
34 75
1097 78
6358 70
4519 66
1722 64
21|20
107013 70
117922 70
140301 70
57640 78
2985 66
2990 65
2717 57
5418 76
31433 58
112175 78
7153 81
30793 60
4446 69
52973 73
45186 68
2023 70
79185 61
1721 66
102125 70
5459 56
22|20
8961 51
2723 39
60950 38
64575 44
1193 64
70286 51
4993 62
2160 61
39183 42
7147 52
3996 51
3481 48
55765 50
48780 55
7361 67
51540 49
6711 61
2968 52
3949 55
48394 52
23|20
6234 70
3996 72
293 76
1206 81
1136 80
1960 66
7587 71
3424 76
3181 73
2467 71
1248 82
1617 79
6807 77
1952 79
6440 77
1258 79
1243 75
1080 79
8228 67
1711 57
24|20
1784 71
2617 58
111759 76
134853 77
58998 75
1265 78
1198 82
3147 81
1197 81
1220 77
2424 59
5418 75
72011 71
54286 72
27773 76
64957 67
356 80
44191 77
1682 75
68358 76
25|6
58559 84
60069 84
74458 84
79132 84
527 84
260 84
26|21
10 70
34 70
47 70
150 70
153 70
165 70
185 70
208 70
225 70
288 70
296 70
300 70
344 70
349 70
356 70
380 70
434 70
454 70
457 70
592 70
593 70
27|20
1196 82
2478 61
2640 77
3508 83
3555 71
1201 82
3519 65
969 81
2080 69
673 56
2886 49
2529 80
1387 82
1101 67
1947 73
1250 81
1276 83
3114 78
1083 67
3809 71
28|20
27450 70
60943 70
61011 70
63033 70
5617 69
59369 57
60046 70
507 49
3300 57
55094 53
59018 70
26695 70
2951 67
3006 64
2231 64
5418 66
26812 50
2058 51
353 65
61167 70
29|17
98961 80
7379 74
1250 83
1201 83
111362 81
48516 83
1100 60
26554 81
3441 75
4327 77
2872 79
2301 79
1617 84
3681 83
55820 84
4223 77
99114 81
30|7
5952 84
108932 84
1200 84
91529 84
116823 84
112852 84
1198 84
31|10
1198 84
1200 84
648 78
1363 74
1073 83
1036 82
1197 84
377 79
1246 84
1270 84
32|20
236 72
314 78
1356 80
357 74
224 75
627 72
1079 82
1084 82
318 84
761 54
1197 84
849 63
912 84
880 56
1198 84
58 81
203 70
608 84
497 80
410 67
33|20
110 79
17 73
2396 73
2272 68
448 71
428 74
265 74
1280 82
1177 83
1617 82
50 83
261 77
11 74
452 51
345 75
608 83
150 76
1188 75
800 80
2690 74
34|18
780 67
2273 62
3717 61
26606 73
45499 66
3996 76
4310 56
3624 61
31685 62
1721 66
5146 63
7090 78
70 72
2006 58
3000 79
4306 75
27728 62
3997 37
35|5
11 80
185 70
595 81
21 77
300 80
36|12
5171 35
3066 65
552 42
4025 36
1262 72
2735 35
2359 55
1372 50
1278 72
2194 63
3347 68
1704 68
37|5
344 75
356 84
661 79
329 78
457 84
38|16
434 51
39 60
223 74
161 66
246 77
168 47
273 52
480 68
356 78
457 74
364 75
50 80
500 61
300 67
551 66
21 62
39|20
2571 82
2391 80
1921 83
1862 47
1219 83
1907 77
2081 75
2459 70
924 82
2529 81
1729 78
47 80
260 84
2080 72
592 73
296 84
3213 80
610 76
589 81
596 72
40|20
440 77
454 77
588 80
339 76
158 61
432 61
431 81
186 63
616 79
514 79
21 76
592 76
1 83
223 83
585 66
216 78
104 76
371 77
111 84
267 64
41|20
96829 67
64839 74
122882 72
6287 49
1569 54
106920 79
86781 70
3160 69
1721 56
2028 76
6763 32
5418 69
53519 48
122904 67
55247 70
924 73
4011 76
2324 72
35836 62
5995 77
42|20
3869 78
4654 65
1021 58
2423 74
3248 44
4477 52
2500 59
1431 58
195 72
3326 55
2407 71
1090 82
2735 60
3693 58
1020 72
4545 69
4132 58
2263 62
3535 77
2805 62
43|20
225 84
296 82
596 84
588 84
587 84
420 82
158 82
631 84
5 83
597 84
168 83
355 82
47 83
367 84
519 81
594 84
236 84
1 83
60 84
259 84
44|10
36 77
663 74
12 47
661 65
94 78
1 77
104 67
112 66
494 68
889 70
45|20
2718 77
1036 82
2028 84
1653 83
1682 82
2396 80
3249 76
261 82
4308 80
329 74
1367 70
2890 81
593 84
1127 81
2431 75
6377 83
569 66
1197 84
1060 82
2858 84
46|9
590 83
588 82
315 75
208 73
1 84
432 73
225 79
434 75
339 80
47|20
508 62
68932 62
72395 63
2420 66
597 55
148626 72
5989 68
96588 62
69122 60
6155 50
4975 56
30749 65
106100 62
45950 61
2028 75
4018 50
1259 70
6373 51
33166 68
2407 53
48|7
4886 83
1320 79
1527 84
1193 84
3793 84
48 79
1653 84
49|5
2028 84
1214 84
139385 83
318 84
527 84
50|20
8143 70
114335 70
136564 70
142074 70
171759 70
175693 70
179073 70
175707 70
71264 55
82848 70
1377 41
44555 68
8157 53
6807 67
95543 40
8253 43
96610 60
924 65
32875 70
4896 56
51|20
7040 70
5620 63
2613 63
4437 80
2023 77
1500 78
522 82
858 84
4508 82
2951 82
1014 73
1407 71
2282 63
2420 80
3388 60
260 84
3186 76
3994 77
3501 69
2371 71
52|20
152081 83
51255 84
74458 84
1923 83
7438 84
40583 83
59784 81
55765 84
112852 84
86892 84
55363 84
112138 83
49272 84
52245 77
69481 84
50794 76
1704 84
54736 84
44665 84
47200 79
53|5
481 83
1100 79
249 84
1125 84
916 84
54|7
296 78
593 74
639 52
1 67
205 52
161 61
500 55
55|5
2407 54
673 44
3275 76
2890 64
4011 75
56|10
786 71
253 80
165 79
110 83
589 83
370 74
434 71
410 74
69 81
185 71
57|20
2140 68
942 77
920 71
3175 64
1784 69
3429 80
933 78
1193 80
3446 39
160 49
1499 34
2640 71
892 72
11 70
2947 76
6 78
2478 53
2291 72
1688 61
2301 69
58|20
588 80
282 75
185 70
419 65
367 73
277 72
48 73
280 82
337 82
345 81
3 74
357 78
527 84
587 77
218 76
500 76
508 80
368 77
364 83
353 82
59|20
1696 75
6460 84
3489 80
1188 82
1222 84
2076 83
3448 83
1263 84
1247 84
527 84
1244 84
904 84
903 84
965 83
2616 74
1953 84
608 84
105 74
912 84
3471 83
60|5
832 69
58559 84
805 74
455 53
858 84
61|8
266 77
1101 76
7438 84
173 66
555 83
2012 78
4878 84
3949 83
62|20
99114 84
176371 83
3793 83
56757 82
73017 83
30793 75
179819 74
68554 78
185135 84
168248 84
5903 83
4878 84
2028 84
5502 78
6058 71
344 73
1721 79
45499 80
41566 81
78105 76
63|20
5669 76
4246 73
48780 77
500 63
6016 79
31658 78
2858 81
64285 73
85414 67
1221 83
106696 68
4963 73
50 82
1097 73
260 82
110 77
1222 80
4979 70
5952 80
77561 67
64|20
5878 83
3101 67
2640 79
2959 84
8784 81
2054 59
4239 80
4025 61
5026 82
40819 79
266 71
2699 63
27266 81
3969 76
1805 68
6296 71
4776 80
3148 82
4262 81
356 83
65|7
1246 82
33660 81
7458 74
2329 83
4993 83
91542 79
3147 83
66|20
593 84
47 83
5418 82
922 84
2139 81
2956 73
3745 77
1956 82
4581 70
5349 79
1210 84
1094 75
2001 75
380 76
6539 82
671 80
1 83
6378 81
7766 83
296 84
67|8
99114 83
4306 83
27193 82
79132 84
60069 84
2012 80
4886 83
4993 84
68|20
47978 70
95218 70
6534 48
48696 70
67267 68
30825 58
1799 68
3556 75
8622 68
4351 63
63113 64
58295 66
7151 66
2413 68
6287 57
653 56
41566 68
5541 57
260 81
48043 69
69|10
4370 79
4848 84
3671 83
2476 83
1193 84
356 84
553 83
4022 82
260 84
3994 82
70|13
1193 84
1097 83
1914 83
1269 83
4995 84
318 84
8949 83
1968 82
1210 84
89492 84
1250 84
1235 84
2366 82
71|7
494 71
647 71
736 65
95 59
733 73
589 80
7 61
72|9
1047 74
150 81
858 84
2490 78
1357 81
260 84
50 84
1198 84
1196 84
73|20
1193 83
45720 73
105037 63
6333 78
59315 79
76293 61
138204 75
2706 70
152081 75
45221 51
68135 72
150 77
8376 74
93510 77
59784 70
116823 79
106072 71
1682 78
52245 62
35836 75
74|20
31522 70
2594 84
2908 84
30749 83
6870 83
3006 83
52281 82
49772 82
55118 84
2997 84
6305 83
608 84
4546 83
41863 84
27773 84
6001 84
1251 84
6552 83
46976 82
44555 84
75|14
5445 66
1240 72
5952 77
2193 65
6870 69
2529 73
168 44
541 80
3176 63
1962 66
2078 72
1889 66
1266 77
1374 70
76|20
48877 33
5956 55
2918 63
58803 53
1247 73
74458 59
7669 65
79132 65
8957 36
858 76
55820 72
1258 70
63436 33
1201 68
1208 73
48 43
288 50
34405 69
1 62
1196 69
77|6
3996 82
4973 84
7361 84
8636 82
3578 83
33794 82
78|13
296 83
165 68
3809 66
589 78
546 40
27904 75
260 83
590 74
480 72
68791 69
344 57
44974 67
380 65
79|13
3266 84
3029 75
589 83
1916 82
307 83
4005 79
260 84
1189 84
1345 78
2000 81
1374 82
2659 70
2076 83
80|20
7445 83
96691 82
84189 70
91630 84
49530 84
8950 84
6539 84
4223 83
5630 83
3527 84
76251 84
80363 77
52604 83
6502 84
34048 81
1221 83
60684 84
6952 81
5989 84
77561 83
81|26
10 70
32 70
47 70
110 70
150 70
153 70
161 70
165 70
208 70
231 70
288 70
296 70
316 70
318 70
329 70
344 70
356 70
364 70
367 70
377 70
380 70
457 70
480 70
588 70
589 70
592 70
82|20
6886 70
2381 60
2378 67
6566 61
368 73
6536 76
3253 73
4310 63
1608 71
1372 73
145 66
356 82
6708 76
1485 64
4369 63
6564 49
6888 42
5803 53
4015 52
364 81
83|20
56367 71
7143 70
7323 61
6539 67
161 63
586 48
2115 63
1270 76
6874 77
2324 72
1537 67
7153 77
68954 75
48774 73
30749 67
8014 77
1222 76
3753 57
1223 79
64983 56
84|20
55 70
987 70
912 83
1096 81
420 52
1227 83
113 64
580 63
5060 82
1293 78
900 74
1097 77
62 71
368 71
1305 73
1247 83
1296 77
11 75
1073 79
1094 66
85|7
1519 70
1624 47
1140 70
1694 54
1643 74
1747 71
1635 72
86|14
4993 84
4310 74
6947 82
2411 74
457 83
5418 83
3996 83
4901 81
1835 79
33794 83
1196 84
3555 80
1097 82
2687 80
87|5
4023 68
2009 76
3504 81
671 77
2139 78
88|12
7312 70
74795 71
4993 81
68157 82
5952 81
1193 82
223 79
8665 75
4262 77
56782 82
8677 60
58559 83
89|104
26645 70
32060 70
44851 70
53280 70
53578 70
67888 70
69211 70
81087 70
84246 70
103602 70
108078 70
109596 70
118894 70
121007 70
128089 70
128944 70
131098 70
131439 70
134847 70
140481 70
146684 70
148632 70
150554 70
164226 70
30793 62
169912 55
87869 78
1923 73
4015 47
950 76
173253 70
2324 79
27826 70
92259 81
11 74
3977 55
86298 62
8154 78
77688 70
2997 81
170837 70
49274 50
157775 70
1 77
142196 70
99117 51
62008 70
72624 70
108156 59
3752 66
2059 61
128520 74
3175 69
133879 70
48649 70
126088 70
5529 60
65588 70
99130 70
40962 59
1732 82
68659 70
91666 70
2683 64
3751 72
750 83
6650 81
149508 70
2395 73
51575 52
65230 67
171751 70
85881 77
139157 70
6863 68
4246 76
108949 64
1230 75
160567 64
73319 54
177185 70
130520 58
5220 55
121338 70
153386 70
50872 77
149566 70
145491 70
4890 62
129354 55
32243 70
84944 67
6402 70
1288 82
140133 70
119141 74
947 76
176621 70
4973 82
158398 70
69469 70
54503 78
141928 70
102481 69
90|11
1137 70
1144 70
581 83
81 75
892 83
1073 84
116 80
896 70
17 82
7 75
613 75
91|20
3013 70
6395 70
8147 70
7153 81
3360 77
2791 77
3897 78
1080 81
4850 71
3429 81
7000 72
2060 69
2916 72
1391 58
2100 58
318 84
2146 66
1225 82
1246 79
8501 73
92|5
2572 81
2114 82
1015 75
2454 79
1801 80
93|20
736 81
1917 81
552 82
1721 83
539 84
480 84
1372 84
368 83
2355 83
1923 84
2193 84
2006 81
339 83
1097 84
1591 80
260 83
2968 84
1676 83
593 84
558 82
94|12
231 50
377 60
367 52
364 73
288 58
19 41
10 61
586 50
590 68
380 58
589 72
318 82
95|20
18 80
4878 84
6979 78
4732 62
3019 83
5246 63
32 84
2952 81
1247 84
1198 84
5283 73
3361 81
1513 73
2009 79
539 78
122 66
1584 80
1240 83
4262 82
5349 79
96|16
527 83
1094 67
272 77
3819 81
150 76
2021 71
2571 81
1214 81
2058 69
1220 79
733 72
2340 63
1721 69
2396 75
367 65
1291 81
97|8
4701 78
4306 83
3578 83
4993 84
4963 83
4299 78
3981 68
4161 80
98|19
81845 83
8961 80
122912 80
5299 71
63992 48
187541 65
56152 78
134853 82
69644 62
6863 74
5618 84
56801 56
3499 82
134130 84
74789 65
82461 72
1258 83
88810 83
79132 82
99|11
318 84
161 81
420 66
592 79
196 65
122 68
145 75
150 82
316 77
236 78
588 82
100|20
497 84
296 84
1393 81
95 73
592 80
605 72
6059 80
28 84
2245 79
62 81
4308 82
1777 80
838 82
2125 84
1288 84
234 69
1197 84
2005 83
4014 81
4623 83
101|13
2580 78
3285 57
2723 69
2700 78
2908 77
2390 81
3175 69
2395 74
358 55
2702 64
3394 56
2997 82
2502 81
102|12
158 49
588 74
150 74
592 67
253 72
480 73
344 57
539 68
553 74
593 81
586 56
223 78
103|20
86014 70
1954 83
60040 72
1968 80
77206 70
2161 76
1732 84
81834 83
608 84
2384 70
4254 43
104 75
139642 68
56782 84
2096 77
101 82
6534 60
374 43
60069 83
30793 70
104|20
4740 70
743 47
5218 75
8643 66
1288 83
47997 72
468 69
76251 75
8533 76
4018 66
38038 78
1566 73
7361 83
6060 60
3034 76
1641 78
4641 78
108190 62
616 74
7034 76
105|20
4788 70
69685 70
95311 70
95313 70
110586 70
141816 70
141818 70
170597 70
172587 70
172793 70
173351 70
173535 70
6433 70
4974 71
70286 84
108981 70
95175 70
69122 82
1243 84
3916 82
106|7
69844 84
72998 80
59501 77
86880 78
5349 81
53125 79
59784 78
107|7
231 74
253 82
590 83
165 80
434 74
208 71
318 84
108|16
800 83
6022 76
4995 83
2585 79
5316 72
4975 76
3978 69
5349 77
2926 77
4246 80
4878 83
4994 78
1968 80
1684 67
497 81
5380 81
109|20
380 60
1033 64
231 52
364 75
589 74
480 68
62 64
31 55
587 62
1032 64
586 52
778 78
540 48
256 45
163 63
252 58
223 74
553 68
537 57
168 47
110|11
26171 54
2468 46
1198 81
1089 79
1222 79
1208 81
4881 76
47 74
527 81
1193 80
2428 51
111|20
100194 70
162602 70
171251 70
2145 68
96588 75
65088 68
66203 55
84772 67
2081 71
91529 78
6365 64
45666 51
3255 71
1282 81
6539 76
86833 72
122882 79
59143 74
86911 68
5283 61
112|13
788 47
161 69
1917 54
16 77
21 65
208 51
434 53
39 63
3717 58
19 46
110 77
32 79
70286 74
113|20
4083 70
39 68
3168 75
932 80
2331 56
3359 79
1086 82
3504 78
1339 73
904 84
3546 70
4063 47
4062 57
1077 76
1589 75
2475 62
3831 72
46 58
1733 75
4007 73
114|7
141718 70
54001 80
2291 78
167732 70
122886 83
8961 79
3147 83
115|20
1580 75
2804 83
1387 83
2792 75
3146 54
3273 55
3052 80
2841 79
2719 55
595 80
2700 82
383 70
2027 51
2148 69
2770 66
3785 67
2916 80
3175 75
588 80
1377 69
116|18
2716 77
858 83
1299 77
62383 64
1339 73
1276 82
597 69
1029 67
1101 65
2797 74
2657 68
1961 77
1407 64
5995 82
1704 80
165 70
2115 73
8360 73
117|20
708 67
587 69
589 79
151 71
36 77
1036 77
595 74
288 67
596 67
48 62
315 56
454 70
353 77
474 72
10 70
60 61
805 70
491 67
616 72
485 60
118|5
1221 82
1625 63
153 48
1961 72
1810 64
119|20
95441 79
117176 84
1092 81
91529 84
74458 84
4387 84
79132 84
168252 84
44022 81
78499 84
122904 84
106782 84
442 78
4993 84
31685 80
6365 80
141004 79
4148 79
88744 83
8644 82
120|5
260 81
32 78
5 52
631 54
52 68
121|12
497 74
440 65
161 69
527 81
292 60
344 55
186 50
316 61
1 75
19 47
163 66
337 76
122|20
27660 83
69784 82
7022 84
148652 81
4816 83
56174 82
94959 84
81591 84
71535 84
30810 83
2997 84
1732 84
108932 84
780 83
1090 84
3253 83
106782 84
72226 84
1200 84
1214 84
123|12
68554 75
115569 83
79132 83
109487 83
1196 84
4226 84
296 84
7153 84
143458 70
47 82
96829 82
2858 84
124|10
56145 78
2161 76
260 84
175 83
1358 82
6377 82
4226 84
3147 84
608 84
1223 84
125|20
5088 70
86721 70
110330 70
54503 82
72011 78
162578 80
119145 83
176371 79
55247 81
1240 82
86332 78
68157 84
112623 77
4082 58
160567 72
3342 71
109487 82
88140 77
98607 70
81562 79
126|8
364 78
349 70
231 57
380 65
410 60
300 71
253 71
457 77
127|5
2915 59
903 70
55276 65
5060 73
272 64
128|7
904 84
965 83
926 84
1066 83
1721 80
1080 84
1198 84
129|20
4370 77
480 81
3698 78
2692 84
2138 83
1968 82
8368 84
653 73
7143 83
316 77
6874 84
239 72
2916 81
733 79
4896 82
2028 84
3977 70
3000 84
1907 81
31658 83
130|6
208 64
316 73
292 72
110 82
590 80
296 84
131|14
2273 50
6947 63
58559 80
908 76
4878 77
89745 77
7256 71
68237 73
2722 41
2028 76
48516 76
3178 61
64614 73
969 74
132|20
6251 70
3275 75
4995 69
2987 59
7444 52
3262 53
4168 42
31658 68
44191 67
1089 73
3967 68
5502 51
50 77
58559 77
5992 71
2108 60
1844 69
2657 53
47 66
2470 48
133|7
454 53
356 72
589 65
150 60
153 39
380 50
527 74
134|7
442 63
595 77
349 76
380 71
367 68
509 72
296 84
135|20
592 70
4084 59
893 66
3994 73
2004 70
608 84
1358 80
3852 71
3489 72
1614 59
1198 84
4128 78
1883 68
2302 65
1291 81
410 64
1261 82
4022 76
4881 81
1077 77
136|20
161 75
193 51
585 60
338 63
277 66
380 70
181 52
337 80
437 56
165 72
611 59
151 74
340 68
252 68
432 56
552 67
350 70
280 78
273 63
150 77
137|20
6787 83
2716 78
1198 84
750 84
919 80
1270 82
318 84
150 77
2997 82
1200 81
6986 70
7153 83
1242 84
110 81
33493 72
1197 83
2959 83
1237 83
903 81
7762 80
138|5
2707 67
1960 74
1959 77
849 61
3996 78
139|20
4025 29
7445 36
60684 59
4865 43
68319 30
7090 53
5502 36
260 65
8371 32
53953 36
58025 32
106782 47
6957 40
7163 31
3827 32
3624 34
52722 29
54259 44
4367 28
115617 55
140|20
5699 70
5299 65
1393 71
356 82
609 62
32596 59
4795 63
34072 74
1617 83
5256 48
5943 49
1084 81
4337 70
3108 79
43396 76
4719 61
1005 44
4321 69
5812 75
4259 72
141|20
5418 74
54503 76
4963 73
2478 54
71535 79
317 56
68954 79
54286 72
6365 60
54272 73
4447 60
5502 62
6377 78
6373 60
1265 78
91529 77
2502 80
441 78
1517 68
48516 80
142|8
434 63
384 70
588 78
50 84
527 84
356 83
337 81
377 74
143|15
1721 68
61250 49
6942 81
7169 71
8533 74
106696 73
3421 78
87232 80
78316 71
69069 70
59421 48
2144 75
96821 78
7173 66
500 69
144|20
589 79
541 83
8368 81
597 70
590 77
410 63
1246 80
527 83
356 82
500 68
19 51
2700 78
434 58
733 72
780 69
1036 77
5377 78
552 64
586 59
2081 72
145|5
344 57
339 65
380 65
318 84
588 73
146|7
7293 66
3257 54
32 78
1367 56
3686 54
410 57
47610 66
147|5
1234 82
168 57
552 65
555 79
2395 76
148|10
88125 79
5618 83
108932 83
81847 77
72998 73
5816 75
8368 82
7153 83
81834 81
4993 82
149|12
1097 61
1374 62
1831 28
1527 65
260 76
173 32
1206 75
1200 66
2021 53
1580 51
1391 42
1375 49
150|6
3 67
1356 78
5 59
95 59
733 72
1073 78
151|12
786 70
562 82
780 78
837 78
747 71
1265 83
828 72
1073 82
1 83
648 77
1393 79
1359 64
152|13
50 83
2959 83
116897 80
89492 80
1193 83
69481 79
85774 80
115713 78
111 81
92259 82
1234 81
79132 80
318 84
153|20
134853 52
1732 59
8533 41
4014 38
81456 32
106782 46
8528 42
6863 37
87194 33
2617 30
1246 54
106100 42
1954 49
7458 38
4226 59
89904 55
72998 39
133780 70
586 31
36535 49
154|7
114662 74
119145 82
81834 81
122904 78
106072 71
76093 79
77561 74
155|10
153 72
3286 66
1200 84
260 84
141 79
2355 79
2384 76
2948 83
432 69
2959 84
156|20
26313 70
31038 70
1230 74
1711 63
3341 73
6296 63
762 37
2361 54
2076 77
4784 52
661 60
2926 68
8571 70
47 77
3176 70
58 77
848 60
866 80
1485 56
923 82
157|5
785 69
3617 62
2720 40
2770 58
527 82
158|6
1093 74
2605 66
2872 78
2723 74
2428 61
66320 70
159|20
2959 81
60069 78
45720 65
597 63
4022 70
89864 71
49286 62
140110 70
84954 57
4447 59
1197 80
68954 78
6942 77
1961 73
106696 66
480 69
539 63
166643 72
40819 71
63082 72
160|20
126 27
1371 50
1198 77
196 33
3408 57
5349 57
3213 67
2408 37
839 36
3593 20
2748 25
533 45
1975 35
1676 51
3745 50
2011 54
733 58
3826 31
778 75
2840 37
161|8
4980 63
7247 75
47610 72
1223 83
38038 77
3429 82
2144 75
2336 70
162|8
150 83
225 81
168 74
50 84
300 83
266 81
31 79
62 82
163|5
1608 63
1810 67
1747 69
1777 65
1837 57
164|8
1036 81
2916 80
110 83
589 83
3527 79
1101 74
1201 83
2167 74
165|13
2353 66
3624 61
110 79
5505 69
5527 72
3256 70
5956 73
5418 77
5530 66
5450 74
1127 74
3409 56
5881 66
166|20
33794 83
1721 77
4011 84
5378 71
3481 81
49530 81
2353 77
47644 70
54272 82
8961 82
1198 84
2542 83
1036 82
608 84
434 69
5219 71
5418 82
2396 80
349 80
2324 83
167|20
33493 64
4886 72
778 80
3052 70
7147 72
6857 70
45501 52
6480 70
1682 72
2231 72
784 47
33794 74
2083 72
2413 66
6333 72
8961 72
2139 68
150 71
6773 73
35836 66
168|19
3730 84
1248 84
1201 83
1089 84
296 84
923 84
1222 83
5291 81
3543 81
1302 77
3362 82
1148 83
3101 71
57669 84
2076 82
1729 80
908 84
85354 71
80463 83
169|20
3536 83
2028 83
364 84
953 84
4886 84
5400 81
8644 83
524 84
2795 84
1022 84
3114 84
3967 84
1517 84
1035 84
8641 84
6365 82
661 83
457 84
3287 68
1416 82
170|10
318 83
296 83
586 57
377 68
34 72
592 67
277 60
500 67
266 65
588 74
171|17
485 80
1220 84
1025 84
801 78
1259 84
1079 84
828 80
317 80
869 83
380 82
1136 84
1225 84
661 82
318 83
47 84
1198 84
1208 84
172|6
3087 70
3578 81
7438 82
2072 72
3793 79
2762 81
173|5
10 71
329 65
586 59
597 69
588 75
174|14
553 79
520 70
224 76
648 74
161 78
317 69
158 60
780 75
315 65
485 67
282 73
440 75
350 73
10 76
175|5
531 73
8911 70
43904 57
38388 77
8362 66
176|8
165 79
434 71
39 78
368 78
380 77
780 78
47 83
471 81
177|20
42002 66
91542 75
6332 62
3668 74
45672 59
783 64
27706 64
2657 67
114662 70
1206 83
83132 80
5218 73
508 74
3114 77
1321 68
2176 78
8798 76
88140 71
2012 68
339 67
178|16
7361 84
527 84
2329 83
5995 83
6502 80
4235 81
1198 84
208 60
6539 80
296 84
349 76
10 74
4226 84
1240 81
2579 78
318 84
179|14
367 71
589 82
161 78
231 67
288 73
743 54
1061 78
317 70
786 67
592 75
671 78
296 84
434 67
364 82
180|5
1261 80
260 82
1748 77
1242 82
2140 71
181|20
157 57
593 79
596 62
353 74
539 65
516 59
132 59
169 34
25 67
31 57
542 52
6 78
707 53
185 53
464 50
502 34
415 45
480 70
592 64
344 55
182|20
4879 70
6969 70
3911 76
2728 74
4313 62
8042 83
1291 80
3113 55
3578 79
1590 58
161 72
4452 55
224 70
4980 60
4262 77
2353 66
2890 74
1127 74
541 83
6041 77
183|12
480 75
380 69
1196 82
2951 80
2534 51
4085 71
1287 81
2194 80
3247 59
1233 83
2662 70
1408 82
184|20
158035 70
181413 70
193565 70
97304 80
74754 66
168250 74
191005 70
106072 69
166291 64
127152 79
86332 74
80463 81
5816 73
122898 58
81845 81
5810 63
170813 52
174479 70
112852 82
148626 81
185|10
1685 70
2396 71
5377 76
1721 66
5952 80
1393 68
595 73
2085 69
4995 78
899 79
186|20
2605 77
1214 84
1291 84
3745 82
1269 84
2527 82
2532 76
4361 84
1307 84
2968 84
4306 84
2541 81
1702 78
480 83
1097 84
3977 76
919 84
3527 83
593 84
1196 84
187|20
26122 70
3949 78
49272 79
231 56
1206 83
6874 82
1729 73
1209 80
48394 76
6502 76
2701 41
4027 78
288 65
2542 79
7153 82
39427 55
6890 79
1222 81
8949 76
1748 79
188|10
2346 81
1212 83
594 84
1282 84
3469 84
2396 84
1091 73
3341 84
1264 84
2206 84
189|5
48516 82
4993 82
79132 81
2959 83
58559 84
190|14
6711 82
4776 78
8784 79
4995 81
5630 71
4306 78
30749 77
1221 84
4975 71
8961 78
858 84
8464 74
69844 81
7438 82
191|17
496 70
21 67
72 60
175 81
494 67
417 72
17 71
6 80
85 56
292 62
314 71
58 77
235 71
213 37
161 71
160 52
162 82
192|5
356 84
288 82
316 82
349 84
432 79
193|7
44555 79
55442 75
4878 79
6016 77
307 74
1270 79
5618 80
194|5
163 72
1396 72
1500 73
1288 82
5060 81
195|20
3424 79
2770 54
1041 82
1653 79
1923 71
3160 76
4723 50
1863 48
2336 67
2166 50
4308 70
1909 66
260 83
2028 81
3252 69
2908 75
1392 73
1365 68
70 71
190 60
196|7
70286 82
3578 83
59315 82
58559 84
364 83
1214 83
110 83
197|7
1513 77
1240 83
1882 67
786 73
2167 78
153 73
1784 81
198|20
3894 70
3499 76
920 72
1213 82
3949 76
1994 67
1485 55
2572 69
4019 72
1089 80
110 77
593 80
4128 73
1270 80
4886 73
1079 78
2117 72
912 81
1573 63
1682 74
199|20
5464 64
2165 77
2280 55
736 52
5673 65
349 66
5502 57
482 73
8532 70
1172 78
300 65
50068 67
4881 75
3175 61
7445 60
2973 77
34338 67
41997 67
1956 70
377 62
200|20
3809 76
7022 82
50802 73
3968 71
2485 60
500 75
5610 62
590 81
1029 74
53996 78
2572 78
4993 84
4041 74
57640 82
1302 77
1784 79
6383 52
1653 83
1569 73
1517 78
201|20
1748 84
1527 84
1584 82
2858 84
339 79
589 84
2717 72
994 84
788 68
1196 84
2797 82
733 80
1259 83
2174 81
1198 84
2455 78
1569 77
1213 84
160 69
24 76
202|20
3329 70
924 81
29 82
2289 79
1197 83
1196 83
2966 81
161 75
608 84
1209 82
1296 78
3194 74
1784 75
469 78
923 83
2000 76
1587 74
1719 84
3147 83
32 82
203|9
56174 72
8665 78
2407 70
5952 83
590 79
49272 81
40815 79
333 76
296 84
204|17
1136 83
3949 79
33794 79
48394 78
27075 70
1080 82
79008 81
6104 83
8874 82
81591 77
4878 82
91658 72
711 67
2313 82
86320 64
55820 83
5218 75
205|6
912 82
99114 77
91542 74
5816 71
95167 70
96079 77
206|5
36 82
608 84
733 79
140 72
141 77
207|5
2991 66
2428 43
2707 53
3740 69
100 45
208|6
1210 78
2628 52
380 60
2353 60
2278 66
2762 73
209|7
60684 83
1291 81
68157 83
74458 78
185029 76
122886 83
88125 78
210|20
123553 70
34405 84
166203 70
3147 84
31696 77
7649 76
58559 84
2105 80
6365 77
34397 70
4625 68
84772 80
122926 84
76093 83
62836 70
33493 81
1584 82
47610 81
108932 84
122918 84
211|18
58559 84
63113 72
90405 64
57669 83
60684 83
7153 82
73017 76
2105 71
4367 58
356 82
2642 55
1556 39
318 84
44665 79
85414 73
1198 83
1136 83
260 83
212|20
170697 63
122920 74
122892 69
2571 80
5218 72
48394 76
3578 78
1196 81
135143 69
74795 70
179401 66
79132 79
77800 74
108932 81
110102 74
96821 77
8874 81
65261 78
59784 66
2291 75
213|17
3285 72
87520 60
80363 71
76251 82
8957 71
2860 71
1234 84
5419 75
51935 82
69844 84
39446 67
4132 68
858 84
69526 61
4558 69
49530 82
58559 84
214|5
83 70
628 68
743 39
1363 56
802 61
215|20
1172 82
4973 83
63082 77
1291 81
2028 82
3252 73
3210 73
1968 76
1247 83
49272 80
1089 82
72407 47
5650 74
318 84
1208 83
2000 75
1197 82
1196 82
1297 78
4019 76
216|20
104 63
21 66
3996 75
3946 49
2946 65
3993 61
3897 78
2599 73
34 70
3994 68
4034 81
3363 78
1965 67
3422 66
3555 64
3253 67
2087 72
3986 52
2018 64
1923 70
217|20
1867 70
3434 70
1275 68
2468 38
3197 48
1912 66
2302 54
1876 49
380 58
1221 81
2471 41
1918 49
1385 49
3165 71
1590 51
1562 36
1703 48
2056 70
1831 38
160 45
218|6
2657 59
2692 76
1380 56
1198 80
6934 50
5349 62
219|20
60072 52
2115 66
59315 72
6539 70
442 48
30707 76
1704 77
180 64
1219 77
1005 36
27773 73
56156 74
6188 62
6721 64
30825 53
2997 78
1552 50
1500 66
2890 67
1921 80
220|20
3996 81
733 77
1198 84
3994 78
6539 81
1258 84
1917 66
4545 70
33794 82
165 76
71264 79
4623 80
53464 53
5218 79
6365 71
3751 78
32 83
1036 81
5502 73
1591 61
221|20
4338 70
7013 81
8529 71
1080 84
3246 82
2871 82
1208 84
7063 84
2702 71
4029 80
5954 82
2352 80
922 84
2997 84
1278 84
2858 84
1212 84
1959 80
1961 81
3671 82
222|20
81831 70
100498 39
48516 77
1249 77
99813 70
91529 73
59900 45
93287 66
1721 58
2706 58
3273 34
2411 44
64622 65
7143 71
87869 72
778 78
30825 52
42011 41
673 44
64839 75
223|15
55854 70
6711 73
1 67
736 48
1961 66
457 70
2716 67
48394 66
608 78
8784 65
48516 74
3863 46
4306 66
260 78
2683 51
224|11
3496 70
3044 82
356 84
2915 79
289 68
3668 80
1270 83
2797 80
1721 75
2716 81
1259 82
225|15
2423 76
1285 81
588 79
1717 66
2791 81
1321 75
1136 84
1197 84
1753 76
2004 75
2371 72
1407 72
785 75
1060 81
3024 81
226|20
6938 70
32666 70
3552 81
542 57
1240 80
3098 73
2804 81
3668 75
3653 75
2231 77
145 62
2253 57
3052 76
2628 59
762 40
53129 82
4816 71
16 80
2144 75
46948 64
227|19
46976 81
52319 77
81845 84
109487 83
134130 84
215 83
48738 83
47099 82
1196 84
32587 83
912 84
55721 83
1682 82
750 84
778 84
40629 81
97913 83
70286 83
150 82
228|5
2571 84
1373 71
362 80
318 84
3113 71
229|13
34 79
589 82
377 77
45 77
587 77
5 66
475 84
442 68
597 76
364 82
213 52
110 82
527 84
230|20
34330 70
52715 70
47 71
7438 76
527 79
3147 77
45499 58
6537 53
2291 68
1387 76
6863 58
1485 50
595 67
4022 66
2096 61
588 67
4034 77
1676 57
8644 59
2641 51
231|5
92259 83
858 84
593 83
1198 84
109487 80
232|20
31867 70
41769 70
57526 70
70336 50
8644 68
1586 60
44972 43
4019 75
43928 41
30883 51
65802 56
8376 72
39292 76
1035 77
66198 69
66097 77
32011 46
6564 45
7451 78
33164 35
233|20
48394 66
3751 61
48516 74
1721 54
356 74
106100 62
162600 56
608 78
7153 75
134214 61
57669 77
122920 63
2329 75
4239 65
7371 64
3977 42
3147 75
3948 54
49272 70
5418 67
234|20
2616 66
2140 77
172 62
126 48
1562 54
4519 71
153 64
2710 59
3624 69
3483 70
1391 70
438 69
1460 70
2987 77
65 56
260 84
1359 58
3175 74
588 79
2080 73
235|13
480 74
736 63
500 69
454 71
592 69
235 74
595 75
32 81
527 83
648 69
223 79
588 75
377 71
236|30
1214 70
1278 70
1345 70
1350 70
1387 70
1388 70
1982 70
1997 70
1998 70
2447 70
2459 70
2490 70
2496 70
2502 70
2505 70
2542 70
2572 70
2580 70
2596 70
2598 70
2606 70
2657 70
2683 70
2694 70
2718 70
2770 70
2806 70
2858 70
3024 70
3052 70
237|10
32 78
4254 32
94959 71
293 77
1371 59
1193 80
7361 81
7980 70
43936 56
1374 72
238|9
4954 82
3528 82
4265 68
4901 79
4238 77
593 84
4499 84
4957 66
1193 84
239|20
58559 84
5459 68
4085 77
380 75
95 67
7445 78
608 84
7147 81
6378 81
2115 80
4896 81
36529 77
3994 79
33679 74
47 83
590 81
4022 80
208 65
733 78
51662 81
240|20
368 83
543 82
480 84
367 81
810 64
500 82
546 67
110 84
173 75
1 84
542 77
104 83
34 83
174 76
204 74
225 82
383 80
262 84
434 78
420 74
241|16
81786 70
71899 84
527 84
1206 84
1193 84
99114 84
100714 76
8981 84
53123 84
116897 84
56367 84
3910 84
106782 84
115569 84
4235 84
48780 84
242|7
39 67
380 67
231 58
457 79
592 68
454 69
111 81
243|8
112 83
353 84
62 84
588 84
193 78
586 80
181 78
376 83
244|19
3090 79
1049 70
110 80
257 69
165 71
151 72
1090 81
3755 64
2278 73
648 69
1580 70
1957 79
1610 79
1196 82
3256 71
1573 68
1242 83
3753 69
2243 71
245|5
3196 65
2739 59
3114 61
3274 53
1361 60
246|20
1304 84
616 82
1680 82
6016 84
3081 82
44191 84
60684 84
4973 84
1732 84
1298 83
53125 81
2291 83
2692 84
293 84
4011 84
5013 84
60069 84
48082 84
82202 76
95167 82
247|20
48516 79
593 80
2858 80
49272 76
1961 73
44191 75
527 81
116797 77
68358 74
122886 81
480 69
223 76
1265 76
2078 75
1198 82
1682 73
6377 77
1089 79
953 76
919 75
248|11
4886 78
1198 84
166528 79
176371 77
316 69
147374 67
102903 75
189333 80
122912 79
58559 84
5218 76
249|20
110350 70
102903 78
2167 72
94959 80
84601 76
2395 79
97306 75
3408 77
89047 70
91500 78
91542 80
40815 80
69844 83
904 84
46723 78
3826 59
68791 77
88812 62
67695 82
50 84
250|6
1282 83
2407 73
318 84
1597 74
1246 82
8880 75
251|5
142115 83
293 84
356 84
318 84
1089 84
252|8
164179 84
89745 84
6377 84
164909 81
1682 83
166643 83
143355 79
78499 84
253|10
44555 84
916 84
608 84
2300 84
7099 84
4217 84
26366 70
1192 84
4642 84
3363 84
254|20
46578 82
44195 84
207 75
49278 73
6333 79
780 72
110 81
1210 83
49272 81
27846 81
32587 80
2571 82
44929 69
47 80
293 82
1580 72
5995 83
32 82
592 72
48394 79
255|9
1270 68
4467 62
2023 48
3501 36
1663 56
1394 62
3392 49
2542 63
2915 49
256|20
3247 75
88744 82
377 81
4973 84
53972 81
118696 77
95441 77
104841 83
71535 84
2953 77
81229 82
53121 77
30707 84
2571 84
68791 82
170 80
6942 84
90405 77
6537 78
33493 81
257|5
1500 71
594 76
2502 80
494 67
2406 68
258|5
4995 84
7147 82
72641 81
76093 83
47099 82
259|6
508 65
5945 56
1784 65
4886 68
1356 70
1584 61
260|20
7361 83
3556 79
162 83
903 80
5690 80
6337 72
4878 82
5617 80
342 65
5219 61
2997 82
8011 77
1206 83
3317 79
6709 66
8874 81
2348 78
3822 77
2959 83
8645 77
261|11
3897 78
16 78
2060 71
296 83
2723 66
1682 75
4085 67
2194 77
7361 82
4238 63
58559 83
262|12
708 58
539 60
457 73
322 63
339 58
85 49
26 65
17 65
213 31
273 49
593 77
728 76
263|20
223 81
150 77
500 70
2987 75
2953 59
110 81
4226 83
8370 82
1197 83
7458 71
708 69
1111 74
2125 78
6942 82
5013 79
163 73
457 81
8636 80
1967 82
2085 73
264|12
7841 81
1376 74
151 76
5816 76
1907 78
1320 69
1917 64
150 79
3578 82
1090 82
253 77
1876 64
265|20
3807 70
316 60
253 69
1302 64
724 53
1240 75
3504 74
230 65
3831 66
1956 72
3098 66
529 74
1270 79
3791 59
1177 82
2322 54
1488 62
2474 64
1198 81
1962 70
266|20
476 70
2812 70
2700 72
2278 65
24 54
2770 48
2702 55
64 41
1405 48
2580 74
1527 74
2167 57
457 75
1580 61
2300 79
1923 67
2094 55
132 55
2571 77
2097 49
267|12
2858 84
593 84
1175 84
3006 82
1302 80
3999 66
3113 73
1093 80
589 84
2571 84
923 84
3996 83
268|20
1641 70
587 60
1125 66
1911 43
2802 52
1036 71
1370 60
50 81
2064 72
1784 66
1912 68
1966 57
454 61
1234 75
2247 50
1394 75
2829 57
802 58
260 81
2858 79
269|6
724 67
743 53
95 64
1 80
63 62
648 73
270|8
661 55
62 64
79 44
628 67
14 66
1356 72
141 61
25 65
271|9
3897 72
32 75
2791 71
969 74
6787 75
2858 77
55765 68
1320 52
2288 67
272|7
177765 64
1240 77
51662 73
122922 71
49272 78
158238 74
6365 63
273|11
440 79
593 84
500 78
608 84
223 84
111 84
150 82
21 78
466 69
235 81
520 74
274|20
50147 70
2947 79
3037 80
1645 67
4951 64
2036 57
1359 48
35957 68
553 74
76293 57
3918 63
1503 60
45431 68
4816 69
54999 67
5667 70
4876 44
56805 71
1921 82
54004 66
275|20
1784 78
2289 81
5884 70
1171 79
357 76
1912 80
2539 67
235 78
4886 80
2572 77
2355 74
3253 75
1192 83
926 84
111 83
2100 68
3089 84
1393 76
1719 84
1392 79
276|9
673 78
356 84
466 80
104 83
631 81
648 83
2 83
1367 81
344 80
277|6
637 70
736 73
656 70
1 83
780 77
260 84
278|5
2371 78
1347 75
4002 83
318 84
2369 74
279|20
134130 82
1101 58
166528 73
90405 53
61132 66
79132 77
56782 80
97913 75
1608 61
4226 81
59315 74
88129 80
54286 71
1258 80
8665 71
58559 82
4993 80
8376 67
107406 65
1200 77
280|20
92535 83
344 71
262 81
3146 61
4239 82
4447 75
8638 82
919 83
72641 80
86817 69
8368 84
49530 80
6863 77
35836 80
55052 79
54503 83
4246 82
48516 84
1911 67
3916 79
281|5
46578 77
8361 53
35836 69
3897 76
3861 53
282|20
5995 84
3977 68
3263 72
25 79
6708 80
2683 75
4718 68
6711 84
5481 68
6863 77
5669 83
3752 77
588 81
80463 83
1921 84
1193 84
4369 70
48322 83
1194 80
784 67
283|7
1580 64
39 62
1704 78
356 79
586 54
2082 50
805 66
284|18
474 80
173 63
2 78
296 84
15 69
348 82
248 67
318 84
47 83
353 82
275 56
44 60
339 77
367 74
276 70
165 78
637 69
235 80
285|8
1193 83
949 72
1247 83
6978 76
113207 70
4447 69
441 81
296 83
286|20
454 71
778 82
5989 78
1333 77
165 71
500 69
7438 81
2294 65
4993 82
4995 80
7361 83
70 74
4980 63
1258 82
4963 77
1097 77
4848 81
539 70
377 71
110 80
287|20
3160 59
3578 63
223 63
2633 65
1059 51
586 39
3005 40
532 38
1193 71
2599 57
2028 68
1485 37
3826 27
2081 50
8949 58
2012 49
101 59
4034 69
2422 20
2115 53
288|20
4473 70
4966 70
1008 70
2867 70
42015 57
141 62
2571 76
13 60
53519 53
2407 59
5418 72
3916 65
2347 49
2528 55
30810 64
575 40
32587 72
587 62
2517 56
8361 51
289|24
3 70
16 70
235 70
266 70
594 70
708 70
750 70
1080 70
1101 70
1208 70
1220 70
1258 70
1917 70
2012 70
2174 70
2710 70
2797 70
4322 70
6125 70
6327 70
6453 70
7025 70
7028 70
26704 70
290|20
1228 84
1299 81
2494 75
2739 80
608 84
2130 76
908 84
341 70
1447 76
342 70
1056 74
1719 84
953 82
928 83
1394 83
2648 72
475 84
2731 82
1357 80
2385 64
291|7
40815 83
122892 82
106489 82
134853 84
7153 84
88125 84
1 84
292|20
520 60
103339 57
122900 73
4896 73
2291 74
474 71
85056 62
46972 59
95167 69
164909 69
3176 70
3476 66
1608 64
31221 36
1101 62
3985 64
3984 68
1017 70
69844 80
231 56
293|5
1682 65
1673 74
344 46
1617 74
1097 64
294|20
416 34
3869 61
1064 52
2794 42
610 58
2133 56
1391 47
3868 59
1129 62
520 49
3387 36
355 34
2378 49
3693 38
785 53
2193 59
2367 46
2458 44
348 64
3501 46
295|9
1221 83
3198 82
1287 77
1213 82
4351 62
1198 82
858 83
318 84
2329 80
296|6
160848 70
2028 80
169034 70
4144 76
50 82
2324 77
297|15
832 44
543 46
1645 49
111 67
454 50
1089 68
6 66
1249 69
1047 42
1370 48
1488 46
150 57
170 44
1092 44
866 65
298|20
57640 60
95510 41
6811 51
8370 61
8807 49
63131 45
6881 48
3785 35
122900 53
103042 39
6294 31
2167 41
2005 52
6006 34
653 35
55995 33
3018 39
69757 55
103772 42
3825 28
299|5
3793 77
1387 81
188 73
1198 83
1214 81
300|32
318 70
356 70
527 70
593 70
1172 70
1704 70
2028 70
2324 70
2329 70
2571 70
2762 70
2858 70
2959 70
4848 70
4973 70
5995 70
6016 70
6711 70
7361 70
8950 70
48394 70
56174 70
63082 70
79132 70
81591 70
92259 70
99114 70
109487 70
112183 70
112290 70
112552 70
112556 70
301|20
21 59
357 60
2490 60
6711 77
589 73
8949 70
837 59
3948 57
364 75
527 80
5989 71
4963 69
608 81
292 53
3578 74
3897 74
4226 80
3753 57
1393 60
1792 48
302|7
480 77
14 77
3 70
25 76
648 73
707 64
110 82
303|11
5378 69
3703 83
1127 80
5544 80
1196 84
3471 82
1580 76
1394 83
2683 72
920 80
1358 83
304|20
314 80
2571 83
2433 70
10 78
1376 77
480 80
1373 66
1777 76
1270 84
1517 79
151 79
356 84
208 65
474 79
1214 83
1375 76
640 64
1722 72
185 69
2701 57
305|20
74624 70
140627 70
87869 83
919 82
1197 84
106100 81
138210 73
788 60
7482 82
80590 63
103075 73
903 83
6537 70
93840 81
54736 82
592 75
2288 80
58803 79
55276 81
1272 82
306|20
5784 45
68954 79
69644 51
6377 78
95543 60
81847 71
111743 61
85367 62
168418 79
167018 57
72998 67
122904 74
69406 65
85788 40
4963 74
115664 66
134368 71
112852 79
161634 72
133419 68
307|20
2190 70
4181 70
31424 70
49314 70
5010 69
7845 47
3392 62
1220 70
6793 25
6483 28
2332 29
56003 35
1991 40
3273 28
4876 30
3421 68
1409 34
413 38
4447 50
52867 70
308|20
2959 65
45517 35
96821 48
72998 39
318 72
2 37
904 65
589 52
8961 47
56152 46
56367 51
5618 63
36 49
410 31
79132 52
4993 59
8464 41
1221 69
2248 42
6 55
309|20
2202 83
1645 70
898 83
1682 78
296 84
1089 82
1269 78
7153 82
6947 75
8340 76
1104 83
7218 70
25886 72
1219 82
8154 80
971 82
1944 82
6365 67
1262 83
2762 80
310|13
6863 70
6947 75
1101 67
6503 54
2524 78
2457 72
5899 57
733 73
246 81
3254 69
1223 83
1080 82
2671 71
311|6
6561 70
5992 78
1517 68
6461 63
1407 61
2706 64
312|20
5816 73
1375 69
3499 79
589 79
2454 69
1358 80
4878 82
4103 78
3793 77
2028 82
1371 67
4121 66
2366 76
2747 63
4105 78
5446 71
2699 59
2529 80
1350 80
1356 78
313|20
4980 61
170 65
3917 67
2455 67
5544 74
541 83
2193 72
2000 74
6 80
1968 75
1089 81
1301 77
1240 77
3175 69
4865 72
2005 74
2167 65
1375 67
2087 74
2530 55
314|20
7 50
1042 53
44 38
165 63
457 74
293 76
597 62
329 57
442 50
26 67
830 51
728 77
618 70
107 60
536 47
10 63
1376 62
153 48
208 47
150 69
315|7
1262 77
2729 63
2529 70
2067 73
2553 67
909 69
902 71
316|11
1748 72
253 64
3968 52
158 41
5445 64
3751 64
7438 75
6874 76
48 52
3882 43
2572 63
317|20
133115 70
73321 64
91529 76
74545 76
7445 64
1213 82
48774 78
4262 75
1884 76
5989 75
3578 77
4011 80
68358 75
1208 82
72011 70
3897 77
3499 76
96829 73
116797 78
56782 80
318|20
26713 70
81191 70
90245 70
111817 70
127180 70
145080 70
150696 70
7445 75
1090 83
116799 81
82459 79
48385 74
2294 70
64839 82
88125 80
109487 81
4021 84
33794 81
54286 79
89753 77
319|7
115617 84
6377 84
356 84
136864 66
1221 84
122904 83
110 84
320|5
72998 70
71535 81
31184 66
59315 77
1013 67
321|12
587 77
356 83
160 66
592 76
597 77
780 76
339 76
355 60
410 72
3 74
500 76
457 82
322|20
2882 38
1968 68
2542 74
58559 80
2788 78
2146 59
2617 51
2918 72
778 78
2599 68
4027 72
4993 77
1230 68
51540 67
1 71
1617 78
1923 65
4010 57
11 67
1035 69
323|20
377 62
480 67
356 78
1094 58
161 65
115569 75
1198 80
29 75
551 65
22 56
318 82
112183 61
253 66
111659 44
3257 49
260 80
150 69
329 57
342 55
266 58
324|5
2764 75
3972 69
3864 33
3949 73
3897 74
325|20
2848 70
235 70
2986 54
262 74
1573 64
2596 70
1584 69
1217 83
1676 64
4714 37
3770 49
3261 69
2894 70
2155 67
1279 81
1614 54
3994 69
2268 74
2915 70
5008 78
326|20
8665 81
47610 79
20 64
2858 84
86882 81
5418 82
4973 84
133771 82
48774 83
2324 83
1293 82
2692 84
72605 74
70159 59
54286 81
5446 79
6591 81
4226 84
105844 81
31410 82
327|10
3301 83
150 84
858 84
1923 83
51255 84
48516 84
1304 84
765 79
6888 64
2706 82
328|20
2687 51
112852 71
70286 63
1196 71
457 68
364 69
80463 69
3489 55
318 80
595 62
5349 56
2542 69
1219 71
35836 57
3751 59
79091 56
7153 73
596 52
2398 72
1148 66
329|5
130482 70
136850 70
858 80
1884 71
750 79
330|20
5378 55
316 61
1639 73
2918 76
919 76
3949 76
3535 70
5349 67
380 63
1676 63
2502 80
3703 80
1682 74
2683 60
1206 82
1721 63
2791 76
2081 67
8874 80
592 64
331|20
8874 80
6157 47
88125 74
6539 74
3897 77
4446 67
7361 82
50872 75
4995 78
4306 74
6874 81
5502 61
3911 74
608 82
4447 61
593 80
3751 69
8665 72
4367 49
2959 82
332|20
47 76
1653 78
1258 80
316 62
8983 70
431 71
97757 70
2291 73
1835 64
356 80
5502 62
4308 69
1203 79
1682 74
1249 80
76251 70
2905 80
318 84
2294 60
32 80
333|5
3785 44
3752 52
3616 43
3615 44
3646 30
334|20
55820 79
1196 76
1580 59
1291 75
3996 70
589 72
30810 62
4027 72
1 71
64957 60
1625 61
50601 46
44195 79
27416 66
6867 69
2997 77
293 75
480 66
5378 50
51935 66
335|6
780 69
592 69
356 82
296 83
2699 58
2001 66
336|12
1267 84
1 84
38798 76
33660 84
1784 82
2001 81
2268 84
293 84
1625 82
4886 83
50 84
150 83
337|16
318 83
47 84
16 84
805 84
1393 84
266 83
667 78
168 80
784 80
65 78
110 84
708 83
25 84
1356 84
277 82
786 81
338|8
189111 70
190207 70
190215 70
190219 70
7153 73
593 72
187541 41
185029 58
339|20
72641 82
5445 82
84152 84
96079 84
106072 79
69122 81
5617 84
41285 82
56869 70
48322 83
65216 84
91630 83
86504 82
91529 84
83613 74
4993 84
3470 84
102407 80
2028 84
5952 84
340|28
10 70
110 70
150 70
153 70
161 70
165 70
185 70
208 70
253 70
288 70
292 70
296 70
316 70
318 70
329 70
344 70
349 70
356 70
454 70
457 70
480 70
589 70
590 70
592 70
595 70
648 70
780 70
1356 70
341|11
2335 79
3624 76
130087 74
1370 80
135137 75
117529 78
5459 74
45672 75
1 84
47099 82
4025 73
342|14
2683 56
2598 48
2881 52
2369 50
1268 65
2605 52
2599 69
1198 80
3157 44
3826 39
2428 44
2827 37
3863 50
1959 70
343|12
858 84
3000 83
48394 82
4226 84
4878 84
3993 75
2571 83
1617 84
31658 83
55363 83
55820 84
296 84
344|14
111362 79
380 70
316 69
2628 62
4226 83
2571 81
4014 72
2012 71
4034 82
260 83
2541 69
4973 83
5418 78
2712 73
345|13
1019 78
2539 68
926 84
5902 83
8810 64
344 67
5707 71
2366 79
56949 69
3649 60
6658 73
3489 76
412 76
346|20
3174 71
778 81
608 83
6711 80
6286 76
306 81
7323 71
307 77
3535 73
1212 83
357 69
3949 77
714 70
7937 73
7396 83
5878 80
1120 73
1131 80
3627 73
7115 65
347|9
434 64
590 79
39 73
150 79
454 75
380 72
587 74
317 68
457 81
348|11
318 84
2324 84
4368 68
1213 84
6016 84
2959 84
6893 84
4973 84
1221 83
1960 83
2019 84
349|8
10 70
161 72
589 78
381 71
349 72
231 60
588 74
509 68
350|8
852 62
7 59
637 56
648 68
733 71
12 46
858 83
661 64
351|20
88932 70
87222 70
73344 84
52579 65
2231 78
88744 76
43836 69
79132 81
597 73
58559 84
12 52
8914 80
8950 81
63082 79
6214 79
90376 80
84152 81
480 76
4878 82
1193 83
352|20
72998 75
71745 57
1801 75
34319 71
2600 81
65682 71
1080 83
79695 65
110730 49
38038 79
130490 64
97752 75
1214 82
94864 73
41566 76
56587 76
44191 81
114935 79
59315 80
47610 76
353|18
552 63
25 72
267 55
216 70
367 63
288 67
144 66
186 54
333 72
266 66
112 66
198 70
234 51
145 62
293 80
158 52
163 71
296 83
354|20
1610 80
4306 80
2692 82
3147 83
47 80
903 81
733 75
3977 61
1225 83
35836 76
648 72
44191 81
8665 78
1917 64
7147 79
1923 77
589 81
2959 84
4718 61
1196 83
355|6
316 77
1580 78
3035 84
3175 78
317 74
916 84
356|20
2248 79
52435 82
52975 79
7122 70
44889 70
1641 81
2706 74
4011 84
802 73
7323 79
2502 83
56367 82
1223 84
55118 83
3949 82
3996 81
1246 83
1466 78
223 82
7153 84
357|20
4354 70
8998 70
27329 70
2804 83
595 79
529 81
4663 64
4091 76
1224 82
1242 84
34 78
208 63
58559 84
6296 73
30793 69
1042 69
2100 69
551 78
471 79
2067 84
358|9
26095 70
605 55
5066 68
52328 75
2226 70
42728 72
7361 82
69844 80
36525 54
359|15
405 44
1092 60
1101 60
51412 50
648 63
296 82
1097 73
2396 69
2424 57
593 80
2701 41
2942 45
1682 73
2530 49
4995 77
360|5
1422 69
1620 63
1488 69
1711 68
1414 62
361|20
47099 73
1580 67
377 68
1552 58
49272 78
1263 79
53125 66
589 77
49822 68
8360 72
318 83
2529 78
5218 72
6188 68
2422 38
3082 65
1732 81
1370 67
46972 60
7458 67
362|20
1945 84
592 81
6539 84
51540 83
5989 84
637 76
70 82
7153 84
1252 84
44665 84
407 81
6874 84
2959 84
1196 84
1208 84
8961 84
48516 84
7438 84
356 84
1201 84
363|6
1552 50
1732 77
1517 64
296 80
653 50
318 82
364|5
858 83
9 80
783 82
376 82
1 84
365|20
59315 64
81229 52
128975 39
6874 71
90345 52
158872 55
129354 38
103075 46
135536 40
70286 62
112852 69
76077 50
112818 41
1777 52
6502 64
155820 33
541 76
95720 32
93270 36
135569 54
366|7
116797 82
59315 80
33794 80
91529 81
2028 83
122882 82
7438 82
367|20
926 84
3061 77
1270 84
1287 83
486 67
3536 77
3824 61
2384 72
3072 78
898 84
3618 80
3225 61
2248 80
3157 65
3969 79
3717 72
1259 82
4023 71
1196 84
1258 84
368|20
3753 57
2112 48
1944 75
2986 44
3869 65
1214 74
2947 73
415 38
3035 74
832 53
50 79
2819 67
1801 60
2490 60
1917 48
1391 51
2193 63
225 56
161 63
2881 50
369|20
1256 78
785 62
47 74
2706 62
839 46
377 65
52973 71
743 38
4214 51
5418 73
3863 55
1372 65
27904 73
60069 78
2857 68
1967 78
150 72
2011 65
1580 64
3174 67
370|19
4011 81
4878 81
8961 75
6377 78
2628 54
1748 77
2116 63
589 77
2329 81
7438 80
3977 50
1676 63
593 81
4973 82
4226 82
1240 77
1089 81
8636 76
2716 75
371|9
2571 84
112512 70
1258 84
4090 82
56715 84
3000 84
4226 84
4993 84
1748 84
372|20
335 70
924 75
318 83
1603 41
1479 58
589 74
81 51
387 41
616 64
337 73
1220 73
1201 77
165 62
1243 74
1258 78
377 61
1401 62
450 54
1206 81
1306 49
373|20
216 63
60 54
169 30
350 60
585 48
44 39
371 62
163 63
616 66
198 63
265 67
25 65
6 77
733 65
47 73
2 61
736 54
305 49
357 63
141 61
374|7
296 84
208 58
1219 82
480 76
592 70
1258 83
1339 75
375|7
344 71
1027 73
32 84
2628 71
3256 79
4226 84
500 77
376|20
91535 75
2002 75
1214 84
1101 77
2916 82
33794 83
1198 84
349 81
1371 77
376 76
1240 83
1375 78
4993 84
858 84
457 84
4226 84
5952 84
344 72
2763 80
2797 81
377|20
4942 70
2793 54
1262 84
2791 82
748 73
1345 76
5027 70
5113 76
27692 70
3421 81
6021 70
3364 79
2072 73
8641 80
2163 62
92760 70
2858 84
1503 69
2124 73
2015 76
378|10
33794 79
7153 82
48516 82
3114 78
858 84
68954 81
91529 80
71535 81
90600 76
364 80
379|8
318 83
377 69
19 51
292 64
480 73
367 62
597 68
344 59
380|20
60818 70
172875 70
172881 70
172887 70
355 51
6979 75
5476 62
2735 61
68194 77
63433 74
72356 81
105731 56
1833 66
551 78
6731 77
27831 81
1665 65
393 56
140956 76
2791 82
381|20
2085 73
1088 70
3253 72
185 60
317 63
27808 69
1240 80
19 52
3753 70
4321 71
72011 76
3082 69
333 75
2140 75
1385 60
2273 65
1208 84
457 81
104 69
2716 79
382|20
1204 84
142372 60
135532 58
1201 82
112171 71
1198 84
912 83
81847 77
4638 59
63540 40
1681 51
170289 70
103042 67
72737 78
2496 64
357 73
81537 61
59501 69
101362 53
4890 66
383|7
2436 77
2541 71
2496 65
1584 76
2558 57
1246 82
903 81
384|14
3527 67
1388 49
2683 57
2502 78
4333 59
3098 65
4396 53
457 75
358 46
968 72
2724 44
296 82
3991 49
1204 83
385|20
736 55
1080 80
249 70
1219 78
1036 73
1136 80
282 60
1073 74
1200 76
1228 80
1022 66
1007 52
1201 78
1246 76
344 53
589 75
1023 65
1287 76
594 73
1303 76
386|14
110 68
410 46
112 51
165 55
223 68
648 52
185 42
608 77
485 43
305 41
44 32
585 40
349 58
10 56
387|20
4393 70
5156 70
5780 70
7336 70
26124 70
40966 70
2712 64
5062 70
1247 80
5489 70
4195 69
7132 78
2946 62
1387 77
3000 76
51939 51
4995 75
912 79
7938 70
1783 50
388|6
6158 70
63239 70
33615 70
86298 68
62999 73
8360 77
389|7
17 82
140 77
628 83
762 64
743 63
95 74
32 84
390|17
6344 70
64957 70
4239 77
5220 55
1193 82
2571 81
9010 76
2291 76
5296 54
4226 83
7254 73
6377 80
63062 75
1206 83
2329 82
4014 70
1784 74
391|20
5575 70
500 63
3994 68
1213 83
516 60
199 71
4027 77
150 73
1408 81
4014 65
1527 77
1059 68
2916 71
4973 82
357 66
555 76
5026 78
4936 57
1210 81
3067 65
392|5
3004 52
2858 81
707 58
1198 82
1125 71
393|20
91658 71
102125 72
48394 78
36517 72
8636 78
110102 76
44199 76
5388 67
54259 74
4848 81
5669 79
1291 81
68848 76
86190 73
2571 81
1206 83
122892 71
106642 76
1625 72
106489 72
394|5
588 65
316 53
344 48
225 55
457 70
395|13
329 62
1025 69
296 82
160 52
208 53
173 48
485 57
355 45
520 60
595 72
126 40
48 60
367 60
396|6
1276 79
1597 55
1777 60
44 39
204 41
2081 63
397|5
4017 79
8645 78
1701 77
8228 74
6993 75
398|10
6408 70
1197 84
5971 82
7022 83
1198 84
60069 83
2455 76
1136 84
48516 84
82459 81
399|8
1198 83
110 79
5445 74
1196 81
593 82
480 74
1270 81
2194 78
400|9
608 84
356 83
2571 83
2959 84
7153 84
1221 84
3578 82
858 84
59615 70
401|15
5952 81
6297 73
55768 72
48982 74
166461 71
49274 57
50872 78
32031 69
79091 74
170939 70
38038 77
8360 75
3114 78
33615 68
1136 82
402|10
1084 83
597 77
52 79
329 74
296 84
586 69
315 69
1036 81
434 69
527 84
403|7
110 79
2427 64
3210 72
296 83
61465 56
1663 76
180 71
404|12
204 51
349 72
474 73
34 73
364 79
508 74
105 61
593 81
509 69
277 62
315 57
185 59
405|20
70708 70
293 84
7254 82
37731 82
2959 84
345 83
1213 84
7134 70
64614 84
6023 74
1241 83
2329 84
1247 84
3052 83
68237 84
1199 84
27592 83
27664 77
3418 81
1215 84
406|5
1586 48
135 45
56949 49
46972 50
724 47
407|5
7153 84
2959 84
6539 81
1240 82
54286 79
408|20
1198 84
122904 84
44840 81
165101 76
6618 84
1291 84
1210 84
89745 84
1278 84
7324 81
44 68
8641 83
115210 82
103596 72
68554 80
2571 84
109487 84
63131 82
80489 84
4649 84
409|20
2485 54
2490 73
2028 83
3812 70
1278 84
2997 83
296 84
1078 70
3016 65
1073 80
2683 67
2289 79
3846 78
912 83
2013 58
1911 56
2352 78
1230 78
2541 69
3174 74
410|20
389 70
3224 84
318 84
2302 74
4002 81
1060 82
4297 77
3263 73
1859 80
111 84
58 83
2145 77
3255 80
2321 78
3504 83
3948 78
11 81
4019 82
3 75
597 78
411|20
508 72
261 75
586 55
432 46
353 76
431 72
194 69
318 84
272 74
515 80
356 81
266 63
257 65
349 71
10 69
31 59
344 56
227 46
455 44
122 51
412|20
2828 54
2384 66
2915 76
903 81
608 84
2720 45
2858 83
1883 71
1307 80
1214 82
1784 76
2239 84
1 80
930 84
1136 83
2710 56
915 76
2398 83
17 76
1079 81
413|12
2706 80
1198 84
3753 80
2424 77
593 84
128360 83
4993 84
16 84
5574 80
3948 81
64957 80
2959 84
414|20
4458 70
4666 70
5285 70
5635 70
6033 70
6493 70
6563 70
6628 70
6797 70
48319 70
58879 70
169992 70
3802 46
3599 67
1600 66
8666 27
4975 70
7444 68
4081 58
177593 84
415|19
296 84
1213 84
4321 76
3507 83
4308 79
47 82
1021 62
111 83
2617 70
1276 84
3861 66
4369 68
99114 82
1221 84
63082 81
1234 83
45722 78
1197 84
175 84
416|11
5952 73
5951 39
531 49
1296 63
1199 75
1721 53
830 46
1206 77
7323 57
4848 72
3677 58
417|14
778 84
4995 84
4975 78
7254 80
1198 84
106782 82
27773 83
168250 81
1625 80
7153 84
74458 82
110102 82
48394 82
4878 84
418|19
356 79
296 82
63082 72
104374 70
1276 80
1136 80
117176 68
1573 59
137337 67
1682 71
5816 66
88125 71
74458 70
367 54
89745 79
45672 54
87869 74
7361 81
54001 73
419|20
4093 70
111 84
46976 80
27822 64
2858 84
319 80
6287 72
3578 83
1213 84
64969 79
47 83
79592 76
34319 76
89580 70
60756 78
27704 70
90943 70
2412 55
1240 83
52245 71
420|20
1161 76
4993 83
45499 73
923 84
26693 70
48385 73
1927 83
5608 78
2052 65
6934 67
7022 81
3979 58
59295 70
2329 83
54259 78
1131 83
2762 81
4973 84
5669 81
527 84
421|8
2858 83
909 80
5008 80
953 80
1178 84
2313 82
2478 62
1203 81
422|19
2539 56
2710 46
4947 72
4971 63
5039 75
4925 70
2581 52
4916 60
1265 78
2804 77
3053 78
2665 70
1283 82
4835 70
2908 74
3943 60
1213 82
2670 60
858 83
423|5
1653 80
110 80
2194 79
5349 72
1320 65
424|20
1193 83
141 71
2804 82
40278 78
608 84
108729 71
293 82
69122 75
1092 68
54503 80
58559 84
3186 73
66097 80
778 83
5679 71
3176 75
2288 78
2174 75
71668 78
112556 81
425|20
45517 69
377 70
2329 81
733 71
6 81
1645 68
8368 81
2081 72
4306 77
1680 71
1909 69
367 63
46723 73
1625 72
1036 77
4901 71
750 83
2353 67
1342 58
145 62
426|18
59784 73
150 79
471 78
337 81
54001 81
1197 84
6378 79
72641 78
4886 79
8644 74
37729 79
597 75
5444 80
91325 60
588 79
3247 65
4022 78
79091 77
427|17
4887 47
5463 47
5015 63
110 74
58 73
5528 63
6348 41
5312 57
2710 44
5696 47
4993 78
5266 53
2683 57
5400 51
5816 66
1208 80
5574 60
428|20
2471 36
2762 65
3827 43
1089 71
2953 39
2916 58
1380 49
1997 63
3440 27
4022 60
317 45
4255 32
1208 74
1391 45
6377 68
2581 41
260 75
3285 40
588 60
653 43
429|12
339 79
421 78
150 83
225 79
165 80
266 79
329 77
252 77
279 73
317 75
237 79
204 68
430|12
923 82
2987 74
3745 68
6287 62
2858 82
6365 65
2571 81
4447 66
4014 70
329 66
2076 78
4446 72
431|5
172 40
1625 57
1376 55
3948 54
802 53
432|20
1831 52
5630 73
6870 78
8640 65
6539 80
3916 76
5989 81
84189 70
110 82
35836 77
4886 79
2762 81
1206 84
49272 82
19 55
318 84
58559 84
69481 81
7158 83
33660 81
433|5
91529 73
1089 77
50 80
5299 55
110 73
434|20
1136 82
3147 81
1090 79
1265 78
5989 75
1101 60
1779 53
586 54
344 54
3863 55
1208 82
3160 75
589 77
780 64
6796 69
2791 77
4226 82
2194 77
8665 72
1291 79
435|9
2353 78
44191 83
485 74
3510 79
34405 84
2302 76
158 67
82459 82
48780 84
436|20
204 48
435 45
440 67
432 49
161 71
480 72
377 68
531 62
536 55
502 38
364 78
235 71
371 67
344 58
2 67
585 55
450 62
587 67
437 49
227 49
437|20
748 68
318 84
5 58
640 53
1299 79
1120 76
1396 73
1246 81
454 72
1171 76
1225 83
1183 77
1097 78
1307 80
1268 75
592 70
198 72
155 41
112 68
246 82
438|20
7154 60
2501 75
8966 68
27801 81
1527 80
6711 82
3898 49
1784 75
8644 70
6367 69
2424 63
3889 44
223 80
1517 74
7361 83
2641 63
5009 66
2617 62
3753 70
2393 67
439|5
356 82
4022 77
7153 83
78499 82
1240 80
440|7
8690 70
541 83
29 81
1653 80
1274 78
3174 72
1235 83
441|9
589 84
2683 82
2959 84
4306 84
260 84
296 83
51255 84
47 84
68358 84
442|5
2908 40
2881 26
1186 40
3752 28
4361 31
443|8
2329 83
79132 82
296 84
48394 80
106487 79
108190 68
7153 83
63082 80
444|9
356 82
592 71
208 59
21 71
111 82
110 80
235 75
296 84
344 62
445|16
2028 80
590 72
34405 79
47 74
116897 76
780 64
4011 80
899 78
593 80
33794 75
1080 80
45722 66
17 69
1230 72
306 79
2710 46
446|17
237 61
339 62
300 68
296 81
480 69
368 64
288 62
172 49
17 68
16 75
357 64
150 71
434 52
153 51
648 62
593 79
337 74
447|16
257 80
293 84
337 84
531 79
382 76
589 84
552 78
253 82
362 82
532 76
292 79
31 78
474 82
540 73
442 75
160 73
448|373
2368 70
3284 70
3933 70
6302 70
6476 70
7245 70
48262 70
49688 70
75803 70
75816 70
78116 70
79590 70
86593 70
92198 70
98908 70
100326 70
102819 70
104760 70
108715 70
109191 70
111680 70
113416 70
116207 70
116985 70
129657 70
130083 70
133377 70
136654 70
138546 70
142424 70
151777 70
152658 70
157130 70
158022 70
161290 70
164375 70
53996 65
136778 70
5418 72
288 60
88356 42
2580 73
155358 70
2889 68
4034 78
148888 44
81156 69
2713 42
103335 64
95441 54
34048 55
80126 47
3057 70
1057 65
2794 47
33830 60
8665 69
6059 60
110553 41
90374 73
151501 70
3764 42
6143 61
103819 56
4361 64
104913 67
3986 48
5528 62
1196 77
105351 44
83349 54
3276 70
1090 77
5349 64
587 61
106330 56
4677 52
95508 70
109895 39
110611 70
671 64
2289 71
152077 71
80693 46
111360 43
170 56
87444 56
94323 44
8493 55
3671 73
91653 51
4981 70
2991 69
78034 70
119145 78
5099 50
4299 55
2567 53
6996 26
109864 57
6582 57
73017 67
370 52
543 58
115617 76
590 70
154065 70
5553 58
41569 61
3286 36
6645 70
589 74
1920 46
2857 65
111663 64
78499 76
2657 60
6537 54
1148 74
46974 48
48516 78
80241 53
445 49
4262 72
3689 51
114935 68
6428 63
127194 70
109673 45
127096 62
89388 70
4156 70
3793 69
33679 56
2014 49
64285 70
3968 54
49530 68
3450 60
160563 54
5502 57
8169 65
6314 39
122490 70
3386 64
140725 54
4896 68
2642 42
127136 59
2763 64
2520 70
457 74
48783 72
3263 52
5400 50
5541 52
4011 78
58351 70
127132 70
152091 63
3698 58
435 37
4799 46
84152 76
3401 43
2858 79
3174 63
7076 70
106542 70
6218 58
2860 43
1283 80
3618 66
2616 50
90439 71
2404 33
4660 70
2530 44
26386 70
4327 62
3030 82
71464 58
32 77
91529 74
4158 38
99114 73
98585 61
93326 46
2268 70
80489 73
130576 39
105504 76
2791 73
50601 47
7007 54
4234 52
3623 44
80727 67
78467 25
8641 70
4128 70
106782 71
2537 60
112138 67
3247 48
112818 51
2027 31
3101 53
5779 70
82202 42
1704 77
98296 70
6863 60
89305 59
4203 60
1201 77
6212 36
637 44
84954 55
6814 70
94864 59
67695 70
159077 70
92439 67
6812 44
3156 47
802 59
118354 70
134130 80
138036 62
65135 70
52975 65
4368 36
90717 60
45722 64
79259 70
68157 79
4233 34
74458 70
3258 51
1262 80
3949 73
101025 38
69526 36
1831 36
1083 55
1884 73
1476 67
156609 43
3755 54
111659 43
4734 52
161 66
95201 70
135887 57
2598 49
87232 75
4634 71
5334 44
5459 48
146730 70
72694 70
157432 70
132488 70
4558 43
1375 60
6424 70
71518 56
2716 72
94780 42
3593 26
129354 47
158 42
1409 40
6514 70
2881 53
51662 69
90522 51
68554 59
2126 50
122932 70
93510 67
137857 71
125916 33
2953 46
2090 58
1760 20
480 68
58803 65
2109 64
50792 44
46062 35
85510 53
80864 70
112171 58
122900 68
2587 53
1527 74
117529 57
4993 78
92264 56
5247 48
533 53
912 79
26464 70
2249 61
4678 59
103772 59
114601 61
96861 52
420 42
59615 50
2349 69
109372 52
95207 50
348 70
19 42
136020 49
4502 37
91094 52
138208 56
3511 41
79428 62
2643 28
109183 70
2139 65
4212 70
5942 50
96417 61
112852 77
99728 61
89470 68
142448 53
64983 58
2640 69
2046 55
4881 74
3882 44
3744 43
1032 62
116799 72
5 48
4040 39
157407 70
2115 66
1617 79
4367 45
105254 64
3388 41
3760 67
2146 59
2968 72
6281 53
466 46
96448 37
86332 66
64969 64
115170 70
1036 72
3397 66
2474 61
1408 79
155743 70
106920 80
8542 66
120466 57
2051 38
7143 72
7150 40
89087 42
34150 45
2253 49
2973 77
449|8
1917 48
2502 77
4034 77
1222 77
2770 46
762 31
2011 60
2324 74
450|11
3977 64
589 82
110 83
3363 83
3535 79
3948 75
3409 66
1035 82
3568 70
358 64
1259 82
451|7
733 78
593 84
7 70
5 68
494 77
25 79
17 79
452|20
4025 82
2858 83
2617 83
5292 84
1206 83
1676 84
3219 83
47 84
3101 83
163 84
1092 83
1917 82
2126 83
1356 84
552 83
2628 82
1200 84
608 83
2707 83
3273 79
453|20
208 69
858 84
2335 78
4022 82
3618 82
1617 84
3452 74
1357 83
112 77
2671 79
1884 83
1894 71
2294 76
318 84
1614 72
3534 76
2959 84
798 69
5266 75
780 79
454|9
7361 83
2692 82
7116 77
55820 83
6016 82
27773 80
2160 83
2858 83
26131 83
455|12
272 76
432 50
367 63
590 76
253 73
364 79
555 78
252 65
110 79
225 67
588 75
597 69
456|9
1407 78
634 54
135 73
5 72
724 76
780 80
733 81
260 84
706 70
457|10
329 64
3593 35
2692 80
1356 76
223 78
2394 71
2701 45
3608 58
733 69
2094 62
458|12
597 81
185 75
10 81
380 80
95 74
454 81
300 82
595 83
153 74
587 81
150 83
552 78
459|6
79132 84
5618 84
8961 83
48780 84
50872 83
260 84
460|17
89039 70
4886 82
4703 77
3831 80
1441 78
4878 84
3483 75
8970 81
1 83
49272 83
40815 81
85414 79
68237 83
76093 82
47610 79
63082 82
2571 83
461|6
74458 77
2762 79
1036 78
91500 74
3578 80
539 72
462|20
26838 70
89090 70
164655 70
188189 70
1136 80
1219 78
158966 74
1248 82
508 67
1653 76
1674 64
8917 60
8620 36
3424 76
2146 60
7044 63
3814 78
1213 81
82857 70
26131 81
463|7
6377 83
2028 84
4310 71
3753 77
2006 71
1092 74
5995 84
464|20
1370 71
58025 63
63853 50
296 83
2019 83
3527 75
5254 69
7007 66
1101 67
1779 62
377 71
1653 81
55820 83
648 70
33493 72
1610 79
65088 70
74727 75
1617 82
62374 73
465|20
2941 83
2987 79
1200 82
3448 80
5060 83
1299 82
3703 83
3649 61
1625 78
292 72
904 84
3101 70
1754 79
750 84
1256 83
593 84
3732 76
3740 82
3334 83
377 76
466|20
5418 83
30793 77
79091 82
92259 84
5989 84
5459 75
318 84
63082 83
59784 79
5010 84
74458 83
6281 78
5952 84
8529 78
64716 84
68954 84
4993 84
45447 79
81845 84
55247 84
467|22
41 70
58 70
389 70
466 70
527 70
593 70
780 70
1183 70
1233 70
1357 70
1365 70
1408 70
1721 70
2028 70
2125 70
2324 70
2334 70
2384 70
2390 70
2393 70
2394 70
2493 70
468|7
592 68
349 73
1 78
317 61
296 83
32 81
165 70
469|20
3658 70
3832 70
3507 79
3032 79
2736 74
2132 79
1958 79
910 84
1090 81
1485 56
1388 53
2321 67
1234 80
2081 70
1193 82
36 77
2908 77
909 79
2023 70
3255 70
470|16
253 76
318 84
110 81
588 77
282 70
5 61
597 72
32 82
595 77
592 72
500 71
26 77
356 82
357 73
434 62
300 76
471|6
2571 81
8874 82
527 83
1 79
8360 75
7147 78
472|6
58559 84
3450 79
3298 83
2840 70
1221 84
858 84
473|8
4979 70
2959 82
60 58
7147 74
6281 59
3897 77
48322 76
2596 70
474|422
638 70
2179 70
2697 70
4046 70
5114 70
5311 70
5353 70
5455 70
5601 70
6201 70
6273 70
6382 70
6407 70
6592 70
6912 70
7702 70
7826 70
7832 70
7839 70
8057 70
8446 70
8458 70
8459 70
8611 70
8650 70
8774 70
8938 70
1466 69
6708 70
2940 78
2616 54
2334 52
7139 71
4218 70
371 65
750 83
2935 69
8645 74
5481 51
6370 80
25865 70
2553 76
912 81
2467 75
5548 59
7301 71
52967 61
5945 61
480 71
1983 43
3462 73
1068 70
8600 74
6650 81
8482 70
6791 80
4016 70
1784 70
3668 71
3977 50
8961 74
4160 71
30820 69
6984 70
2750 65
5034 56
7716 70
2612 70
4419 82
1300 72
4187 73
1187 60
6565 73
272 73
5440 70
25937 61
1099 61
3125 70
5826 70
5649 70
7256 77
4912 69
6016 79
1208 82
2083 74
3385 49
2310 68
3360 77
3163 73
1413 72
4081 53
1643 73
968 74
2116 63
26965 60
5954 76
1263 80
5116 70
3536 65
8778 53
63433 62
2952 72
318 84
3394 50
1200 78
3384 81
4356 77
932 78
7698 72
516 60
4873 75
48385 65
39869 74
1902 70
2641 57
7036 50
2181 69
4638 50
31116 76
2455 64
2146 65
628 72
3897 78
1030 51
4022 72
344 55
3196 79
92 45
237 63
6770 61
3259 60
3368 61
26151 66
1293 74
34072 71
3044 75
1639 73
5944 62
6539 74
477 67
7361 82
55687 70
58 76
4014 65
3467 72
8154 76
4191 59
2134 64
4644 66
4293 57
5013 75
1399 61
1196 80
2918 76
5899 49
4465 65
100 51
361 60
3341 72
8921 70
195 62
3789 70
4709 62
1588 57
3468 82
4678 64
2723 64
2118 78
1939 78
7019 50
3147 81
1792 56
33903 78
1682 74
41566 69
1693 65
1957 77
5021 64
2313 81
3870 70
948 74
47099 72
3447 67
6614 60
216 66
5619 64
3987 40
5060 80
3111 78
45950 71
32584 54
5525 70
2567 56
5956 70
7 54
1172 81
3217 63
8331 70
587 66
5238 54
1189 80
2416 61
832 60
3095 73
7386 73
1223 82
7058 70
5246 44
5418 75
27803 74
26 71
4002 72
1135 59
45 66
6945 76
2411 51
2520 70
7347 64
5375 70
5673 69
3039 71
7833 70
33781 60
720 78
2103 54
33154 75
608 83
1327 42
101 76
7061 70
5451 54
5682 60
5434 75
6609 70
31658 78
4578 52
2009 67
4704 70
7572 70
4929 56
3306 73
6334 60
5379 75
5437 55
42418 60
4128 73
7451 76
2786 38
2243 66
27846 77
6197 51
3264 45
3608 54
5603 79
6124 61
1222 80
1663 75
3566 62
3755 58
2628 54
4815 57
2089 67
7102 57
27706 60
7013 74
1348 69
45666 45
5755 51
4055 75
2058 63
4462 29
1544 51
2405 55
4998 70
273 53
1977 58
1732 81
7822 70
7073 70
41527 74
4787 67
1676 63
3708 59
6669 74
317 56
25940 70
971 79
7366 60
3115 76
7026 46
2710 46
50685 74
2114 71
3809 65
3516 61
2770 52
535 64
4878 81
5992 80
41997 71
1083 60
4487 65
7293 67
1016 61
2006 56
1007 54
4993 80
3412 67
5007 70
3929 62
6639 81
8712 70
1876 54
3546 70
34359 70
7579 75
7325 67
6837 70
2634 70
7753 60
8943 58
8385 70
4308 69
3246 77
3745 62
1148 77
42002 63
50740 80
3952 58
1927 81
7581 62
910 83
3948 64
54881 79
1284 75
4007 70
5341 53
3675 81
52975 70
6244 60
965 74
454 66
1247 82
7215 55
1282 80
8207 80
6242 66
6502 75
4509 57
3528 73
2391 75
4262 75
4039 55
42018 44
3271 75
976 70
48394 75
5384 70
5168 70
1358 77
6534 47
8773 70
2384 56
48780 78
1269 75
4600 60
2642 45
111 79
933 79
3578 77
5297 42
944 70
6020 70
2123 52
748 62
4896 72
5380 75
53953 61
3712 63
25996 70
1997 75
4464 74
4085 65
51540 71
2707 60
2069 76
6710 70
1488 63
6378 72
928 79
3038 77
7116 71
44511 70
594 75
1962 71
421 60
4316 52
2761 81
4823 54
892 73
1345 67
5294 79
1408 81
6579 74
3272 68
3421 75
3844 72
6787 80
37736 74
2249 65
1610 76
2468 43
3498 69
4902 73
6268 76
5225 79
5404 79
929 70
25999 70
7835 70
805 67
4126 67
475|20
6539 84
4993 84
87232 84
40815 84
5816 84
8644 84
81564 84
4701 83
81834 84
6564 78
68791 84
111759 84
7153 84
1527 84
71530 82
4896 84
106487 84
112852 83
3578 84
82461 84
476|14
594 80
34 76
380 71
158 57
153 62
586 63
440 73
364 81
378 67
357 74
224 75
165 74
296 84
11 77
477|20
34 77
913 84
3100 81
2105 72
1271 74
1207 83
70687 45
2174 76
45672 65
4571 80
3973 44
4226 84
1103 83
5291 80
348 80
3593 37
1 81
1274 81
6502 80
59615 64
478|5
1917 47
3114 68
594 69
1584 60
1101 53
479|20
5365 70
4488 67
524 63
1025 68
3707 52
1220 76
4010 61
3244 62
3526 67
4092 48
1968 72
4700 59
4003 59
3671 75
2671 64
341 70
2012 65
2542 77
454 66
2384 54
480|20
43914 70
2700 73
8533 68
2193 68
2797 70
3484 53
2571 78
1210 80
2596 68
8866 55
47610 66
6306 71
5379 74
2018 62
7153 80
3911 72
44191 75
38061 81
5673 67
380 61
481|7
1608 52
1687 50
1629 52
1729 62
1620 47
1597 48
1485 46
482|20
2068 82
8985 55
1036 76
474 72
1042 61
4389 58
780 68
27706 64
3211 73
1610 77
4367 54
1374 76
1220 78
1602 49
653 59
592 67
30812 70
4862 57
8361 57
8529 63
483|20
105325 70
783 67
2541 68
2959 84
109971 70
45722 73
1199 83
50872 78
2000 76
4306 79
69757 78
2683 66
2273 64
1588 63
109487 80
66934 80
1721 69
2328 51
68522 70
8972 71
484|20
93320 70
1438 66
6155 74
6944 81
2706 78
33166 83
6874 84
3697 73
1059 80
76293 72
919 83
2762 83
1821 70
837 79
5810 74
1753 80
3254 77
4718 69
2413 80
3646 56
485|5
588 81
161 80
253 80
292 75
231 71
486|12
653 74
47 84
110 84
153 71
474 81
95 72
288 77
329 77
161 81
318 84
292 77
6 84
487|12
27611 56
8961 56
318 78
1198 72
31658 61
1197 69
6539 54
5445 50
116797 63
4027 59
8874 66
86377 65
488|20
720 78
838 69
608 83
1223 82
26 71
5135 71
2109 69
7720 43
7303 70
4014 65
5995 82
457 78
105 55
1136 82
272 74
1269 75
3176 69
1278 82
1125 71
910 83
489|20
79536 70
86000 70
4848 76
736 50
8387 34
4700 52
45666 37
4720 63
2683 54
2021 61
2389 32
1619 53
950 68
58559 81
2236 56
2167 54
1616 46
247 76
376 52
2717 47
490|20
46578 73
89492 70
81591 65
91077 72
60074 45
5816 60
4144 69
54001 68
1 68
1784 62
7153 76
4993 75
89759 71
86320 48
60128 52
76251 61
8368 74
69122 60
2006 47
78499 73
491|13
106782 84
69757 84
7293 84
27808 83
4246 84
3948 84
104374 84
86833 84
140110 84
8529 83
180231 70
4306 84
88405 82
492|20
736 81
784 79
628 84
858 83
852 82
64 78
990 79
830 81
743 73
62 84
52 84
1499 70
66 74
1210 84
881 74
1474 71
1405 80
724 82
1047 82
65 76
493|13
2985 57
4444 59
2916 65
1275 68
2571 76
1527 72
2028 77
3793 67
2167 56
1215 79
4701 54
2924 73
260 80
494|5
1196 80
4498 56
3578 78
2028 81
1210 81
495|20
140523 70
115149 80
1259 82
1721 74
136562 82
80489 82
19 60
50872 81
231 67
102123 75
52319 72
7254 79
7360 81
8528 80
1645 74
46578 83
30810 78
2918 82
148626 83
56775 71
496|6
1221 81
99149 63
858 81
904 80
8865 44
114713 50
497|11
1193 82
112556 79
112290 77
1916 77
92259 81
2329 82
112552 81
1258 82
2762 79
5349 72
111362 78
498|7
344 72
231 72
648 78
10 80
300 81
356 84
316 77
499|6
1202 79
2337 63
38304 82
327 59
56286 74
1304 79
500|18
2599 66
2987 62
543 56
2700 69
2542 73
1265 72
2916 64
356 76
3301 60
1784 63
1914 69
595 66
2355 57
3536 58
1885 53
322 61
838 60
720 71
501|9
6 78
62 66
93 56
45 65
3 60
637 49
11 70
18 66
662 51
502|7
7236 68
1077 69
4412 43
3469 64
2001 56
2520 70
1777 60
503|19
7455 70
7361 81
4878 79
356 79
91500 66
593 79
527 81
858 82
4226 80
1259 75
1342 51
2877 52
92509 61
90866 75
500 62
441 77
48516 79
2858 80
48394 73
504|18
4995 82
5812 78
2321 74
1 81
3556 81
7153 83
6708 77
1288 83
6927 70
4033 82
4700 69
6565 80
342 70
3408 76
6879 76
4361 77
5952 83
5955 75
505|7
1241 81
4105 81
1029 73
74685 68
273 66
6502 81
54999 75
506|9
59258 54
54272 69
37741 70
56782 78
62293 67
51834 47
49286 58
112556 73
61024 65
507|5
165 69
266 65
253 72
377 69
593 81
508|5
2872 46
2011 42
1952 64
1175 58
898 68
509|20
26958 70
130073 70
2028 79
87232 76
33830 64
5313 45
48 57
2090 61
2080 62
6942 78
8907 44
6156 54
5816 67
39 62
3988 51
6807 78
7458 63
1196 78
45447 58
616 67
510|20
1882 25
7026 32
35836 52
494 47
1198 73
514 53
457 64
2935 50
858 75
2699 36
317 41
8949 59
2918 61
145 40
1262 72
6787 67
1208 72
372 36
1242 72
40819 58
511|11
2959 84
53953 73
115149 80
164179 83
6534 62
99114 81
92259 83
318 84
2324 82
1653 83
56757 78
512|10
480 76
150 77
349 75
47 80
350 70
442 62
457 80
50 83
317 65
593 82
513|7
5952 80
318 84
2174 70
235 71
1304 77
1220 77
1080 81
514|20
1335 70
5704 70
62586 70
168358 70
180263 70
1704 79
2005 71
2792 64
2013 50
1673 80
134130 81
76093 75
1333 74
58998 74
68157 81
2406 64
3210 69
54503 76
4855 71
1644 36
515|6
33794 84
2028 84
527 84
91529 84
58559 84
2959 84
516|26
260 70
457 70
480 70
647 70
708 70
1042 70
1090 70
1197 70
1198 70
1954 70
1958 70
2021 70
2259 70
2268 70
3052 70
3471 70
4027 70
4291 70
4306 70
4321 70
4322 70
4333 70
4337 70
4349 70
4361 70
4429 70
517|20
4306 53
53125 43
1265 58
165489 70
97938 48
88744 48
86880 39
4148 35
26761 70
3398 49
1293 54
3988 35
2858 65
4963 52
1204 70
1704 62
47629 52
7669 57
1206 67
46578 59
518|5
3101 57
2657 64
783 61
1876 54
6365 60
519|6
1704 84
356 84
140110 84
6378 84
7445 83
1968 84
520|20
7266 70
318 84
1049 76
59315 81
4995 83
32 83
2716 81
4333 73
1291 83
1732 84
4085 76
2723 76
3081 77
3994 78
33493 77
135 65
2393 73
60516 60
2406 76
1584 79
521|8
661 70
112 71
86 77
104 72
58 81
79 58
52 77
852 68
522|20
99114 79
81932 81
89492 80
63113 71
2959 83
1193 83
1375 69
4993 82
223 80
27611 77
76060 71
180 73
59315 78
1617 82
10 72
67255 80
2023 73
6187 79
318 84
127098 81
523|15
168252 84
8970 84
5989 84
318 83
91529 84
1721 83
293 84
65261 84
4270 79
3147 84
27731 84
134130 83
31696 81
527 84
101962 82
524|20
1356 77
150 75
552 61
748 65
344 58
442 57
253 73
1225 82
20 51
589 79
1242 83
544 57
173 48
1302 68
380 66
457 79
1020 66
788 49
193 42
466 54
525|20
120807 70
317 57
6863 66
8622 72
33004 70
7147 75
2396 72
40815 75
137337 72
1639 75
1968 74
91869 70
45880 66
2100 58
339 65
4886 75
50872 76
86332 72
8983 72
3996 76
526|12
593 84
55247 82
46578 83
176415 70
1295 67
90430 82
4014 76
2352 81
176413 70
215 82
81845 83
51255 83
527|20
2137 82
3114 83
3210 82
3016 76
2161 80
4571 83
2118 84
3421 83
455 65
2867 83
2450 56
1909 80
1214 84
4299 77
736 76
2477 73
588 82
4016 82
1259 84
2533 75
528|15
4886 68
2278 62
80906 68
4037 67
1240 71
64614 74
3821 34
150 67
1291 75
80463 74
593 77
99813 70
85342 76
48516 76
58559 80
529|5
653 58
135 55
65 48
62 68
733 68
530|6
292 72
500 74
300 78
586 66
593 83
11 78
531|5
593 83
590 78
919 80
480 76
1215 84
532|10
1721 78
4863 83
457 84
290 83
1245 84
1242 84
2023 81
2329 84
1304 83
517 77
533|8
1200 83
6502 82
79132 84
46578 84
93840 82
4973 84
2455 78
66934 83
534|20
116724 70
97913 83
94953 81
2003 80
2167 76
7569 83
153 70
1485 73
65514 82
104218 73
344 72
2571 84
5445 82
95875 77
112818 74
82461 77
96610 83
2987 81
138036 80
1566 80
535|6
2571 75
2581 47
2700 69
2688 48
2583 72
2882 37
536|8
232 75
272 75
356 81
335 70
225 66
150 74
434 57
589 78
537|10
80906 82
367 74
7153 84
53322 78
104218 71
97304 83
6539 82
318 84
89745 84
105504 84
538|8
595 83
3671 84
80549 84
4039 77
69757 84
5047 83
44889 70
66934 84
539|8
4306 79
6753 74
5218 76
50872 79
88 62
3301 74
4886 78
69122 75
540|9
2598 70
2959 84
1073 82
8874 84
1681 61
2183 82
2841 80
2747 73
1196 84
541|18
590 76
457 79
413 54
15 58
110 80
595 75
597 70
480 75
356 82
203 66
529 78
357 71
22 66
345 75
546 43
586 59
281 75
350 68
542|20
6539 74
30793 57
5299 61
2542 78
34319 61
33679 61
4963 74
5481 51
1997 75
4025 51
3623 49
924 79
4369 53
6378 73
2571 79
7254 70
41566 70
37733 70
7361 82
45517 64
543|16
73881 84
1702 77
595 83
3301 82
231 75
2378 78
2379 70
86882 83
6377 84
588 83
377 81
48385 81
2571 84
4526 73
4388 69
92259 84
544|22
1 70
3 70
14 70
32 70
40 70
62 70
68 70
95 70
116 70
619 70
626 70
648 70
650 70
694 70
736 70
780 70
839 70
1042 70
1047 70
1059 70
1105 70
1356 70
545|5
1438 60
1267 84
2763 76
1367 68
44 56
546|13
1270 82
3328 81
480 76
1970 64
2456 60
1976 51
589 80
2657 71
1673 83
3941 70
3959 74
3566 71
1977 66
547|5
1211 81
2859 80
2917 81
1394 83
1288 84
548|26
69 70
260 70
356 70
733 70
1196 70
1393 70
1477 70
1621 70
2571 70
2716 70
3263 70
3578 70
3916 70
4776 70
4899 70
5955 70
6874 70
7458 70
8531 70
49910 70
58559 70
74532 70
80862 70
122904 70
125916 70
168712 70
549|5
2571 80
2028 82
4226 82
1210 82
589 79
550|6
167296 70
102125 80
106782 82
116797 83
112852 84
122882 83
551|20
5010 81
34162 76
60069 83
1544 64
45186 76
103772 76
51935 79
4226 84
2353 74
7153 83
5989 81
135569 78
115149 80
88129 84
134130 84
6934 71
47 81
4701 71
2959 84
98809 82
552|20
2916 66
3317 73
1405 47
2953 46
2245 55
2944 71
2890 66
2125 67
508 66
3948 59
5349 63
2959 80
2857 64
173 41
2991 67
2871 72
2628 49
4308 64
4878 77
3101 52
553|17
55765 83
3481 82
1923 82
2571 84
4011 84
50 84
3949 83
1089 84
44199 83
5513 70
2231 83
2395 82
3052 83
61257 70
1221 84
33166 83
2959 84
554|18
1196 84
1022 80
2820 70
1207 84
1517 80
1282 84
1210 84
1760 40
2282 70
1225 84
907 75
1358 83
2096 80
1028 84
593 84
608 84
953 83
2324 84
555|20
790 70
3664 70
1 80
3111 81
3395 68
104 70
1334 65
2506 67
2072 69
4002 77
1266 83
2641 64
2256 67
2791 80
2701 47
1333 79
1320 66
337 81
1393 73
3526 74
556|7
162600 80
122890 82
3081 81
88125 83
588 82
72998 81
74789 76
557|6
648 74
231 66
1291 82
260 84
1210 83
150 79
558|12
5329 76
5064 84
4903 79
2297 80
2568 82
4993 84
4306 83
367 77
5283 77
1097 83
4164 79
5294 84
559|20
552 61
608 83
355 45
329 64
544 58
1527 78
173 49
377 69
745 78
174 51
529 77
350 66
349 72
533 60
836 52
1210 81
420 50
786 57
227 49
253 72
560|20
5839 70
91535 60
136018 56
67997 77
79132 79
3253 69
142558 70
2355 67
39435 60
1527 78
40414 76
64614 79
48744 74
56587 71
593 81
76251 72
84944 67
109313 70
5878 80
40819 75
561|20
168174 70
5308 51
78469 57
3703 79
60069 79
91535 55
2105 63
73017 70
5445 70
2000 71
83134 70
79132 77
79592 62
80463 78
89745 80
527 81
8972 64
353 74
33162 67
68157 81
562|20
27140 70
6870 83
6377 84
2580 84
1249 84
4776 84
36529 82
1259 84
1982 84
2268 84
2133 83
83134 84
3210 83
48394 84
30707 84
33836 72
2692 84
88163 84
99191 70
1240 84
563|20
61071 70
70932 70
80858 70
919 78
74450 59
588 75
5943 51
118997 55
86833 72
1197 82
128832 70
85397 74
45221 49
33499 55
7380 73
96821 77
81784 64
95307 52
65585 67
55250 52
564|20
50942 70
356 83
31685 69
131013 73
61024 77
79224 59
87869 81
500 73
108156 66
81784 71
93270 62
6188 75
106918 80
65230 73
67087 74
80693 64
94677 71
8984 70
73266 75
2671 73
565|6
590 76
231 60
19 53
21 69
50 83
539 70
566|15
648 69
10 72
231 61
329 67
342 66
141 69
203 67
345 76
39 69
497 78
265 74
588 76
708 69
353 78
2 70
567|20
8189 70
26743 70
92681 70
109897 70
152071 70
5690 59
136602 53
122888 70
6333 53
1274 54
122922 48
153070 70
151687 70
117877 70
108928 37
954 63
122924 38
27773 56
648 42
135887 40
568|23
50 70
147 70
296 70
356 70
480 70
593 70
765 70
1103 70
1104 70
1257 70
1298 70
1895 70
2313 70
2359 70
2863 70
3053 70
3148 70
3261 70
3363 70
8169 70
46723 70
63853 70
65088 70
569|5
231 78
50 84
380 81
588 83
592 81
570|20
208 48
8636 73
48516 78
1225 80
586 52
2683 58
457 75
1196 78
110 75
4993 78
7361 81
1198 81
1079 76
10 64
3793 70
1391 55
589 75
380 61
527 80
185 51
571|20
1331 70
2982 70
2366 66
1128 53
610 61
2902 51
1998 40
3696 57
1980 70
1987 70
70 64
1924 52
2279 40
1327 37
3732 57
1972 38
1278 78
1644 32
2327 67
1978 47
572|20
1961 80
2570 64
2788 84
2321 74
111 83
904 84
2987 77
2302 69
1834 82
2539 67
2917 81
1307 81
1 81
161 77
3421 81
838 77
1356 80
2006 66
3167 78
1953 83
573|20
89745 84
72998 81
3752 80
356 84
7293 81
6754 80
8665 83
32587 84
1073 84
88744 82
1127 83
68954 84
98809 84
2640 83
48516 84
71535 84
59369 81
60069 84
88140 82
1562 65
574|23
47 70
110 70
150 70
153 70
161 70
185 70
225 70
231 70
292 70
296 70
300 70
316 70
318 70
329 70
339 70
344 70
380 70
410 70
434 70
588 70
592 70
593 70
595 70
575|8
2566 63
2580 77
296 82
2581 56
2572 70
2542 78
2574 43
2598 57
576|5
849 52
1321 63
1373 50
1479 61
2289 72
577|20
2415 70
1183 72
1288 81
1129 71
2944 75
2194 76
733 68
1213 82
2076 76
2020 74
1262 82
1931 74
1391 57
2987 70
952 75
1909 64
260 82
919 76
2248 71
1270 80
578|6
6751 70
52668 81
45668 77
830 72
72407 60
75446 70
579|15
3174 83
2485 72
1022 82
2018 81
838 83
1917 77
1391 80
596 80
1573 80
2965 70
1653 84
2599 83
892 84
2687 82
595 83
580|20
5767 70
6583 70
480 74
8844 70
6989 72
3809 68
41569 68
3699 64
4041 66
33166 77
356 82
508 74
8376 72
3578 79
608 83
3785 57
3089 82
1320 63
54286 75
1201 81
581|8
7153 84
5995 84
4973 84
116797 84
3949 83
4306 83
109487 83
6377 84
582|12
91529 83
2959 84
116797 83
4993 84
5618 84
2571 83
76251 80
69844 83
104841 80
48516 84
97752 79
76093 82
583|12
8533 72
88405 61
2706 66
117590 75
317 61
60756 68
6942 80
595 74
46578 79
104 66
2694 62
7451 77
584|17
288 80
22 81
203 81
315 77
500 82
316 81
539 82
234 73
296 84
257 81
434 77
586 76
338 78
349 83
282 81
480 83
590 84
585|13
3173 79
1228 84
54503 84
2959 84
428 83
1405 76
7254 83
441 84
1805 79
296 84
27373 70
5325 84
79132 84
586|20
34332 83
4016 84
111659 80
106002 83
149406 83
167036 84
45499 84
136556 70
5445 84
117851 83
1291 84
71264 84
106489 84
135436 82
3753 84
2640 84
3147 84
122916 84
3793 84
101362 79
587|20
1234 84
628 82
2012 79
534 82
2002 76
1641 83
236 79
1376 80
2622 79
1541 72
3260 83
497 83
3082 78
445 74
3448 83
2574 60
765 74
691 78
329 77
3406 77
588|12
50 79
16 73
20 44
356 77
350 59
198 61
593 77
364 74
163 61
253 65
223 73
3 57
589|8
1092 74
318 84
590 81
373 79
586 68
587 78
527 84
337 83
590|20
924 77
8807 68
2371 58
38061 81
81834 77
40815 72
4890 57
903 76
5 52
3624 57
555 74
4047 70
51662 70
2085 66
419 47
595 71
329 60
2376 63
3635 66
2398 80
591|11
2908 73
2706 62
2712 65
2355 63
3615 53
3578 76
2394 68
3798 58
356 79
223 75
2724 47
592|19
514 78
2 76
153 66
415 60
110 83
177 67
420 61
380 74
44 57
788 62
588 80
163 78
204 60
610 78
39 76
419 62
253 79
432 61
240 65
593|20
1196 75
1073 69
1086 77
1617 76
4034 76
41566 60
1197 77
344 44
8368 75
339 52
2959 79
8961 66
5816 60
2797 63
4896 63
588 64
595 65
5952 76
377 55
141 54
594|20
7031 70
2671 82
7115 81
1616 79
5943 74
1188 84
2269 80
1733 84
4902 84
6996 60
780 82
1429 82
6140 84
7046 81
39 82
595 83
799 84
2028 84
8482 70
7169 82
595|5
265 82
50 84
1186 83
1199 84
1966 79
596|20
33649 70
43744 70
182793 70
129397 53
128908 70
1 77
142488 82
122922 71
4310 56
71838 64
4025 53
2501 72
110102 74
149406 66
2774 70
5502 64
8665 74
6537 60
2571 80
345 73
597|20
1799 77
490 67
3040 75
2529 82
2858 84
903 82
3039 78
2000 79
1291 83
357 75
1228 84
1845 82
2411 62
1580 74
1148 82
1198 84
2723 74
485 66
592 74
2692 83
598|5
56367 84
8360 83
593 84
114265 70
103543 74
599|496
26142 70
26567 70
26590 70
26676 70
26854 70
27595 70
34800 70
53450 70
60803 70
69131 70
74696 70
79895 70
84523 70
87960 70
92674 70
98799 70
102735 70
102852 70
104017 70
105020 70
122433 70
157865 70
158874 70
160978 70
161044 70
174727 70
179053 70
1801 55
6035 56
3387 34
33437 55
112 51
5995 73
167706 70
4394 70
836 37
7235 51
8809 62
102749 70
89087 36
42011 37
432 34
471 60
5628 46
1015 45
2 53
2269 46
69 58
3947 44
79091 57
104837 70
4037 61
7587 62
6881 57
1449 65
7225 69
81229 55
68952 71
4728 42
5081 44
33966 70
1779 42
3669 70
87197 70
170297 70
79057 53
95965 70
55207 70
4007 57
1220 66
80831 60
46723 55
71282 60
7757 66
3259 49
92309 65
1376 53
7192 41
4654 43
101423 70
53468 46
62662 70
3174 55
3698 50
2882 32
2359 59
1183 62
2792 52
1095 62
8387 31
53125 52
115713 66
2949 63
2471 36
3 50
1231 66
3861 42
240 35
1480 53
2301 58
1445 31
8045 70
586 45
2942 36
1185 61
4594 70
2474 53
3671 66
3196 69
64839 70
98697 70
2606 38
1777 53
5309 37
7022 64
4873 63
541 77
27311 57
43921 57
67734 50
4240 70
5026 67
168 38
33493 56
4125 47
7354 49
207 57
1094 50
742 42
1609 41
1042 45
3362 64
4553 55
4632 52
2278 57
468 50
122904 62
75416 70
42718 54
4285 34
79274 63
1794 70
45081 46
108192 70
3489 56
3503 67
89804 51
163809 70
577 33
3071 51
1204 78
3981 30
95771 70
45382 49
6548 47
59387 56
166528 62
168492 67
6691 70
605 39
424 40
2991 60
248 37
97950 70
3865 56
1216 56
342 47
35836 58
27772 41
176419 47
151781 70
277 45
6320 28
39381 63
5111 70
4090 49
2450 23
2676 55
2356 37
79702 60
1597 47
410 46
1721 52
3702 57
183301 70
1387 71
2072 50
26729 64
2393 50
4247 32
4591 41
1032 55
3087 45
1895 48
634 23
210 52
2074 66
51575 35
3505 65
5247 41
481 49
4215 31
1355 37
2657 53
2028 72
4011 73
420 36
552 46
1196 71
2395 59
5303 54
1752 38
3186 55
4310 42
1784 59
3200 72
7254 58
688 36
473 34
1079 70
1552 43
1148 66
1544 39
63113 52
2325 47
26649 51
6804 70
161 58
4109 42
34332 47
1653 69
4808 37
7707 70
3468 74
502 25
1221 78
1792 43
68319 42
6787 71
2119 27
3884 31
4254 26
3973 26
103609 70
8934 70
5377 64
42632 68
55290 57
4506 50
7840 55
5568 43
1689 45
7005 70
103228 59
59947 70
786 43
4351 51
172253 70
4679 50
1411 68
117630 70
1590 44
112623 56
3146 30
8984 50
1920 39
519 30
179817 67
3979 36
3741 66
44020 38
26630 70
7285 60
3030 78
1021 36
8638 62
87 42
7153 73
2877 41
2018 51
3173 46
5198 70
7101 41
7701 29
3213 65
26159 60
2339 70
33896 66
2000 62
4006 49
136562 64
37382 46
6645 61
171763 75
8528 61
27008 70
4017 63
4167 45
86142 61
1249 72
3255 55
736 47
2779 52
84414 58
27773 66
2083 63
98499 41
4034 72
119828 70
1993 37
94864 51
6631 36
2321 53
26242 50
3703 72
41566 59
2529 68
1968 63
8914 66
3257 42
159403 70
1036 65
76093 66
5103 54
6947 58
1952 72
2124 48
4084 42
6016 69
778 73
81 45
2171 59
1253 65
4275 41
7982 45
3723 61
849 42
2681 53
6565 60
39414 48
122916 67
6440 71
8917 52
72011 59
1605 42
1240 65
923 74
68157 73
5961 70
5053 70
3571 60
2403 59
3871 67
44238 70
72226 67
7004 42
2054 39
62970 47
5159 43
354 58
122924 49
48774 69
1394 69
3763 51
70286 64
1904 55
3969 54
81562 58
102590 70
233 52
4155 45
1031 52
76 44
459 36
1097 63
1178 77
60291 66
3328 66
1232 70
3036 49
5283 43
4327 53
610 57
2726 68
4732 35
5970 43
2396 59
594 65
1247 74
45499 51
3476 52
2399 34
137218 70
1997 65
3271 65
27801 68
6365 49
1799 56
580 46
122900 61
2803 45
80219 45
466 40
110882 57
3997 24
26176 70
2378 48
117895 27
26662 74
90603 63
119218 70
44 32
809 33
1960 57
4519 48
1959 62
414 38
1073 66
61236 45
1479 51
4019 60
1245 71
37857 65
161032 70
371 53
3020 61
88593 70
6774 62
2005 61
90405 44
26285 70
6793 26
627 51
1617 73
6734 29
108090 70
2427 48
51024 55
122922 58
3440 27
6874 73
4919 59
338 42
81591 63
1704 71
1499 26
357 54
62155 52
144 50
34148 54
53519 44
4504 70
2796 40
216 54
6827 38
1429 50
7445 51
1385 42
90471 50
8425 70
10 56
26542 49
7387 59
72998 55
89470 58
3629 71
1297 66
3424 69
1672 57
44761 66
196 34
70703 70
2383 31
180 57
4040 32
6333 64
4440 65
5291 63
88235 58
1639 62
4580 34
153236 70
86190 57
4477 31
103027 70
32291 56
34811 70
5171 39
122260 70
8784 62
5954 66
8798 63
707 43
880 35
314 57
61323 55
600|20
3269 49
1394 73
3785 49
2717 49
5569 66
4306 68
1206 79
56775 54
2015 59
7 49
2013 46
262 68
1210 77
1060 69
2431 54
2077 69
2423 60
4641 69
527 78
5076 52
601|20
141846 70
68157 84
1262 84
106782 84
60069 84
49272 84
5445 83
1193 84
1207 84
79132 84
904 84
166024 83
1917 78
7153 84
2324 84
170697 80
31658 84
5989 84
88810 84
2571 84
602|20
161 68
19 46
350 62
494 63
14 68
471 69
125 66
434 52
235 68
481 59
315 51
371 64
474 68
527 80
21 64
349 68
440 64
339 62
480 69
163 65
603|20
602 70
803 70
2008 70
2577 70
3459 70
4787 68
2912 78
1769 54
485 57
4420 70
920 73
1 77
2706 65
1844 79
3787 78
1222 80
190 60
2716 76
3983 79
101 77
604|20
220 70
292 71
151 77
329 72
410 69
426 76
435 53
316 73
22 72
235 78
181 55
332 68
273 66
637 65
285 70
173 60
588 79
23 69
553 79
1 81
605|20
35347 70
6787 81
1197 82
5667 70
42738 58
51662 73
7373 69
596 64
780 66
4571 75
2316 70
7454 51
150 74
60040 61
8977 45
3269 57
72982 70
1210 81
62376 50
60937 40
606|20
263 70
563 70
583 70
3808 70
4671 70
4840 70
5856 70
6111 70
6573 70
8685 70
32728 70
55805 70
3147 83
4392 70
2311 76
6308 50
50842 77
6591 77
8270 77
2025 82
607|20
891 68
1610 82
448 77
3147 84
1094 73
1307 82
592 75
204 60
1552 69
527 84
3476 76
296 84
2313 84
3440 53
423 67
1518 77
2118 83
2193 79
380 74
2028 84
608|20
52245 55
2997 80
3793 72
2763 67
174 47
2000 71
1214 78
919 76
2700 75
4161 60
5146 59
1639 72
541 82
473 45
2529 76
522 74
4343 54
1909 64
2431 60
1220 76
609|8
296 82
833 41
356 79
339 63
454 66
318 83
208 52
292 60
610|20
5953 70
58975 70
70206 70
78626 70
82765 70
97988 70
107447 70
107462 70
110591 70
110746 70
118082 70
139655 70
160341 70
86644 58
56801 53
61024 76
77561 75
4816 73
62434 76
3972 79
