1|20
260 83
1927 83
804 79
3 79
1009 78
2406 81
1587 81
3671 83
2617 78
3053 83
2571 83
1222 83
2137 81
1377 78
2395 82
2761 83
2641 78
2872 82
1258 83
2700 83
2|6
333 74
122882 79
71535 81
46970 68
58559 82
80489 78
3|8
5764 70
647 52
6835 70
5919 49
2851 39
2288 61
5048 41
4518 45
4|20
106 70
1291 77
3408 65
265 68
52 68
4347 71
2467 73
908 78
345 69
1304 73
1923 67
2959 80
368 62
1219 77
4765 65
1199 80
4166 38
1732 80
21 65
2858 79
5|9
515 72
1 75
364 76
608 81
290 74
261 75
34 70
318 82
21 67
6|20
349 77
318 83
775 70
141 76
348 77
104 72
327 67
410 68
165 75
87 69
366 70
17 77
1084 81
222 78
16 81
416 56
277 68
460 54
867 52
316 72
7|20
8528 66
3623 42
8636 72
8360 62
1517 62
466 43
8373 37
1220 74
7155 45
8808 47
6863 59
31878 61
1610 70
1219 75
4700 50
45668 56
8970 67
27741 68
6333 66
8865 42
8|10
356 80
47 78
231 61
318 83
454 72
292 66
32 80
141 71
380 68
252 66
9|10
5451 47
923 76
5890 49
2901 48
922 76
6044 70
1987 70
5378 49
3735 70
5447 49
10|20
597 65
33679 60
8533 69
8969 57
72720 62
88810 76
136020 56
6377 76
5943 48
109374 77
113394 70
61250 48
82167 50
140110 62
5377 74
77841 70
6942 78
1028 78
72330 70
66203 50
11|13
733 75
1584 73
1210 82
170 70
1438 60
648 72
1918 65
493 78
10 73
457 80
1693 72
150 77
1923 75
12|7
2717 78
2100 78
838 82
2072 78
1876 76
2581 78
6942 83
13|7
3717 67
3624 68
3798 68
2174 75
47 80
3893 73
305 60
14|10
344 61
477 68
110 79
540 55
597 70
153 57
592 69
4 51
539 70
105 67
15|20
91529 74
7438 79
111759 74
2329 78
1 74
1909 59
1240 74
115713 72
1200 74
293 77
2571 76
3949 74
120466 62
1198 80
2028 78
2011 62
158 43
160980 62
4306 73
4022 68
16|20
1230 75
78499 79
913 81
1136 80
1299 74
1617 79
1203 79
3429 79
2858 80
608 81
3683 77
4002 76
1199 81
912 80
2707 64
5782 79
1260 71
319 69
27773 79
2109 71
17|20
260 83
64839 82
296 83
5952 83
527 83
1193 83
3681 83
1240 82
2717 74
2858 83
1093 78
81932 82
5618 83
50 83
5971 82
2959 83
1201 83
541 83
82459 81
1 82
18|20
8117 70
65596 70
88094 70
145283 70
157110 70
166015 70
171023 70
103253 62
60684 80
44199 75
2 69
86628 64
59784 69
2918 78
109374 80
4226 81
53129 80
139385 77
47 79
1291 80
19|20
3692 70
3662 49
54 44
2733 40
1702 46
1240 67
1270 75
3712 48
1881 51
216 57
3 51
1834 71
2184 53
3017 54
2044 42
2354 42
2005 60
3146 39
3387 44
2694 47
20|20
1566 68
5419 63
4014 70
2140 77
586 58
661 67
3189 74
5014 77
1333 77
4161 67
3784 57
1030 58
5313 46
2804 79
2054 56
34 74
1097 76
6358 70
4519 63
1722 62
21|20
107013 70
117922 70
140301 70
57640 78
2985 66
2990 65
2717 57
5418 74
31433 58
112175 74
7153 80
30793 60
4446 69
52973 71
45186 68
2023 68
79185 62
1721 66
102125 69
5459 54
22|20
8961 55
2723 36
60950 35
64575 41
1193 65
70286 51
4993 65
2160 63
39183 47
7147 51
3996 57
3481 49
55765 55
48780 56
7361 67
51540 48
6711 61
2968 60
3949 55
48394 54
23|20
6234 70
3996 77
293 79
1206 80
1136 81
1960 69
7587 80
3424 76
3181 73
2467 74
1248 81
1617 79
6807 77
1952 78
6440 78
1258 80
1243 76
1080 80
8228 68
1711 58
24|20
1784 73
2617 59
111759 77
134853 78
58998 75
1265 78
1198 82
3147 81
1197 82
1220 78
2424 61
5418 75
72011 72
54286 73
27773 80
64957 72
356 80
44191 77
1682 74
68358 76
25|6
58559 83
60069 83
74458 82
79132 83
527 83
260 83
26|21
10 70
34 70
47 70
150 70
153 70
165 70
185 70
208 70
225 70
288 70
296 70
300 70
344 70
349 70
356 70
380 70
434 70
454 70
457 70
592 70
593 70
27|20
1196 81
2478 62
2640 75
3508 82
3555 70
1201 81
3519 60
969 78
2080 67
673 56
2886 51
2529 78
1387 80
1101 65
1947 72
1250 80
1276 81
3114 78
1083 67
3809 67
28|20
27450 70
60943 70
61011 70
63033 70
5617 68
59369 55
60046 70
507 51
3300 59
55094 61
59018 70
26695 70
2951 68
3006 68
2231 68
5418 64
26812 50
2058 52
353 65
61167 70
29|17
98961 80
7379 77
1250 82
1201 83
111362 79
48516 82
1100 62
26554 75
3441 72
4327 77
2872 78
2301 78
1617 82
3681 82
55820 82
4223 76
99114 80
30|7
5952 83
108932 83
1200 83
91529 83
116823 83
112852 83
1198 83
31|10
1198 83
1200 81
648 75
1363 70
1073 81
1036 80
1197 83
377 74
1246 81
1270 83
32|20
236 72
314 80
1356 79
357 76
224 77
627 71
1079 81
1084 81
318 83
761 59
1197 83
849 65
912 82
880 61
1198 83
58 80
203 72
608 83
497 79
410 67
33|20
110 79
17 72
2396 73
2272 58
448 73
428 75
265 74
1280 80
1177 77
1617 81
50 82
261 78
11 76
452 52
345 74
608 82
150 75
1188 68
800 76
2690 77
34|18
780 63
2273 61
3717 58
26606 73
45499 62
3996 76
4310 56
3624 59
31685 61
1721 65
5146 55
7090 75
70 70
2006 57
3000 75
4306 75
27728 62
3997 35
35|5
11 79
185 67
595 78
21 76
300 78
36|12
5171 36
3066 64
552 40
4025 38
1262 68
2735 33
2359 56
1372 47
1278 67
2194 61
3347 66
1704 66
37|5
344 72
356 82
661 76
329 75
457 82
38|16
434 50
39 58
223 71
161 64
246 76
168 48
273 48
480 67
356 76
457 74
364 73
50 78
500 57
300 66
551 68
21 63
39|20
2571 81
2391 79
1921 81
1862 49
1219 82
1907 77
2081 76
2459 70
924 81
2529 81
1729 79
47 81
260 83
2080 73
592 73
296 83
3213 81
610 75
589 80
596 75
40|20
440 75
454 76
588 78
339 74
158 59
432 58
431 79
186 61
616 77
514 74
21 75
592 74
1 80
223 79
585 61
216 76
104 72
371 75
111 81
267 61
41|20
96829 62
64839 72
122882 72
6287 44
1569 55
106920 69
86781 73
3160 71
1721 58
2028 77
6763 29
5418 68
53519 53
122904 69
55247 70
924 74
4011 76
2324 72
35836 61
5995 71
42|20
3869 74
4654 64
1021 51
2423 73
3248 50
4477 48
2500 58
1431 55
195 66
3326 73
2407 71
1090 81
2735 57
3693 54
1020 69
4545 69
4132 61
2263 58
3535 78
2805 60
43|20
225 83
296 82
596 83
588 83
587 83
420 80
158 81
631 82
5 81
597 83
168 81
355 78
47 83
367 82
519 78
594 83
236 83
1 83
60 82
259 82
44|10
36 76
663 70
12 46
661 65
94 74
1 76
104 65
112 64
494 66
889 70
45|20
2718 73
1036 81
2028 83
1653 82
1682 80
2396 79
3249 74
261 81
4308 78
329 74
1367 69
2890 80
593 83
1127 79
2431 75
6377 82
569 66
1197 83
1060 79
2858 83
46|9
590 80
588 80
315 70
208 70
1 82
432 66
225 77
434 70
339 77
47|20
508 64
68932 53
72395 61
2420 61
597 57
148626 70
5989 68
96588 66
69122 59
6155 51
4975 57
30749 65
106100 63
45950 60
2028 75
4018 49
1259 72
6373 54
33166 68
2407 53
48|7
4886 80
1320 73
1527 82
1193 83
3793 79
48 70
1653 82
49|5
2028 83
1214 82
139385 82
318 83
527 83
50|20
8143 70
114335 70
136564 70
142074 70
171759 70
175693 70
179073 70
175707 70
71264 53
82848 70
1377 41
44555 67
8157 57
6807 65
95543 50
8253 44
96610 62
924 67
32875 70
4896 61
51|20
7040 70
5620 65
2613 59
4437 77
2023 74
1500 77
522 78
858 83
4508 76
2951 81
1014 74
1407 69
2282 69
2420 76
3388 55
260 83
3186 77
3994 75
3501 63
2371 68
52|20
152081 82
51255 83
74458 82
1923 82
7438 83
40583 81
59784 80
55765 83
112852 83
86892 83
55363 83
112138 82
49272 83
52245 75
69481 83
50794 74
1704 83
54736 81
44665 83
47200 77
53|5
481 81
1100 77
249 83
1125 83
916 83
54|7
296 78
593 71
639 41
1 67
205 50
161 57
500 49
55|5
2407 46
673 37
3275 73
2890 59
4011 71
56|10
786 73
253 80
165 78
110 82
589 82
370 73
434 70
410 73
69 82
185 72
57|20
2140 72
942 78
920 68
3175 63
1784 68
3429 78
933 76
1193 79
3446 36
160 44
1499 28
2640 71
892 73
11 71
2947 76
6 75
2478 55
2291 72
1688 59
2301 68
58|20
588 79
282 72
185 67
419 61
367 70
277 70
48 69
280 79
337 80
345 79
3 72
357 77
527 83
587 75
218 74
500 73
508 79
368 76
364 81
353 80
59|20
1696 61
6460 83
3489 80
1188 79
1222 83
2076 82
3448 82
1263 83
1247 83
527 83
1244 83
904 83
903 83
965 82
2616 74
1953 83
608 83
105 78
912 83
3471 82
60|5
832 68
58559 82
805 73
455 54
858 82
61|8
266 73
1101 72
7438 83
173 60
555 79
2012 74
4878 83
3949 81
62|20
99114 82
176371 82
3793 81
56757 81
73017 82
30793 75
179819 73
68554 77
185135 82
168248 81
5903 82
4878 83
2028 83
5502 77
6058 73
344 74
1721 79
45499 77
41566 80
78105 73
63|20
5669 74
4246 71
48780 76
500 61
6016 78
31658 75
2858 80
64285 64
85414 66
1221 82
106696 67
4963 72
50 80
1097 72
260 81
110 77
1222 79
4979 74
5952 79
77561 67
64|20
5878 81
3101 67
2640 78
2959 83
8784 79
2054 59
4239 78
4025 61
5026 81
40819 80
266 70
2699 62
27266 80
3969 76
1805 64
6296 79
4776 77
3148 78
4262 79
356 81
65|7
1246 81
33660 82
7458 76
2329 82
4993 83
91542 78
3147 82
66|20
593 83
47 82
5418 81
922 83
2139 80
2956 71
3745 76
1956 82
4581 70
5349 78
1210 83
1094 76
2001 74
380 76
6539 81
671 76
1 82
6378 79
7766 82
296 83
67|8
99114 81
4306 81
27193 79
79132 82
60069 82
2012 76
4886 81
4993 83
68|20
47978 70
95218 70
6534 48
48696 73
67267 70
30825 58
1799 65
3556 72
8622 68
4351 59
63113 63
58295 62
7151 65
2413 67
6287 53
653 54
41566 66
5541 58
260 81
48043 67
69|10
4370 79
4848 83
3671 82
2476 81
1193 83
356 83
553 81
4022 81
260 83
3994 80
70|13
1193 83
1097 81
1914 80
1269 82
4995 83
318 83
8949 82
1968 82
1210 83
89492 83
1250 83
1235 83
2366 80
71|7
494 72
647 72
736 66
95 63
733 75
589 79
7 64
72|9
1047 71
150 79
858 83
2490 76
1357 80
260 83
50 83
1198 83
1196 82
73|20
1193 82
45720 71
105037 58
6333 75
59315 76
76293 65
138204 73
2706 69
152081 75
45221 52
68135 74
150 76
8376 70
93510 77
59784 70
116823 79
106072 70
1682 76
52245 59
35836 72
74|20
31522 70
2594 82
2908 82
30749 82
6870 83
3006 83
52281 81
49772 82
55118 83
2997 83
6305 81
608 83
4546 82
41863 83
27773 83
6001 83
1251 83
6552 81
46976 82
44555 83
75|14
5445 66
1240 72
5952 76
2193 65
6870 70
2529 72
168 43
541 79
3176 61
1962 65
2078 71
1889 67
1266 78
1374 71
76|20
48877 38
5956 54
2918 63
58803 52
1247 70
74458 61
7669 68
79132 65
8957 42
858 75
55820 69
1258 70
63436 41
1201 72
1208 75
48 41
288 47
34405 68
1 64
1196 71
77|6
3996 80
4973 82
7361 82
8636 80
3578 80
33794 79
78|13
296 81
165 65
3809 63
589 74
546 39
27904 70
260 81
590 71
480 70
68791 62
344 55
44974 69
380 63
79|13
3266 82
3029 79
589 82
1916 82
307 82
4005 79
260 83
1189 82
1345 81
2000 82
1374 82
2659 70
2076 82
80|20
7445 82
96691 83
84189 70
91630 82
49530 83
8950 83
6539 83
4223 82
5630 80
3527 82
76251 82
80363 77
52604 82
6502 83
34048 80
1221 82
60684 83
6952 76
5989 83
77561 82
81|26
10 70
32 70
47 70
110 70
150 70
153 70
161 70
165 70
208 70
231 70
288 70
296 70
316 70
318 70
329 70
344 70
356 70
364 70
367 70
377 70
380 70
457 70
480 70
588 70
589 70
592 70
82|20
6886 70
2381 55
2378 64
6566 59
368 72
6536 74
3253 75
4310 63
1608 69
1372 72
145 65
356 81
6708 77
1485 64
4369 62
6564 55
6888 45
5803 52
4015 57
364 80
83|20
56367 69
7143 69
7323 59
6539 68
161 61
586 42
2115 65
1270 78
6874 76
2324 71
1537 71
7153 77
68954 72
48774 71
30749 64
8014 74
1222 75
3753 53
1223 76
64983 53
84|20
55 70
987 70
912 81
1096 79
420 54
1227 82
113 52
580 51
5060 80
1293 79
900 73
1097 76
62 74
368 70
1305 71
1247 81
1296 77
11 77
1073 79
1094 68
85|7
1519 70
1624 51
1140 70
1694 59
1643 70
1747 70
1635 72
86|14
4993 83
4310 74
6947 82
2411 70
457 83
5418 82
3996 82
4901 79
1835 78
33794 82
1196 83
3555 80
1097 81
2687 78
87|5
4023 64
2009 72
3504 80
671 71
2139 76
88|12
7312 70
74795 70
4993 82
68157 81
5952 81
1193 82
223 78
8665 75
4262 78
56782 81
8677 54
58559 82
89|104
26645 70
32060 70
44851 70
53280 70
53578 70
67888 70
69211 70
81087 70
84246 70
103602 70
108078 70
109596 70
118894 70
121007 70
128089 70
128944 70
131098 70
131439 70
134847 70
140481 70
146684 70
148632 70
150554 70
164226 70
30793 66
169912 66
87869 76
1923 76
4015 55
950 79
173253 70
2324 80
27826 70
92259 81
11 79
3977 59
86298 61
8154 72
77688 70
2997 82
170837 70
49274 59
157775 70
1 80
142196 70
99117 61
62008 70
72624 70
108156 67
3752 71
2059 64
128520 78
3175 73
133879 70
48649 70
126088 70
5529 45
65588 70
99130 70
40962 62
1732 82
68659 71
91666 70
2683 68
3751 74
750 82
6650 80
149508 70
2395 75
51575 59
65230 71
171751 70
85881 75
139157 70
6863 73
4246 78
108949 70
1230 80
160567 77
73319 62
177185 70
130520 68
5220 53
121338 70
153386 70
50872 79
149566 70
145491 70
4890 68
129354 62
32243 70
84944 74
6402 70
1288 82
140133 70
119141 79
947 81
176621 70
4973 82
158398 70
69469 70
54503 80
141928 70
102481 72
90|11
1137 70
1144 70
581 78
81 75
892 82
1073 82
116 77
896 67
17 80
7 72
613 74
91|20
3013 70
6395 70
8147 70
7153 80
3360 73
2791 78
3897 79
1080 80
4850 55
3429 80
7000 61
2060 69
2916 70
1391 57
2100 57
318 82
2146 66
1225 80
1246 78
8501 60
92|5
2572 78
2114 78
1015 73
2454 76
1801 78
93|20
736 80
1917 79
552 80
1721 82
539 82
480 83
1372 82
368 82
2355 82
1923 82
2193 82
2006 79
339 82
1097 83
1591 79
260 82
2968 83
1676 82
593 83
558 80
94|12
231 47
377 56
367 50
364 69
288 55
19 43
10 56
586 46
590 63
380 55
589 67
318 79
95|20
18 79
4878 83
6979 78
4732 62
3019 81
5246 59
32 82
2952 80
1247 83
1198 83
5283 72
3361 80
1513 69
2009 77
539 77
122 66
1584 78
1240 82
4262 81
5349 78
96|16
527 82
1094 65
272 71
3819 74
150 74
2021 73
2571 79
1214 77
2058 65
1220 78
733 71
2340 61
1721 67
2396 72
367 61
1291 79
97|8
4701 79
4306 82
3578 82
4993 83
4963 82
4299 79
3981 72
4161 79
98|19
81845 83
8961 80
122912 80
5299 71
63992 53
187541 60
56152 77
134853 82
69644 65
6863 76
5618 83
56801 63
3499 81
134130 83
74789 65
82461 78
1258 83
88810 81
79132 82
99|11
318 83
161 79
420 65
592 77
196 62
122 64
145 72
150 80
316 75
236 76
588 80
100|20
497 82
296 83
1393 80
95 73
592 79
605 71
6059 80
28 83
2245 76
62 81
4308 81
1777 79
838 82
2125 81
1288 83
234 70
1197 83
2005 81
4014 79
4623 81
101|13
2580 76
3285 57
2723 64
2700 77
2908 73
2390 77
3175 68
2395 70
358 55
2702 61
3394 56
2997 79
2502 79
102|12
158 49
588 71
150 72
592 65
253 70
480 71
344 56
539 66
553 70
593 78
586 53
223 74
103|20
86014 70
1954 81
60040 72
1968 80
77206 70
2161 76
1732 83
81834 81
608 83
2384 67
4254 53
104 73
139642 63
56782 82
2096 76
101 81
6534 61
374 49
60069 82
30793 70
104|20
4740 70
743 48
5218 75
8643 66
1288 81
47997 76
468 67
76251 74
8533 75
4018 65
38038 76
1566 70
7361 82
6060 64
3034 74
1641 79
4641 74
108190 58
616 75
7034 75
105|20
4788 70
69685 70
95311 70
95313 70
110586 70
141816 70
141818 70
170597 70
172587 70
172793 70
173351 70
173535 70
6433 78
4974 75
70286 83
108981 70
95175 70
69122 82
1243 83
3916 82
106|7
69844 82
72998 80
59501 80
86880 76
5349 80
53125 78
59784 79
107|7
231 72
253 80
590 81
165 78
434 71
208 70
318 83
108|16
800 79
6022 73
4995 81
2585 80
5316 71
4975 75
3978 67
5349 76
2926 77
4246 78
4878 82
4994 73
1968 79
1684 66
497 80
5380 79
109|20
380 62
1033 64
231 53
364 74
589 73
480 69
62 67
31 55
587 62
1032 65
586 52
778 78
540 48
256 49
163 66
252 60
223 72
553 68
537 60
168 51
110|11
26171 67
2468 52
1198 82
1089 81
1222 81
1208 82
4881 76
47 79
527 82
1193 81
2428 53
111|20
100194 70
162602 70
171251 70
2145 68
96588 77
65088 69
66203 53
84772 65
2081 72
91529 79
6365 64
45666 50
3255 72
1282 80
6539 76
86833 75
122882 78
59143 76
86911 69
5283 59
112|13
788 43
161 66
1917 51
16 76
21 65
208 48
434 49
39 59
3717 54
19 44
110 76
32 77
70286 72
113|20
4083 70
39 64
3168 75
932 81
2331 52
3359 76
1086 80
3504 79
1339 71
904 82
3546 70
4063 41
4062 55
1077 75
1589 71
2475 62
3831 68
46 61
1733 76
4007 74
114|7
141718 70
54001 74
2291 70
167732 70
122886 77
8961 71
3147 77
115|20
1580 73
2804 80
1387 82
2792 68
3146 56
3273 53
3052 77
2841 72
2719 50
595 77
2700 80
383 64
2027 44
2148 69
2770 62
3785 65
2916 76
3175 74
588 77
1377 66
116|18
2716 76
858 82
1299 77
62383 67
1339 72
1276 81
597 69
1029 67
1101 66
2797 74
2657 67
1961 77
1407 65
5995 78
1704 80
165 70
2115 74
8360 71
117|20
708 66
587 67
589 77
151 72
36 77
1036 76
595 73
288 66
596 68
48 60
315 56
454 71
353 75
474 72
10 68
60 61
805 71
491 63
616 71
485 59
118|5
1221 82
1625 70
153 54
1961 74
1810 70
119|20
95441 80
117176 82
1092 81
91529 83
74458 83
4387 83
79132 83
168252 83
44022 81
78499 83
122904 83
106782 83
442 79
4993 83
31685 80
6365 81
141004 72
4148 79
88744 83
8644 82
120|5
260 81
32 78
5 51
631 52
52 70
121|12
497 72
440 64
161 67
527 81
292 60
344 53
186 47
316 61
1 75
19 45
163 66
337 71
122|20
27660 82
69784 81
7022 83
148652 77
4816 82
56174 81
94959 83
81591 82
71535 83
30810 82
2997 83
1732 83
108932 83
780 81
1090 83
3253 82
106782 83
72226 83
1200 83
1214 83
123|12
68554 75
115569 83
79132 82
109487 82
1196 83
4226 83
296 83
7153 83
143458 70
47 82
96829 79
2858 83
124|10
56145 78
2161 76
260 83
175 81
1358 81
6377 81
4226 82
3147 83
608 83
1223 82
125|20
5088 70
86721 70
110330 70
54503 82
72011 79
162578 82
119145 82
176371 81
55247 81
1240 82
86332 80
68157 83
112623 78
4082 56
160567 79
3342 75
109487 81
88140 78
98607 70
81562 78
126|8
364 76
349 69
231 53
380 63
410 56
300 69
253 68
457 77
127|5
2915 53
903 70
55276 60
5060 70
272 58
128|7
904 83
965 82
926 83
1066 82
1721 78
1080 83
1198 83
129|20
4370 78
480 80
3698 76
2692 83
2138 83
1968 81
8368 83
653 72
7143 82
316 75
6874 83
239 71
2916 80
733 79
4896 81
2028 83
3977 67
3000 82
1907 80
31658 82
130|6
208 58
316 66
292 66
110 79
590 74
296 82
131|14
2273 53
6947 67
58559 79
908 76
4878 77
89745 73
7256 74
68237 74
2722 44
2028 77
48516 77
3178 61
64614 72
969 73
132|20
6251 70
3275 77
4995 72
2987 60
7444 52
3262 58
4168 50
31658 68
44191 69
1089 75
3967 72
5502 50
50 76
58559 77
5992 69
2108 61
1844 54
2657 52
47 70
2470 49
133|7
454 58
356 71
589 66
150 62
153 42
380 53
527 77
134|7
442 63
595 77
349 76
380 72
367 67
509 75
296 83
135|20
592 68
4084 54
893 64
3994 70
2004 69
608 82
1358 78
3852 72
3489 69
1614 56
1198 82
4128 77
1883 59
2302 62
1291 80
410 60
1261 81
4022 73
4881 75
1077 76
136|20
161 74
193 50
585 58
338 57
277 65
380 71
181 51
337 77
437 53
165 73
611 59
151 76
340 68
252 69
432 55
552 65
350 71
280 77
273 58
150 77
137|20
6787 82
2716 79
1198 83
750 83
919 80
1270 82
318 83
150 78
2997 82
1200 80
6986 70
7153 82
1242 83
110 81
33493 73
1197 83
2959 83
1237 81
903 81
7762 78
138|5
2707 65
1960 70
1959 70
849 55
3996 77
139|20
4025 29
7445 39
60684 54
4865 45
68319 30
7090 51
5502 35
260 64
8371 35
53953 33
58025 29
106782 49
6957 42
7163 28
3827 31
3624 32
52722 31
54259 44
4367 27
115617 49
140|20
5699 70
5299 63
1393 71
356 80
609 68
32596 58
4795 65
34072 72
1617 81
5256 57
5943 49
1084 79
4337 70
3108 81
43396 73
4719 54
1005 41
4321 69
5812 76
4259 71
141|20
5418 73
54503 76
4963 72
2478 57
71535 78
317 55
68954 77
54286 71
6365 60
54272 71
4447 59
5502 60
6377 77
6373 61
1265 77
91529 76
2502 78
441 80
1517 67
48516 80
142|8
434 61
384 70
588 76
50 82
527 82
356 81
337 77
377 70
143|15
1721 69
61250 52
6942 81
7169 69
8533 74
106696 72
3421 78
87232 78
78316 75
69069 71
59421 56
2144 75
96821 79
7173 65
500 67
144|20
589 77
541 82
8368 80
597 69
590 74
410 61
1246 79
527 82
356 80
500 66
19 52
2700 78
434 57
733 72
780 66
1036 76
5377 77
552 61
586 57
2081 72
145|5
344 56
339 64
380 63
318 82
588 70
146|7
7293 66
3257 51
32 77
1367 55
3686 56
410 56
47610 68
147|5
1234 80
168 61
552 66
555 77
2395 75
148|10
88125 79
5618 82
108932 80
81847 76
72998 73
5816 76
8368 81
7153 82
81834 79
4993 82
149|12
1097 63
1374 64
1831 34
1527 70
260 77
173 36
1206 74
1200 67
2021 59
1580 53
1391 45
1375 51
150|6
3 67
1356 77
5 59
95 61
733 74
1073 79
151|12
786 73
562 81
780 76
837 77
747 76
1265 82
828 78
1073 82
1 82
648 78
1393 79
1359 67
152|13
50 82
2959 82
116897 80
89492 81
1193 82
69481 81
85774 75
115713 79
111 81
92259 81
1234 81
79132 80
318 83
153|20
134853 51
1732 61
8533 40
4014 37
81456 26
106782 47
8528 43
6863 35
87194 25
2617 29
1246 54
106100 42
1954 46
7458 38
4226 57
89904 48
72998 37
133780 70
586 27
36535 43
154|7
114662 75
119145 80
81834 79
122904 78
106072 71
76093 80
77561 74
155|10
153 68
3286 57
1200 81
260 83
141 77
2355 77
2384 70
2948 80
432 64
2959 83
156|20
26313 70
31038 70
1230 76
1711 59
3341 76
6296 75
762 40
2361 51
2076 75
4784 64
661 64
2926 71
8571 70
47 77
3176 68
58 76
848 61
866 77
1485 57
923 80
157|5
785 66
3617 62
2720 42
2770 58
527 82
158|6
1093 71
2605 65
2872 76
2723 70
2428 60
66320 70
159|20
2959 80
60069 75
45720 64
597 62
4022 69
89864 71
49286 62
140110 61
84954 53
4447 57
1197 81
68954 75
6942 78
1961 73
106696 66
480 68
539 63
166643 66
40819 73
63082 71
160|20
126 28
1371 47
1198 77
196 35
3408 56
5349 57
3213 69
2408 37
839 36
3593 17
2748 20
533 42
1975 35
1676 51
3745 51
2011 54
733 59
3826 30
778 73
2840 33
161|8
4980 67
7247 77
47610 76
1223 82
38038 78
3429 82
2144 78
2336 77
162|8
150 82
225 80
168 75
50 83
300 82
266 79
31 76
62 82
163|5
1608 60
1810 67
1747 64
1777 65
1837 45
164|8
1036 82
2916 80
110 83
589 82
3527 80
1101 76
1201 83
2167 76
165|13
2353 65
3624 60
110 78
5505 68
5527 69
3256 68
5956 70
5418 74
5530 56
5450 65
1127 71
3409 53
5881 64
166|20
33794 81
1721 76
4011 83
5378 70
3481 79
49530 80
2353 76
47644 74
54272 80
8961 81
1198 83
2542 82
1036 81
608 83
434 68
5219 72
5418 81
2396 79
349 79
2324 82
167|20
33493 61
4886 71
778 78
3052 67
7147 70
6857 67
45501 49
6480 70
1682 70
2231 73
784 42
33794 73
2083 69
2413 64
6333 68
8961 72
2139 67
150 69
6773 71
35836 63
168|19
3730 83
1248 83
1201 83
1089 83
296 83
923 83
1222 83
5291 82
3543 80
1302 78
3362 82
1148 82
3101 74
57669 83
2076 81
1729 81
908 83
85354 70
80463 82
169|20
3536 82
2028 83
364 83
953 83
4886 83
5400 81
8644 82
524 82
2795 83
1022 83
3114 83
3967 83
1517 82
1035 83
8641 83
6365 81
661 82
457 83
3287 68
1416 81
170|10
318 83
296 82
586 57
377 67
34 72
592 67
277 61
500 65
266 66
588 73
171|17
485 79
1220 83
1025 81
801 78
1259 83
1079 83
828 81
317 78
869 82
380 80
1136 83
1225 83
661 80
318 82
47 83
1198 83
1208 83
172|6
3087 71
3578 81
7438 83
2072 67
3793 78
2762 80
173|5
10 69
329 66
586 58
597 69
588 74
174|14
553 78
520 69
224 77
648 74
161 77
317 68
158 61
780 72
315 65
485 69
282 71
440 75
350 74
10 75
175|5
531 71
8911 70
43904 50
38388 68
8362 63
176|8
165 75
434 65
39 71
368 74
380 73
780 72
47 81
471 77
177|20
42002 63
91542 71
6332 63
3668 72
45672 53
783 64
27706 62
2657 63
114662 71
1206 80
83132 68
5218 71
508 72
3114 77
1321 65
2176 74
8798 73
88140 69
2012 65
339 65
178|16
7361 83
527 83
2329 82
5995 81
6502 81
4235 81
1198 83
208 63
6539 80
296 83
349 77
10 75
4226 82
1240 81
2579 81
318 83
179|14
367 70
589 81
161 77
231 67
288 73
743 55
1061 78
317 68
786 68
592 75
671 73
296 83
434 65
364 81
180|5
1261 79
260 81
1748 78
1242 81
2140 72
181|20
157 49
593 76
596 63
353 71
539 63
516 59
132 52
169 39
25 63
31 53
542 46
6 74
707 49
185 51
464 52
502 37
415 45
480 68
592 62
344 53
182|20
4879 70
6969 70
3911 74
2728 74
4313 64
8042 78
1291 80
3113 55
3578 78
1590 58
161 71
4452 63
224 72
4980 58
4262 76
2353 65
2890 74
1127 72
541 82
6041 72
183|12
480 75
380 69
1196 81
2951 79
2534 48
4085 72
1287 78
2194 79
3247 60
1233 81
2662 71
1408 81
184|20
158035 70
181413 70
193565 70
97304 81
74754 59
168250 75
191005 70
106072 68
166291 62
127152 69
86332 75
80463 79
5816 74
122898 63
81845 81
5810 65
170813 70
174479 70
112852 81
148626 79
185|10
1685 70
2396 70
5377 74
1721 64
5952 78
1393 67
595 71
2085 69
4995 78
899 78
186|20
2605 78
1214 83
1291 83
3745 80
1269 83
2527 81
2532 75
4361 81
1307 83
2968 83
4306 83
2541 81
1702 77
480 82
1097 82
3977 75
919 83
3527 82
593 83
1196 83
187|20
26122 70
3949 79
49272 81
231 62
1206 82
6874 82
1729 77
1209 80
48394 79
6502 80
2701 46
4027 79
288 69
2542 80
7153 82
39427 70
6890 78
1222 81
8949 77
1748 81
188|10
2346 81
1212 83
594 82
1282 83
3469 81
2396 82
1091 72
3341 83
1264 81
2206 82
189|5
48516 82
4993 82
79132 80
2959 82
58559 82
190|14
6711 81
4776 77
8784 79
4995 81
5630 70
4306 79
30749 77
1221 83
4975 73
8961 78
858 83
8464 75
69844 80
7438 82
191|17
496 70
21 70
72 59
175 78
494 68
417 72
17 72
6 79
85 74
292 65
314 78
58 78
235 74
213 76
161 72
160 53
162 80
192|5
356 83
288 79
316 78
349 81
432 72
193|7
44555 79
55442 80
4878 81
6016 79
307 77
1270 81
5618 81
194|5
163 70
1396 70
1500 72
1288 80
5060 79
195|20
3424 76
2770 54
1041 80
1653 78
1923 70
3160 76
4723 46
1863 48
2336 70
2166 56
4308 70
1909 64
260 81
2028 80
3252 71
2908 73
1392 62
1365 67
70 70
190 62
196|7
70286 77
3578 79
59315 77
58559 82
364 79
1214 79
110 80
197|7
1513 72
1240 82
1882 60
786 75
2167 77
153 72
1784 81
198|20
3894 70
3499 75
920 70
1213 81
3949 76
1994 67
1485 56
2572 69
4019 75
1089 80
110 77
593 78
4128 74
1270 80
4886 74
1079 77
2117 74
912 80
1573 62
1682 73
199|20
5464 63
2165 64
2280 44
736 50
5673 63
349 65
5502 55
482 69
8532 70
1172 77
300 65
50068 67
4881 69
3175 60
7445 61
2973 77
34338 60
41997 64
1956 75
377 59
200|20
3809 75
7022 81
50802 74
3968 69
2485 62
500 74
5610 69
590 79
1029 74
53996 76
2572 78
4993 83
4041 78
57640 82
1302 77
1784 79
6383 54
1653 82
1569 74
1517 77
201|20
1748 83
1527 82
1584 78
2858 83
339 78
589 82
2717 72
994 82
788 66
1196 83
2797 80
733 79
1259 82
2174 79
1198 83
2455 78
1569 77
1213 83
160 68
24 73
202|20
3329 70
924 81
29 80
2289 79
1197 83
1196 82
2966 81
161 74
608 82
1209 80
1296 78
3194 73
1784 76
469 74
923 81
2000 76
1587 71
1719 82
3147 82
32 81
203|9
56174 72
8665 77
2407 71
5952 82
590 78
49272 81
40815 81
333 76
296 83
204|17
1136 82
3949 79
33794 79
48394 78
27075 70
1080 82
79008 82
6104 82
8874 80
81591 74
4878 82
91658 72
711 64
2313 80
86320 66
55820 81
5218 75
205|6
912 82
99114 79
91542 77
5816 77
95167 71
96079 81
206|5
36 82
608 83
733 80
140 76
141 80
207|5
2991 69
2428 46
2707 62
3740 76
100 50
208|6
1210 79
2628 52
380 60
2353 59
2278 64
2762 71
209|7
60684 81
1291 81
68157 82
74458 78
185029 78
122886 82
88125 79
210|20
123553 70
34405 83
166203 70
3147 83
31696 79
7649 74
58559 83
2105 79
6365 78
34397 70
4625 69
84772 79
122926 83
76093 83
62836 70
33493 79
1584 80
47610 81
108932 83
122918 82
211|18
58559 82
63113 70
90405 67
57669 82
60684 81
7153 82
73017 76
2105 71
4367 59
356 81
2642 55
1556 37
318 83
44665 78
85414 73
1198 82
1136 82
260 83
212|20
170697 64
122920 73
122892 69
2571 79
5218 72
48394 76
3578 77
1196 80
135143 74
74795 67
179401 71
79132 78
77800 71
108932 78
110102 75
96821 77
8874 78
65261 76
59784 67
2291 75
213|17
3285 72
87520 58
80363 69
76251 79
8957 71
2860 65
1234 82
5419 74
51935 82
69844 82
39446 69
4132 70
858 83
69526 65
4558 63
49530 80
58559 83
214|5
83 70
628 64
743 39
1363 52
802 56
215|20
1172 81
4973 82
63082 77
1291 81
2028 81
3252 75
3210 71
1968 77
1247 81
49272 80
1089 82
72407 56
5650 74
318 83
1208 82
2000 76
1197 82
1196 82
1297 77
4019 79
216|20
104 62
21 68
3996 77
3946 53
2946 65
3993 57
3897 79
2599 73
34 71
3994 68
4034 81
3363 81
1965 68
3422 63
3555 68
3253 69
2087 72
3986 49
2018 65
1923 70
217|20
1867 70
3434 70
1275 64
2468 44
3197 49
1912 66
2302 52
1876 47
380 57
1221 79
2471 41
1918 50
1385 47
3165 65
1590 50
1562 38
1703 49
2056 70
1831 41
160 44
218|6
2657 60
2692 78
1380 58
1198 80
6934 54
5349 65
219|20
60072 51
2115 69
59315 69
6539 71
442 48
30707 75
1704 78
180 65
1219 77
1005 33
27773 77
56156 59
6188 65
6721 67
30825 54
2997 77
1552 50
1500 66
2890 69
1921 76
220|20
3996 80
733 76
1198 83
3994 76
6539 79
1258 82
1917 65
4545 70
33794 80
165 75
71264 76
4623 77
53464 53
5218 77
6365 70
3751 75
32 81
1036 80
5502 70
1591 64
221|20
4338 70
7013 81
8529 72
1080 83
3246 82
2871 82
1208 83
7063 83
2702 71
4029 81
5954 80
2352 79
922 83
2997 82
1278 83
2858 83
1212 82
1959 78
1961 81
3671 82
222|20
81831 70
100498 39
48516 78
1249 79
99813 72
91529 75
59900 51
93287 69
1721 62
2706 60
3273 39
2411 47
64622 67
7143 73
87869 68
778 78
30825 55
42011 39
673 48
64839 74
223|15
55854 70
6711 73
1 69
736 45
1961 66
457 71
2716 65
48394 66
608 77
8784 66
48516 74
3863 45
4306 67
260 78
2683 49
224|11
3496 70
3044 77
356 82
2915 74
289 64
3668 78
1270 83
2797 78
1721 74
2716 80
1259 81
225|15
2423 73
1285 79
588 77
1717 64
2791 81
1321 71
1136 82
1197 83
1753 75
2004 73
2371 68
1407 69
785 71
1060 77
3024 68
226|20
6938 70
32666 70
3552 78
542 52
1240 78
3098 72
2804 78
3668 74
3653 64
2231 78
145 61
2253 48
3052 74
2628 60
762 44
53129 80
4816 71
16 79
2144 74
46948 60
227|19
46976 81
52319 80
81845 83
109487 82
134130 83
215 82
48738 82
47099 81
1196 83
32587 83
912 83
55721 83
1682 82
750 83
778 83
40629 80
97913 83
70286 82
150 81
228|5
2571 81
1373 65
362 74
318 83
3113 65
229|13
34 77
589 80
377 73
45 72
587 73
5 62
475 83
442 65
597 74
364 80
213 78
110 81
527 83
230|20
34330 70
52715 70
47 69
7438 76
527 78
3147 75
45499 51
6537 51
2291 66
1387 73
6863 55
1485 46
595 63
4022 63
2096 57
588 62
4034 76
1676 53
8644 54
2641 49
231|5
92259 81
858 83
593 81
1198 83
109487 80
232|20
31867 70
41769 70
57526 70
70336 46
8644 66
1586 57
44972 40
4019 77
43928 38
30883 49
65802 46
8376 67
39292 75
1035 78
66198 60
66097 75
32011 47
6564 48
7451 78
33164 41
233|20
48394 67
3751 57
48516 74
1721 55
356 73
106100 62
162600 47
608 77
7153 76
134214 51
57669 75
122920 62
2329 74
4239 64
7371 65
3977 38
3147 75
3948 54
49272 71
5418 65
234|20
2616 67
2140 79
172 60
126 53
1562 48
4519 69
153 64
2710 63
3624 69
3483 67
1391 68
438 71
1460 77
2987 77
65 56
260 83
1359 59
3175 75
588 78
2080 73
235|13
480 73
736 60
500 65
454 71
592 68
235 73
595 73
32 79
527 82
648 67
223 76
588 73
377 67
236|30
1214 70
1278 70
1345 70
1350 70
1387 70
1388 70
1982 70
1997 70
1998 70
2447 70
2459 70
2490 70
2496 70
2502 70
2505 70
2542 70
2572 70
2580 70
2596 70
2598 70
2606 70
2657 70
2683 70
2694 70
2718 70
2770 70
2806 70
2858 70
3024 70
3052 70
237|10
32 77
4254 36
94959 76
293 77
1371 57
1193 79
7361 80
7980 73
43936 51
1374 73
238|9
4954 77
3528 76
4265 64
4901 76
4238 74
593 82
4499 83
4957 68
1193 83
239|20
58559 83
5459 67
4085 77
380 75
95 68
7445 77
608 83
7147 80
6378 78
2115 79
4896 80
36529 77
3994 77
33679 73
47 82
590 80
4022 79
208 66
733 78
51662 80
240|20
368 81
543 80
480 82
367 79
810 64
500 80
546 69
110 83
173 73
1 83
542 74
104 80
34 82
174 76
204 72
225 81
383 78
262 83
434 76
420 74
241|16
81786 70
71899 83
527 83
1206 83
1193 83
99114 81
100714 69
8981 80
53123 82
116897 82
56367 81
3910 82
106782 82
115569 83
4235 82
48780 82
242|7
39 67
380 69
231 61
457 79
592 70
454 73
111 80
243|8
112 80
353 83
62 82
588 82
193 71
586 77
181 72
376 80
244|19
3090 75
1049 70
110 79
257 68
165 71
151 74
1090 80
3755 63
2278 72
648 69
1580 70
1957 78
1610 77
1196 81
3256 71
1573 68
1242 82
3753 67
2243 70
245|5
3196 62
2739 64
3114 66
3274 55
1361 71
246|20
1304 83
616 82
1680 81
6016 83
3081 82
44191 83
60684 83
4973 83
1732 83
1298 82
53125 80
2291 83
2692 83
293 83
4011 83
5013 83
60069 83
48082 83
82202 75
95167 80
247|20
48516 79
593 77
2858 79
49272 76
1961 72
44191 74
527 81
116797 76
68358 73
122886 79
480 68
223 72
1265 75
2078 73
1198 81
1682 71
6377 75
1089 79
953 74
919 75
248|11
4886 77
1198 82
166528 79
176371 77
316 68
147374 73
102903 71
189333 71
122912 76
58559 82
5218 74
249|20
110350 70
102903 75
2167 72
94959 81
84601 72
2395 77
97306 74
3408 77
89047 70
91500 75
91542 78
40815 81
69844 81
904 83
46723 77
3826 56
68791 73
88812 60
67695 69
50 83
250|6
1282 82
2407 74
318 83
1597 71
1246 82
8880 76
251|5
142115 77
293 82
356 82
318 83
1089 82
252|8
164179 83
89745 83
6377 83
164909 80
1682 81
166643 80
143355 78
78499 83
253|10
44555 83
916 83
608 83
2300 83
7099 83
4217 79
26366 70
1192 81
4642 83
3363 83
254|20
46578 81
44195 82
207 70
49278 68
6333 77
780 70
110 81
1210 82
49272 81
27846 80
32587 80
2571 81
44929 75
47 80
293 81
1580 73
5995 80
32 81
592 72
48394 79
255|9
1270 74
4467 62
2023 55
3501 47
1663 63
1394 71
3392 48
2542 69
2915 54
256|20
3247 76
88744 82
377 80
4973 83
53972 81
118696 79
95441 78
104841 82
71535 83
2953 74
81229 81
53121 75
30707 83
2571 83
68791 80
170 80
6942 83
90405 79
6537 79
33493 80
257|5
1500 71
594 74
2502 78
494 67
2406 68
258|5
4995 82
7147 79
72641 78
76093 81
47099 79
259|6
508 70
5945 61
1784 70
4886 73
1356 72
1584 65
260|20
7361 82
3556 77
162 81
903 80
5690 79
6337 77
4878 81
5617 79
342 67
5219 65
2997 81
8011 78
1206 82
3317 78
6709 64
8874 80
2348 76
3822 78
2959 82
8645 79
261|11
3897 79
16 77
2060 70
296 82
2723 64
1682 73
4085 68
2194 77
7361 81
4238 65
58559 81
262|12
708 57
539 60
457 73
322 57
339 58
85 65
26 65
17 62
213 69
273 44
593 75
728 65
263|20
223 78
150 76
500 68
2987 74
2953 54
110 80
4226 81
8370 82
1197 83
7458 72
708 69
1111 71
2125 75
6942 81
5013 77
163 73
457 80
8636 79
1967 79
2085 74
264|12
7841 68
1376 71
151 74
5816 74
1907 74
1320 66
1917 59
150 76
3578 78
1090 80
253 73
1876 58
265|20
3807 70
316 61
253 68
1302 65
724 56
1240 75
3504 77
230 63
3831 65
1956 77
3098 67
529 72
1270 80
3791 57
1177 73
2322 57
1488 59
2474 65
1198 81
1962 69
266|20
476 70
2812 70
2700 73
2278 63
24 51
2770 46
2702 53
64 41
1405 46
2580 72
1527 75
2167 55
457 75
1580 60
2300 80
1923 65
2094 54
132 49
2571 76
2097 48
267|12
2858 83
593 83
1175 83
3006 82
1302 78
3999 62
3113 70
1093 77
589 82
2571 82
923 83
3996 82
268|20
1641 70
587 58
1125 66
1911 43
2802 53
1036 70
1370 59
50 78
2064 69
1784 66
1912 68
1966 59
454 63
1234 74
2247 48
1394 75
2829 57
802 55
260 79
2858 77
269|6
724 68
743 53
95 63
1 79
63 65
648 71
270|8
661 57
62 64
79 43
628 64
14 68
1356 69
141 62
25 61
271|9
3897 76
32 75
2791 74
969 73
6787 76
2858 77
55765 72
1320 56
2288 71
272|7
177765 67
1240 78
51662 75
122922 71
49272 79
158238 75
6365 65
273|11
440 76
593 82
500 73
608 83
223 80
111 82
150 79
21 76
466 62
235 79
520 70
274|20
50147 70
2947 79
3037 79
1645 67
4951 63
2036 53
1359 50
35957 66
553 72
76293 62
3918 64
1503 55
45431 66
4816 69
54999 70
5667 70
4876 47
56805 67
1921 79
54004 66
275|20
1784 79
2289 81
5884 70
1171 77
357 78
1912 80
2539 72
235 79
4886 81
2572 79
2355 76
3253 79
1192 78
926 83
111 82
2100 70
3089 83
1393 78
1719 83
1392 73
276|9
673 76
356 83
466 75
104 81
631 77
648 81
2 81
1367 78
344 78
277|6
637 66
736 72
656 68
1 81
780 74
260 83
278|5
2371 71
1347 71
4002 81
318 83
2369 67
279|20
134130 80
1101 61
166528 76
90405 59
61132 66
79132 76
56782 79
97913 75
1608 61
4226 79
59315 72
88129 76
54286 70
1258 79
8665 70
58559 81
4993 80
8376 64
107406 65
1200 75
280|20
92535 81
344 71
262 82
3146 63
4239 80
4447 73
8638 80
919 82
72641 80
86817 70
8368 83
49530 80
6863 77
35836 78
55052 78
54503 82
4246 80
48516 83
1911 67
3916 79
281|5
46578 75
8361 50
35836 64
3897 77
3861 50
282|20
5995 82
3977 68
3263 72
25 78
6708 81
2683 74
4718 68
6711 83
5481 69
6863 78
5669 82
3752 76
588 80
80463 82
1921 83
1193 83
4369 70
48322 81
1194 81
784 65
283|7
1580 62
39 59
1704 78
356 77
586 51
2082 47
805 66
284|18
474 79
173 62
2 76
296 83
15 72
348 78
248 70
318 83
47 82
353 80
275 53
44 58
339 76
367 72
276 72
165 77
637 65
235 79
285|8
1193 81
949 79
1247 80
6978 60
113207 70
4447 64
441 81
296 82
286|20
454 72
778 81
5989 77
1333 77
165 70
500 66
7438 82
2294 65
4993 82
4995 80
7361 82
70 73
4980 60
1258 81
4963 75
1097 75
4848 80
539 69
377 68
110 79
287|20
3160 61
3578 62
223 59
2633 66
1059 51
586 32
3005 34
532 35
1193 70
2599 56
2028 69
1485 36
3826 24
2081 50
8949 57
2012 45
101 61
4034 71
2422 18
2115 55
288|20
4473 70
4966 70
1008 70
2867 72
42015 59
141 64
2571 76
13 64
53519 56
2407 58
5418 71
3916 67
2347 48
2528 53
30810 65
575 39
32587 74
587 61
2517 49
8361 50
289|24
3 70
16 70
235 70
266 70
594 70
708 70
750 70
1080 70
1101 70
1208 70
1220 70
1258 70
1917 70
2012 70
2174 70
2710 70
2797 70
4322 70
6125 70
6327 70
6453 70
7025 70
7028 70
26704 70
290|20
1228 83
1299 80
2494 76
2739 80
608 83
2130 79
908 82
341 70
1447 76
342 72
1056 73
1719 83
953 81
928 82
1394 82
2648 80
475 83
2731 81
1357 80
2385 54
291|7
40815 83
122892 80
106489 79
134853 82
7153 83
88125 82
1 82
292|20
520 59
103339 59
122900 69
4896 75
2291 75
474 72
85056 63
46972 62
95167 64
164909 70
3176 69
3476 70
1608 64
31221 38
1101 63
3985 65
3984 69
1017 66
69844 77
231 56
293|5
1682 65
1673 72
344 48
1617 74
1097 66
294|20
416 35
3869 55
1064 47
2794 41
610 57
2133 56
1391 46
3868 58
1129 59
520 46
3387 42
355 31
2378 45
3693 37
785 52
2193 60
2367 44
2458 46
348 58
3501 43
295|9
1221 81
3198 72
1287 72
1213 81
4351 54
1198 80
858 80
318 82
2329 78
296|6
160848 70
2028 79
169034 70
4144 78
50 80
2324 75
297|15
832 40
543 44
1645 47
111 66
454 52
1089 69
6 64
1249 71
1047 44
1370 47
1488 43
150 56
170 43
1092 42
866 61
298|20
57640 61
95510 40
6811 37
8370 68
8807 51
63131 46
6881 48
3785 34
122900 47
103042 40
6294 29
2167 40
2005 51
6006 36
653 34
55995 30
3018 47
69757 51
103772 45
3825 31
299|5
3793 76
1387 81
188 73
1198 82
1214 79
300|32
318 70
356 70
527 70
593 70
1172 70
1704 70
2028 70
2324 70
2329 70
2571 70
2762 70
2858 70
2959 70
4848 70
4973 70
5995 70
6016 70
6711 70
7361 70
8950 70
48394 70
56174 70
63082 70
79132 70
81591 70
92259 70
99114 70
109487 70
112183 70
112290 70
112552 70
112556 70
301|20
21 62
357 63
2490 63
6711 76
589 72
8949 69
837 58
3948 59
364 73
527 80
5989 70
4963 68
608 79
292 56
3578 72
3897 76
4226 77
3753 56
1393 63
1792 52
302|7
480 76
14 77
3 68
25 73
648 72
707 61
110 81
303|11
5378 69
3703 80
1127 78
5544 78
1196 82
3471 79
1580 75
1394 82
2683 72
920 77
1358 81
304|20
314 81
2571 82
2433 71
10 77
1376 77
480 79
1373 67
1777 77
1270 83
1517 77
151 79
356 82
208 65
474 79
1214 81
1375 76
640 64
1722 70
185 68
2701 56
305|20
74624 70
140627 70
87869 78
919 81
1197 83
106100 79
138210 70
788 60
7482 80
80590 72
103075 65
903 82
6537 71
93840 80
54736 77
592 75
2288 81
58803 78
55276 79
1272 81
306|20
5784 44
68954 78
69644 54
6377 78
95543 68
81847 73
111743 61
85367 65
168418 72
167018 63
72998 69
122904 75
69406 65
85788 51
4963 74
115664 64
134368 71
112852 80
161634 71
133419 68
307|20
2190 70
4181 70
31424 70
49314 70
5010 66
7845 48
3392 46
1220 70
6793 27
6483 21
2332 35
56003 39
1991 42
3273 34
4876 35
3421 66
1409 36
413 41
4447 49
52867 70
308|20
2959 66
45517 35
96821 53
72998 39
318 73
2 37
904 69
589 53
8961 53
56152 43
56367 53
5618 65
36 54
410 31
79132 55
4993 64
8464 40
1221 70
2248 45
6 56
309|20
2202 81
1645 71
898 82
1682 77
296 83
1089 82
1269 78
7153 82
6947 77
8340 76
1104 82
7218 70
25886 79
1219 81
8154 70
971 80
1944 80
6365 68
1262 82
2762 78
310|13
6863 70
6947 76
1101 67
6503 49
2524 75
2457 72
5899 73
733 73
246 80
3254 67
1223 81
1080 81
2671 71
311|6
6561 70
5992 57
1517 46
6461 48
1407 40
2706 44
312|20
5816 73
1375 68
3499 77
589 77
2454 68
1358 78
4878 81
4103 76
3793 73
2028 81
1371 63
4121 67
2366 71
2747 60
4105 76
5446 69
2699 57
2529 78
1350 76
1356 76
313|20
4980 58
170 64
3917 66
2455 68
5544 72
541 81
2193 72
2000 74
6 78
1968 74
1089 81
1301 69
1240 78
3175 68
4865 74
2005 72
2167 63
1375 67
2087 74
2530 57
314|20
7 48
1042 51
44 36
165 61
457 74
293 75
597 59
329 56
442 47
26 66
830 51
728 66
618 70
107 60
536 53
10 60
1376 60
153 46
208 44
150 68
315|7
1262 77
2729 65
2529 71
2067 73
2553 57
909 67
902 71
316|11
1748 75
253 64
3968 53
158 47
5445 65
3751 62
7438 77
6874 76
48 53
3882 46
2572 63
317|20
133115 70
73321 58
91529 76
74545 67
7445 66
1213 81
48774 76
4262 74
1884 77
5989 74
3578 76
4011 79
68358 75
1208 81
72011 69
3897 79
3499 75
96829 68
116797 77
56782 79
318|20
26713 70
81191 70
90245 70
111817 70
127180 70
145080 70
150696 70
7445 75
1090 82
116799 78
82459 79
48385 72
2294 71
64839 81
88125 80
109487 80
4021 80
33794 80
54286 78
89753 73
319|7
115617 82
6377 83
356 83
136864 63
1221 83
122904 82
110 83
320|5
72998 71
71535 80
31184 67
59315 75
1013 67
321|12
587 73
356 81
160 61
592 73
597 74
780 71
339 73
355 55
410 67
3 70
500 71
457 81
322|20
2882 49
1968 70
2542 76
58559 80
2788 78
2146 62
2617 52
2918 73
778 78
2599 70
4027 74
4993 80
1230 73
51540 68
1 74
1617 78
1923 66
4010 57
11 71
1035 75
323|20
377 59
480 66
356 76
1094 57
161 63
115569 76
1198 79
29 74
551 67
22 56
318 81
112183 62
253 64
111659 46
3257 47
260 80
150 67
329 56
342 55
266 57
324|5
2764 73
3972 73
3864 36
3949 73
3897 77
325|20
2848 70
235 71
2986 45
262 77
1573 62
2596 68
1584 66
1217 82
1676 63
4714 34
3770 46
3261 64
2894 70
2155 65
1279 74
1614 51
3994 67
2268 73
2915 65
5008 78
326|20
8665 80
47610 79
20 66
2858 83
86882 80
5418 81
4973 83
133771 82
48774 82
2324 82
1293 82
2692 83
72605 74
70159 59
54286 81
5446 78
6591 81
4226 83
105844 80
31410 80
327|10
3301 79
150 82
858 83
1923 81
51255 83
48516 83
1304 82
765 74
6888 59
2706 79
328|20
2687 49
112852 73
70286 63
1196 74
457 69
364 67
80463 68
3489 53
318 80
595 60
5349 55
2542 69
1219 70
35836 55
3751 54
79091 57
7153 75
596 52
2398 68
1148 66
329|5
130482 70
136850 70
858 80
1884 74
750 79
330|20
5378 57
316 63
1639 71
2918 76
919 77
3949 76
3535 73
5349 68
380 64
1676 64
2502 79
3703 76
1682 73
2683 60
1206 80
1721 65
2791 78
2081 70
8874 78
592 66
331|20
8874 78
6157 48
88125 75
6539 74
3897 79
4446 66
7361 81
50872 74
4995 78
4306 75
6874 80
5502 60
3911 72
608 81
4447 59
593 79
3751 67
8665 70
4367 49
2959 81
332|20
47 77
1653 78
1258 80
316 63
8983 73
431 75
97757 70
2291 75
1835 62
356 79
5502 62
4308 70
1203 80
1682 73
1249 81
76251 70
2905 71
318 82
2294 62
32 79
333|5
3785 47
3752 55
3616 57
3615 49
3646 31
334|20
55820 78
1196 79
1580 62
1291 77
3996 75
589 73
30810 65
4027 74
1 74
64957 67
1625 68
50601 47
44195 79
27416 66
6867 70
2997 77
293 77
480 68
5378 53
51935 72
335|6
780 64
592 66
356 79
296 82
2699 55
2001 62
336|12
1267 83
1 82
38798 76
33660 83
1784 80
2001 76
2268 81
293 83
1625 80
4886 81
50 83
150 81
337|16
318 82
47 83
16 83
805 82
1393 81
266 80
667 68
168 76
784 73
65 71
110 83
708 80
25 81
1356 83
277 78
786 78
338|8
189111 70
190207 70
190215 70
190219 70
7153 75
593 72
187541 33
185029 62
339|20
72641 81
5445 81
84152 83
96079 83
106072 79
69122 81
5617 83
41285 81
56869 70
48322 82
65216 82
91630 81
86504 81
91529 83
83613 74
4993 83
3470 83
102407 79
2028 83
5952 83
340|28
10 70
110 70
150 70
153 70
161 70
165 70
185 70
208 70
253 70
288 70
292 70
296 70
316 70
318 70
329 70
344 70
349 70
356 70
454 70
457 70
480 70
589 70
590 70
592 70
595 70
648 70
780 70
1356 70
341|11
2335 75
3624 73
130087 66
1370 77
135137 71
117529 76
5459 69
45672 70
1 82
47099 80
4025 69
342|14
2683 57
2598 49
2881 55
2369 50
1268 68
2605 52
2599 69
1198 79
3157 49
3826 42
2428 45
2827 39
3863 53
1959 65
343|12
858 83
3000 80
48394 80
4226 82
4878 82
3993 69
2571 81
1617 82
31658 80
55363 79
55820 82
296 83
344|14
111362 79
380 74
316 72
2628 68
4226 82
2571 82
4014 75
2012 74
4034 83
260 83
2541 74
4973 83
5418 79
2712 75
345|13
1019 78
2539 73
926 83
5902 82
8810 70
344 71
5707 68
2366 78
56949 74
3649 66
6658 73
3489 77
412 78
346|20
3174 70
778 81
608 82
6711 80
6286 74
306 79
7323 71
307 77
3535 76
1212 80
357 71
3949 78
714 73
7937 73
7396 76
5878 80
1120 72
1131 81
3627 77
7115 68
347|9
434 63
590 77
39 70
150 77
454 75
380 72
587 72
317 66
457 80
348|11
318 82
2324 83
4368 68
1213 83
6016 83
2959 83
6893 83
4973 83
1221 83
1960 82
2019 83
349|8
10 74
161 76
589 79
381 74
349 76
231 66
588 77
509 76
350|8
852 64
7 60
637 56
648 68
733 72
12 48
858 82
661 67
351|20
88932 70
87222 66
73344 80
52579 65
2231 79
88744 75
43836 53
79132 80
597 71
58559 82
12 44
8914 79
8950 80
63082 77
6214 79
90376 76
84152 79
480 75
4878 82
1193 82
352|20
72998 74
71745 59
1801 75
34319 71
2600 81
65682 70
1080 82
79695 63
110730 49
38038 77
130490 63
97752 73
1214 80
94864 73
41566 74
56587 72
44191 80
114935 75
59315 78
47610 75
353|18
552 62
25 71
267 54
216 72
367 63
288 68
144 67
186 54
333 73
266 68
112 66
198 70
234 54
145 62
293 80
158 53
163 72
296 82
354|20
1610 79
4306 79
2692 82
3147 82
47 80
903 81
733 74
3977 59
1225 82
35836 73
648 71
44191 80
8665 76
1917 62
7147 77
1923 75
589 79
2959 82
4718 60
1196 82
355|6
316 71
1580 74
3035 81
3175 75
317 68
916 81
356|20
2248 81
52435 82
52975 78
7122 70
44889 70
1641 81
2706 76
4011 83
802 76
7323 78
2502 83
56367 81
1223 83
55118 82
3949 82
3996 82
1246 82
1466 80
223 81
7153 83
357|20
4354 70
8998 70
27329 70
2804 81
595 79
529 80
4663 63
4091 78
1224 82
1242 83
34 78
208 65
58559 83
6296 81
30793 71
1042 70
2100 70
551 80
471 78
2067 82
358|9
26095 70
605 48
5066 62
52328 72
2226 70
42728 59
7361 80
69844 75
36525 47
359|15
405 37
1092 55
1101 56
51412 43
648 59
296 81
1097 69
2396 66
2424 53
593 76
2701 35
2942 38
1682 69
2530 48
4995 75
360|5
1422 52
1620 59
1488 64
1711 61
1414 55
361|20
47099 72
1580 67
377 66
1552 60
49272 78
1263 77
53125 66
589 76
49822 69
8360 69
318 82
2529 76
5218 71
6188 70
2422 42
3082 63
1732 80
1370 67
46972 63
7458 69
362|20
1945 83
592 80
6539 82
51540 81
5989 82
637 72
70 81
7153 83
1252 83
44665 82
407 78
6874 83
2959 83
1196 83
1208 83
8961 82
48516 83
7438 83
356 83
1201 83
363|6
1552 48
1732 78
1517 60
296 80
653 47
318 81
364|5
858 83
9 73
783 78
376 77
1 82
365|20
59315 59
81229 51
128975 43
6874 71
90345 57
158872 52
129354 39
103075 38
135536 39
70286 61
112852 70
76077 48
112818 50
1777 52
6502 65
155820 29
541 74
95720 37
93270 31
135569 55
366|7
116797 80
59315 76
33794 78
91529 79
2028 81
122882 79
7438 82
367|20
926 83
3061 80
1270 83
1287 81
486 68
3536 79
3824 66
2384 69
3072 79
898 83
3618 77
3225 57
2248 81
3157 68
3969 80
3717 72
1259 82
4023 70
1196 83
1258 83
368|20
3753 55
2112 46
1944 69
2986 39
3869 58
1214 69
2947 72
415 39
3035 71
832 52
50 76
2819 60
1801 59
2490 59
1917 46
1391 49
2193 62
225 56
161 61
2881 49
369|20
1256 76
785 63
47 76
2706 63
839 47
377 64
52973 69
743 41
4214 53
5418 73
3863 55
1372 64
27904 71
60069 77
2857 57
1967 75
150 72
2011 65
1580 65
3174 66
370|19
4011 80
4878 80
8961 74
6377 76
2628 55
1748 79
2116 59
589 75
2329 79
7438 80
3977 48
1676 62
593 78
4973 81
4226 79
1240 76
1089 80
8636 75
2716 73
371|9
2571 83
112512 70
1258 83
4090 81
56715 83
3000 83
4226 83
4993 83
1748 83
372|20
335 70
924 76
318 82
1603 45
1479 57
589 73
81 56
387 44
616 66
337 70
1220 75
1201 79
165 63
1243 74
1258 78
377 61
1401 55
450 53
1206 79
1306 56
373|20
216 63
60 52
169 35
350 58
585 45
44 38
371 60
163 63
616 65
198 61
265 66
25 62
6 74
733 65
47 73
2 59
736 52
305 42
357 63
141 62
374|7
296 82
208 57
1219 80
480 74
592 70
1258 81
1339 72
375|7
344 66
1027 65
32 81
2628 65
3256 74
4226 82
500 71
376|20
91535 72
2002 71
1214 82
1101 75
2916 79
33794 82
1198 83
349 79
1371 74
376 75
1240 82
1375 77
4993 83
858 83
457 82
4226 83
5952 83
344 71
2763 78
2797 80
377|20
4942 70
2793 50
1262 83
2791 82
748 70
1345 78
5027 70
5113 75
27692 70
3421 80
6021 70
3364 76
2072 65
8641 81
2163 56
92760 70
2858 83
1503 64
2124 73
2015 77
378|10
33794 79
7153 82
48516 82
3114 79
858 83
68954 80
91529 80
71535 81
90600 73
364 79
379|8
318 83
377 69
19 54
292 67
480 74
367 64
597 70
344 62
380|20
60818 70
172875 70
172881 70
172887 70
355 49
6979 75
5476 47
2735 58
68194 78
63433 67
72356 79
105731 63
1833 64
551 78
6731 77
27831 80
1665 67
393 56
140956 72
2791 81
381|20
2085 74
1088 68
3253 74
185 59
317 62
27808 67
1240 79
19 53
3753 67
4321 71
72011 74
3082 66
333 73
2140 77
1385 58
2273 65
1208 82
457 80
104 67
2716 77
382|20
1204 82
142372 51
135532 61
1201 82
112171 67
1198 82
912 82
81847 76
4638 58
63540 35
1681 44
170289 70
103042 66
72737 76
2496 67
357 73
81537 59
59501 71
101362 49
4890 64
383|7
2436 76
2541 70
2496 67
1584 72
2558 52
1246 80
903 80
384|14
3527 64
1388 48
2683 54
2502 75
4333 48
3098 63
4396 46
457 74
358 46
968 66
2724 42
296 80
3991 44
1204 80
385|20
736 54
1080 79
249 77
1219 77
1036 72
1136 80
282 56
1073 75
1200 74
1228 79
1022 66
1007 50
1201 79
1246 76
344 52
589 73
1023 63
1287 73
594 71
1303 75
386|14
110 70
410 46
112 50
165 56
223 66
648 52
185 42
608 77
485 46
305 37
44 35
585 40
349 60
10 54
387|20
4393 70
5156 70
5780 70
7336 70
26124 70
40966 70
2712 62
5062 63
1247 78
5489 70
4195 66
7132 71
2946 61
1387 78
3000 73
51939 48
4995 76
912 79
7938 70
1783 39
388|6
6158 70
63239 70
33615 73
86298 66
62999 76
8360 77
389|7
17 81
140 78
628 81
762 69
743 70
95 75
32 83
390|17
6344 70
64957 73
4239 75
5220 50
1193 81
2571 80
9010 72
2291 77
5296 53
4226 81
7254 72
6377 79
63062 72
1206 81
2329 81
4014 69
1784 74
391|20
5575 70
500 61
3994 67
1213 82
516 61
199 78
4027 76
150 72
1408 79
4014 65
1527 78
1059 70
2916 70
4973 81
357 68
555 73
5026 78
4936 56
1210 80
3067 64
392|5
3004 46
2858 79
707 53
1198 81
1125 71
393|20
91658 71
102125 73
48394 78
36517 72
8636 78
110102 77
44199 75
5388 68
54259 75
4848 80
5669 77
1291 80
68848 74
86190 73
2571 80
1206 81
122892 72
106642 82
1625 74
106489 72
394|5
588 65
316 56
344 49
225 58
457 73
395|13
329 65
1025 69
296 82
160 52
208 54
173 50
485 59
355 44
520 60
595 73
126 46
48 59
367 61
396|6
1276 78
1597 53
1777 61
44 37
204 40
2081 63
397|5
4017 80
8645 82
1701 79
8228 78
6993 81
398|10
6408 70
1197 83
5971 81
7022 81
1198 83
60069 82
2455 76
1136 83
48516 82
82459 79
399|8
1198 82
110 80
5445 75
1196 82
593 81
480 76
1270 82
2194 80
400|9
608 83
356 82
2571 82
2959 83
7153 83
1221 83
3578 81
858 83
59615 70
401|15
5952 80
6297 71
55768 64
48982 69
166461 71
49274 54
50872 77
32031 63
79091 72
170939 70
38038 74
8360 71
3114 78
33615 67
1136 82
402|10
1084 82
597 77
52 79
329 74
296 83
586 69
315 68
1036 81
434 68
527 83
403|7
110 78
2427 62
3210 67
296 82
61465 58
1663 74
180 70
404|12
204 46
349 71
474 71
34 71
364 77
508 73
105 64
593 79
509 70
277 58
315 54
185 55
405|20
70708 70
293 83
7254 81
37731 79
2959 83
345 81
1213 83
7134 70
64614 82
6023 72
1241 82
2329 83
1247 83
3052 81
68237 83
1199 83
27592 81
27664 78
3418 79
1215 83
406|5
1586 56
135 54
56949 62
46972 62
724 61
407|5
7153 82
2959 82
6539 78
1240 80
54286 77
408|20
1198 83
122904 82
44840 77
165101 72
6618 82
1291 83
1210 83
89745 83
1278 83
7324 81
44 66
8641 83
115210 82
103596 67
68554 78
2571 83
109487 83
63131 80
80489 82
4649 78
409|20
2485 54
2490 73
2028 81
3812 73
1278 82
2997 81
296 83
1078 69
3016 66
1073 79
2683 65
2289 78
3846 67
912 81
2013 67
1911 56
2352 75
1230 78
2541 69
3174 71
410|20
389 70
3224 82
318 82
2302 75
4002 83
1060 81
4297 72
3263 73
1859 77
111 83
58 82
2145 78
3255 80
2321 79
3504 83
3948 78
11 82
4019 82
3 75
597 79
411|20
508 72
261 75
586 52
432 47
353 74
431 74
194 71
318 82
272 69
515 73
356 79
266 63
257 62
349 70
10 66
31 56
344 56
227 52
455 43
122 47
412|20
2828 57
2384 64
2915 74
903 81
608 83
2720 42
2858 82
1883 66
1307 80
1214 80
1784 77
2239 83
1 80
930 83
1136 83
2710 62
915 80
2398 81
17 76
1079 81
413|12
2706 79
1198 83
3753 78
2424 76
593 83
128360 82
4993 83
16 83
5574 79
3948 79
64957 81
2959 83
414|20
4458 70
4666 70
5285 70
5635 70
6033 70
6493 70
6563 70
6628 70
6797 70
48319 70
58879 70
169992 70
3802 43
3599 66
1600 67
8666 22
4975 69
7444 66
4081 33
177593 82
415|19
296 83
1213 83
4321 74
3507 82
4308 77
47 81
1021 57
111 82
2617 68
1276 83
3861 67
4369 66
99114 80
1221 83
63082 79
1234 81
45722 76
1197 83
175 81
416|11
5952 75
5951 42
531 53
1296 67
1199 78
1721 57
830 48
1206 76
7323 59
4848 72
3677 61
417|14
778 83
4995 82
4975 78
7254 80
1198 83
106782 82
27773 83
168250 81
1625 79
7153 83
74458 81
110102 81
48394 82
4878 83
418|19
356 77
296 81
63082 70
104374 69
1276 79
1136 79
117176 65
1573 59
137337 65
1682 70
5816 68
88125 73
74458 71
367 54
89745 75
45672 48
87869 67
7361 80
54001 75
419|20
4093 70
111 82
46976 78
27822 65
2858 82
319 77
6287 66
3578 81
1213 83
64969 78
47 81
79592 74
34319 74
89580 70
60756 76
27704 70
90943 70
2412 54
1240 81
52245 65
420|20
1161 80
4993 83
45499 71
923 82
26693 70
48385 72
1927 82
5608 76
2052 65
6934 68
7022 80
3979 58
59295 70
2329 82
54259 78
1131 82
2762 79
4973 83
5669 80
527 83
421|8
2858 82
909 77
5008 80
953 79
1178 82
2313 80
2478 65
1203 81
422|19
2539 57
2710 48
4947 61
4971 56
5039 75
4925 70
2581 53
4916 45
1265 76
2804 75
3053 76
2665 70
1283 81
4835 64
2908 71
3943 61
1213 81
2670 70
858 81
423|5
1653 80
110 80
2194 80
5349 74
1320 70
424|20
1193 82
141 74
2804 80
40278 77
608 82
108729 69
293 81
69122 75
1092 68
54503 80
58559 82
3186 76
66097 78
778 82
5679 68
3176 73
2288 80
2174 74
71668 77
112556 80
425|20
45517 66
377 68
2329 80
733 72
6 78
1645 68
8368 80
2081 72
4306 77
1680 68
1909 67
367 62
46723 71
1625 73
1036 76
4901 70
750 82
2353 67
1342 61
145 62
426|18
59784 69
150 75
471 73
337 76
54001 79
1197 82
6378 72
72641 74
4886 77
8644 68
37729 74
597 70
5444 77
91325 49
588 74
3247 59
4022 74
79091 73
427|17
4887 46
5463 50
5015 62
110 75
58 73
5528 65
6348 54
5312 55
2710 49
5696 52
4993 79
5266 56
2683 58
5400 56
5816 68
1208 80
5574 62
428|20
2471 33
2762 61
3827 42
1089 71
2953 37
2916 58
1380 47
1997 61
3440 27
4022 59
317 44
4255 32
1208 74
1391 44
6377 66
2581 43
260 74
3285 42
588 59
653 41
429|12
339 80
421 78
150 82
225 80
165 81
266 79
329 79
252 79
279 76
317 77
237 78
204 70
430|12
923 81
2987 73
3745 67
6287 58
2858 81
6365 65
2571 80
4447 64
4014 69
329 66
2076 77
4446 71
431|5
172 40
1625 63
1376 58
3948 56
802 52
432|20
1831 52
5630 70
6870 79
8640 61
6539 79
3916 76
5989 79
84189 70
110 81
35836 74
4886 79
2762 78
1206 82
49272 81
19 57
318 83
58559 82
69481 81
7158 79
33660 81
433|5
91529 73
1089 77
50 78
5299 54
110 74
434|20
1136 81
3147 80
1090 79
1265 77
5989 74
1101 61
1779 50
586 51
344 54
3863 55
1208 81
3160 76
589 76
780 62
6796 69
2791 78
4226 80
2194 77
8665 71
1291 79
435|9
2353 76
44191 82
485 73
3510 77
34405 82
2302 74
158 67
82459 80
48780 82
436|20
204 48
435 45
440 66
432 50
161 69
480 71
377 65
531 63
536 62
502 40
364 76
235 71
371 66
344 57
2 65
585 52
450 59
587 65
437 47
227 54
437|20
748 62
318 83
5 55
640 52
1299 78
1120 73
1396 72
1246 80
454 73
1171 71
1225 82
1183 76
1097 76
1307 78
1268 76
592 69
198 70
155 52
112 66
246 81
438|20
7154 60
2501 73
8966 62
27801 78
1527 79
6711 80
3898 55
1784 74
8644 68
6367 67
2424 63
3889 42
223 77
1517 71
7361 82
2641 63
5009 68
2617 60
3753 66
2393 64
439|5
356 79
4022 73
7153 81
78499 80
1240 77
440|7
8690 70
541 83
29 81
1653 81
1274 80
3174 75
1235 82
441|9
589 83
2683 79
2959 83
4306 83
260 83
296 83
51255 83
47 83
68358 83
442|5
2908 63
2881 50
1186 59
3752 53
4361 58
443|8
2329 82
79132 81
296 83
48394 80
106487 76
108190 64
7153 82
63082 79
444|9
356 81
592 70
208 58
21 72
111 80
110 80
235 75
296 83
344 63
445|16
2028 80
590 73
34405 78
47 77
116897 77
780 63
4011 80
899 79
593 79
33794 76
1080 80
45722 69
17 69
1230 75
306 77
2710 51
446|17
237 54
339 60
300 67
296 81
480 67
368 61
288 60
172 44
17 64
16 74
357 64
150 69
434 49
153 48
648 60
593 76
337 69
447|16
257 76
293 83
337 81
531 76
382 73
589 82
552 73
253 79
362 78
532 72
292 75
31 72
474 80
540 68
442 71
160 68
448|373
2368 70
3284 70
3933 70
6302 70
6476 70
7245 70
48262 70
49688 70
75803 70
75816 70
78116 70
79590 70
86593 70
92198 70
98908 70
100326 70
102819 70
104760 70
108715 70
109191 70
111680 70
113416 70
116207 70
116985 70
129657 70
130083 70
133377 70
136654 70
138546 70
142424 70
151777 70
152658 70
157130 70
158022 70
161290 70
164375 70
53996 61
136778 70
5418 70
288 59
88356 37
2580 72
155358 70
2889 69
4034 79
148888 45
81156 68
2713 43
103335 60
95441 52
34048 57
80126 47
3057 70
1057 64
2794 46
33830 67
8665 67
6059 63
110553 43
90374 58
151501 70
3764 42
6143 62
103819 44
4361 63
104913 66
3986 44
5528 63
1196 78
105351 54
83349 53
3276 70
1090 76
5349 64
587 60
106330 34
4677 55
95508 70
109895 33
110611 70
671 58
2289 71
152077 69
80693 55
111360 48
170 57
87444 50
94323 45
8493 59
3671 73
91653 66
4981 70
2991 66
78034 70
119145 74
5099 43
4299 54
2567 49
6996 28
109864 27
6582 48
73017 67
370 51
543 58
115617 71
590 69
154065 70
5553 56
41569 61
3286 31
6645 70
589 72
1920 44
2857 52
111663 59
78499 76
2657 57
6537 56
1148 73
46974 49
48516 77
80241 62
445 48
4262 71
3689 37
114935 64
6428 64
127194 70
109673 56
127096 54
89388 70
4156 70
3793 67
33679 56
2014 48
64285 60
3968 51
49530 67
3450 60
160563 54
5502 56
8169 65
6314 33
122490 70
3386 67
140725 57
4896 70
2642 40
127136 71
2763 63
2520 70
457 75
48783 60
3263 51
5400 51
5541 53
4011 77
58351 70
127132 70
152091 58
3698 57
435 34
4799 46
84152 73
3401 39
2858 78
3174 62
7076 74
106542 70
6218 57
2860 42
1283 80
3618 59
2616 49
90439 67
2404 34
4660 70
2530 49
26386 70
4327 65
3030 74
71464 56
32 76
91529 73
4158 42
99114 71
98585 59
93326 46
2268 69
80489 72
130576 52
105504 76
2791 74
50601 45
7007 55
4234 53
3623 44
80727 59
78467 40
8641 73
4128 71
106782 71
2537 36
112138 67
3247 48
112818 60
2027 28
3101 54
5779 70
82202 46
1704 77
98296 70
6863 60
89305 69
4203 56
1201 78
6212 38
637 44
84954 51
6814 70
94864 61
67695 52
159077 70
92439 52
6812 39
3156 47
802 56
118354 70
134130 79
138036 61
65135 70
52975 63
4368 33
90717 49
45722 65
79259 70
68157 77
4233 28
74458 70
3258 51
1262 79
3949 73
101025 40
69526 40
1831 38
1083 56
1884 74
1476 63
156609 64
3755 53
111659 47
4734 53
161 64
95201 70
135887 55
2598 45
87232 72
4634 61
5334 46
5459 46
146730 70
72694 70
157432 70
132488 70
4558 39
1375 59
6424 70
71518 60
2716 70
94780 43
3593 23
129354 46
158 42
1409 40
6514 70
2881 53
51662 69
90522 55
68554 54
2126 51
122932 70
93510 71
137857 66
125916 31
2953 43
2090 56
1760 23
480 67
58803 64
2109 66
50792 33
46062 38
85510 55
80864 70
112171 56
122900 63
2587 48
1527 75
117529 59
4993 78
92264 45
5247 42
533 50
912 77
26464 70
2249 64
4678 57
103772 62
114601 59
96861 41
420 43
59615 49
2349 64
109372 44
95207 54
348 64
19 42
136020 51
4502 35
91094 50
138208 56
3511 43
79428 51
2643 30
109183 70
2139 66
4212 70
5942 49
96417 68
112852 77
99728 58
89470 66
142448 49
64983 58
2640 69
2046 55
4881 68
3882 44
3744 43
1032 62
116799 67
5 45
4040 33
157407 70
2115 68
1617 77
4367 45
105254 60
3388 39
3760 72
2146 60
2968 76
6281 54
466 45
96448 45
86332 66
64969 66
115170 70
1036 71
3397 66
2474 62
1408 77
155743 70
106920 70
8542 67
120466 62
2051 35
7143 72
7150 52
89087 39
34150 46
2253 40
2973 76
449|8
1917 47
2502 75
4034 78
1222 76
2770 46
762 35
2011 60
2324 72
450|11
3977 66
589 81
110 82
3363 83
3535 80
3948 76
3409 66
1035 81
3568 70
358 67
1259 82
451|7
733 74
593 81
7 64
5 61
494 71
25 73
17 75
452|20
4025 80
2858 82
2617 81
5292 83
1206 83
1676 82
3219 81
47 83
3101 81
163 83
1092 82
1917 80
2126 81
1356 83
552 81
2628 80
1200 83
608 82
2707 82
3273 76
453|20
208 69
858 83
2335 76
4022 80
3618 77
1617 83
3452 76
1357 82
112 76
2671 79
1884 82
1894 69
2294 75
318 83
1614 70
3534 74
2959 83
798 68
5266 75
780 76
454|9
7361 82
2692 81
7116 62
55820 81
6016 80
27773 81
2160 81
2858 82
26131 81
455|12
272 70
432 48
367 59
590 73
253 71
364 77
555 74
252 62
110 78
225 66
588 72
597 66
456|9
1407 75
634 58
135 70
5 70
724 75
780 76
733 79
260 83
706 70
457|10
329 63
3593 30
2692 80
1356 74
223 74
2394 64
2701 43
3608 57
733 69
2094 62
458|12
597 80
185 74
10 80
380 79
95 74
454 80
300 82
595 81
153 72
587 79
150 82
552 75
459|6
79132 83
5618 83
8961 82
48780 83
50872 82
260 83
460|17
89039 70
4886 81
4703 74
3831 78
1441 77
4878 83
3483 72
8970 80
1 82
49272 82
40815 82
85414 78
68237 82
76093 82
47610 79
63082 81
2571 82
461|6
74458 72
2762 72
1036 73
91500 64
3578 74
539 64
462|20
26838 70
89090 70
164655 70
188189 70
1136 80
1219 77
158966 75
1248 80
508 69
1653 76
1674 67
8917 62
8620 31
3424 73
2146 61
7044 61
3814 77
1213 81
82857 70
26131 77
463|7
6377 81
2028 82
4310 65
3753 71
2006 67
1092 71
5995 80
464|20
1370 68
58025 61
63853 51
296 82
2019 82
3527 72
5254 66
7007 64
1101 65
1779 57
377 68
1653 79
55820 80
648 68
33493 69
1610 77
65088 69
74727 70
1617 80
62374 73
465|20
2941 79
2987 78
1200 81
3448 81
5060 82
1299 81
3703 81
3649 62
1625 78
292 73
904 83
3101 72
1754 77
750 83
1256 81
593 82
3732 76
3740 82
3334 82
377 75
466|20
5418 82
30793 76
79091 81
92259 83
5989 82
5459 74
318 82
63082 82
59784 80
5010 83
74458 82
6281 78
5952 83
8529 77
64716 83
68954 83
4993 83
45447 77
81845 83
55247 82
467|22
41 70
58 70
389 70
466 70
527 70
593 70
780 70
1183 70
1233 70
1357 70
1365 70
1408 70
1721 70
2028 70
2125 70
2324 70
2334 70
2384 70
2390 70
2393 70
2394 70
2493 70
468|7
592 70
349 74
1 78
317 64
296 82
32 80
165 71
469|20
3658 70
3832 70
3507 79
3032 72
2736 77
2132 77
1958 72
910 81
1090 79
1485 56
1388 54
2321 67
1234 79
2081 70
1193 81
36 76
2908 73
909 74
2023 67
3255 70
470|16
253 74
318 83
110 80
588 76
282 67
5 60
597 72
32 80
595 76
592 71
500 69
26 75
356 81
357 74
434 61
300 76
471|6
2571 80
8874 80
527 82
1 79
8360 73
7147 77
472|6
58559 83
3450 76
3298 81
2840 66
1221 83
858 83
473|8
4979 75
2959 81
60 59
7147 73
6281 60
3897 79
48322 74
2596 69
474|422
638 70
2179 70
2697 70
4046 70
5114 70
5311 70
5353 70
5455 70
5601 70
6201 70
6273 70
6382 70
6407 70
6592 70
6912 70
7702 70
7826 70
7832 70
7839 70
8057 70
8446 70
8458 70
8459 70
8611 70
8650 70
8774 70
8938 70
1466 72
6708 73
2940 77
2616 55
2334 53
7139 76
4218 70
371 66
750 81
2935 66
8645 76
5481 53
6370 76
25865 70
2553 64
912 80
2467 75
5548 62
7301 70
52967 66
5945 61
480 71
1983 45
3462 76
1068 70
8600 72
6650 75
8482 70
6791 74
4016 72
1784 71
3668 71
3977 49
8961 75
4160 72
30820 71
6984 70
2750 61
5034 43
7716 70
2612 70
4419 76
1300 74
4187 74
1187 55
6565 73
272 69
5440 70
25937 66
1099 64
3125 70
5826 70
5649 70
7256 78
4912 62
6016 78
1208 81
2083 72
3385 62
2310 66
3360 73
3163 69
1413 74
4081 33
1643 67
968 71
2116 60
26965 72
5954 74
1263 77
5116 70
3536 69
8778 67
63433 56
2952 71
318 82
3394 51
1200 77
3384 75
4356 72
932 81
7698 66
516 62
4873 73
48385 63
39869 66
1902 70
2641 58
7036 55
2181 62
4638 52
31116 67
2455 65
2146 66
628 70
3897 79
1030 52
4022 71
344 55
3196 75
92 45
237 58
6770 62
3259 61
3368 54
26151 55
1293 76
34072 69
3044 69
1639 71
5944 57
6539 74
477 64
7361 81
55687 70
58 76
4014 65
3467 75
8154 64
4191 53
2134 62
4644 66
4293 51
5013 73
1399 63
1196 80
2918 76
5899 69
4465 59
100 50
361 55
3341 75
8921 70
195 56
3789 70
4709 66
1588 59
3468 79
4678 62
2723 62
2118 73
1939 74
7019 54
3147 80
1792 58
33903 75
1682 73
41566 67
1693 65
1957 76
5021 61
2313 77
3870 70
948 76
47099 72
3447 73
6614 61
216 68
5619 68
3987 40
5060 78
3111 76
45950 69
32584 59
5525 70
2567 53
5956 69
7 55
1172 79
3217 54
8331 70
587 65
5238 62
1189 76
2416 60
832 61
3095 76
7386 70
1223 80
7058 70
5246 36
5418 74
27803 75
26 71
4002 76
1135 61
45 63
6945 65
2411 50
2520 70
7347 63
5375 70
5673 68
3039 70
7833 70
33781 58
720 79
2103 39
33154 76
608 81
1327 46
101 77
7061 70
5451 55
5682 52
5434 67
6609 70
31658 76
4578 39
2009 63
4704 70
7572 70
4929 48
3306 68
6334 57
5379 72
5437 61
42418 57
4128 75
7451 77
2786 34
2243 65
27846 77
6197 65
3264 46
3608 56
5603 76
6124 60
1222 79
1663 74
3566 44
3755 57
2628 56
4815 54
2089 65
7102 52
27706 61
7013 76
1348 67
45666 46
5755 46
4055 76
2058 63
4462 34
1544 50
2405 53
4998 70
273 48
1977 56
1732 81
7822 70
7073 70
41527 71
4787 62
1676 63
3708 60
6669 69
317 56
25940 70
971 77
7366 57
3115 70
7026 41
2710 49
50685 75
2114 69
3809 65
3516 60
2770 52
535 61
4878 80
5992 77
41997 69
1083 62
4487 62
7293 68
1016 59
2006 56
1007 52
4993 81
3412 65
5007 70
3929 56
6639 62
8712 70
1876 52
3546 70
34359 70
7579 55
7325 63
6837 70
2634 67
7753 56
8943 35
8385 70
4308 69
3246 78
3745 64
1148 77
42002 62
50740 74
3952 53
1927 79
7581 64
910 81
3948 65
54881 77
1284 76
4007 72
5341 68
3675 81
52975 67
6244 70
965 74
454 69
1247 79
7215 59
1282 78
8207 80
6242 71
6502 77
4509 65
3528 67
2391 73
4262 75
4039 58
42018 33
3271 73
976 70
48394 75
5384 70
5168 70
1358 76
6534 47
8773 70
2384 53
48780 77
1269 75
4600 60
2642 44
111 78
933 78
3578 76
5297 38
944 66
6020 70
2123 50
748 57
4896 74
5380 74
53953 58
3712 58
25996 70
1997 74
4464 72
4085 68
51540 71
2707 64
2069 69
6710 67
1488 60
6378 69
928 78
3038 78
7116 54
44511 70
594 73
1962 71
421 59
4316 45
2761 78
4823 54
892 75
1345 69
5294 79
1408 80
6579 73
3272 72
3421 75
3844 71
6787 79
37736 70
2249 69
1610 75
2468 42
3498 74
4902 70
6268 66
5225 78
5404 77
929 70
25999 70
7835 70
805 69
4126 67
475|20
6539 83
4993 82
87232 83
40815 83
5816 83
8644 82
81564 83
4701 82
81834 83
6564 78
68791 82
111759 83
7153 82
1527 83
71530 80
4896 83
106487 83
112852 82
3578 83
82461 83
476|14
594 77
34 75
380 71
158 58
153 61
586 62
440 72
364 79
378 64
357 74
224 75
165 73
296 83
11 78
477|20
34 76
913 83
3100 80
2105 72
1271 76
1207 82
70687 51
2174 75
45672 61
4571 78
3973 43
4226 82
1103 81
5291 80
348 75
3593 31
1 80
1274 79
6502 81
59615 63
478|5
1917 45
3114 71
594 66
1584 58
1101 53
479|20
5365 70
4488 54
524 64
1025 67
3707 46
1220 77
4010 60
3244 68
3526 69
4092 52
1968 73
4700 56
4003 61
3671 77
2671 65
341 70
2012 64
2542 78
454 69
2384 52
480|20
43914 70
2700 74
8533 68
2193 68
2797 69
3484 44
2571 77
1210 79
2596 65
8866 55
47610 67
6306 59
5379 70
2018 62
7153 79
3911 70
44191 75
38061 80
5673 65
380 61
481|7
1608 52
1687 52
1629 47
1729 64
1620 44
1597 48
1485 45
482|20
2068 72
8985 57
1036 77
474 74
1042 62
4389 63
780 67
27706 66
3211 73
1610 77
4367 56
1374 77
1220 79
1602 54
653 60
592 69
30812 72
4862 52
8361 58
8529 65
483|20
105325 70
783 68
2541 69
2959 82
109971 70
45722 72
1199 82
50872 77
2000 75
4306 78
69757 75
2683 65
2273 64
1588 64
109487 78
66934 78
1721 69
2328 58
68522 70
8972 68
484|20
93320 70
1438 70
6155 76
6944 80
2706 78
33166 82
6874 83
3697 76
1059 81
76293 76
919 83
2762 82
1821 71
837 78
5810 77
1753 80
3254 77
4718 71
2413 80
3646 59
485|5
588 79
161 77
253 78
292 73
231 68
486|12
653 71
47 82
110 82
153 69
474 80
95 70
288 76
329 75
161 79
318 83
292 75
6 82
487|12
27611 57
8961 61
318 78
1198 74
31658 61
1197 75
6539 60
5445 55
116797 65
4027 62
8874 67
86377 59
488|20
720 80
838 75
608 82
1223 81
26 74
5135 69
2109 74
7720 69
7303 78
4014 69
5995 78
457 79
105 67
1136 82
272 73
1269 77
3176 71
1278 81
1125 74
910 81
489|20
79536 70
86000 70
4848 74
736 49
8387 24
4700 49
45666 38
4720 64
2683 52
2021 66
2389 25
1619 56
950 67
58559 79
2236 56
2167 53
1616 46
247 78
376 55
2717 47
490|20
46578 73
89492 72
81591 59
91077 73
60074 45
5816 63
4144 74
54001 72
1 70
1784 63
7153 77
4993 77
89759 63
86320 48
60128 54
76251 60
8368 75
69122 60
2006 46
78499 74
491|13
106782 83
69757 82
7293 80
27808 79
4246 82
3948 80
104374 82
86833 82
140110 80
8529 78
180231 70
4306 83
88405 77
492|20
736 79
784 74
628 82
858 83
852 79
64 73
990 76
830 79
743 69
62 82
52 82
1499 61
66 73
1210 83
881 69
1474 67
1405 76
724 79
1047 79
65 71
493|13
2985 63
4444 63
2916 69
1275 71
2571 77
1527 77
2028 79
3793 70
2167 60
1215 80
4701 59
2924 75
260 81
494|5
1196 80
4498 56
3578 76
2028 80
1210 80
495|20
140523 70
115149 80
1259 82
1721 75
136562 80
80489 81
19 62
50872 81
231 69
102123 78
52319 78
7254 78
7360 80
8528 79
1645 76
46578 82
30810 78
2918 81
148626 82
56775 73
496|6
1221 81
99149 67
858 81
904 81
8865 49
114713 57
497|11
1193 79
112556 74
112290 72
1916 73
92259 75
2329 78
112552 76
1258 78
2762 72
5349 65
111362 70
498|7
344 72
231 72
648 78
10 79
300 81
356 83
316 76
499|6
1202 75
2337 69
38304 79
327 63
56286 69
1304 78
500|18
2599 65
2987 62
543 54
2700 70
2542 72
1265 71
2916 63
356 74
3301 58
1784 64
1914 59
595 65
2355 57
3536 61
1885 55
322 55
838 65
720 73
501|9
6 77
62 70
93 55
45 64
3 62
637 51
11 74
18 70
662 58
502|7
7236 65
1077 74
4412 41
3469 65
2001 60
2520 70
1777 66
503|19
7455 70
7361 80
4878 79
356 77
91500 63
593 77
527 81
858 81
4226 78
1259 76
1342 52
2877 51
92509 56
90866 75
500 58
441 79
48516 78
2858 79
48394 73
504|18
4995 81
5812 78
2321 73
1 80
3556 78
7153 82
6708 78
1288 82
6927 70
4033 80
4700 67
6565 78
342 70
3408 75
6879 75
4361 74
5952 81
5955 75
505|7
1241 79
4105 80
1029 73
74685 71
273 63
6502 82
54999 77
506|9
59258 63
54272 71
37741 74
56782 79
62293 64
51834 60
49286 65
112556 75
61024 74
507|5
165 65
266 62
253 68
377 63
593 77
508|5
2872 53
2011 49
1952 65
1175 67
898 71
509|20
26958 70
130073 70
2028 79
87232 74
33830 69
5313 41
48 55
2090 58
2080 62
6942 78
8907 44
6156 55
5816 69
39 59
3988 50
6807 75
7458 65
1196 79
45447 57
616 67
510|20
1882 25
7026 29
35836 51
494 46
1198 73
514 48
457 65
2935 48
858 73
2699 37
317 40
8949 58
2918 62
145 40
1262 71
6787 68
1208 73
372 37
1242 73
40819 60
511|11
2959 83
53953 74
115149 81
164179 83
6534 65
99114 81
92259 82
318 83
2324 82
1653 82
56757 80
512|10
480 74
150 75
349 74
47 79
350 68
442 59
457 79
50 82
317 62
593 80
513|7
5952 80
318 83
2174 72
235 74
1304 77
1220 79
1080 81
514|20
1335 70
5704 70
62586 70
168358 70
180263 70
1704 79
2005 70
2792 58
2013 59
1673 77
134130 80
76093 77
1333 73
58998 73
68157 79
2406 64
3210 64
54503 76
4855 72
1644 33
515|6
33794 83
2028 83
527 83
91529 83
58559 83
2959 83
516|26
260 70
457 70
480 70
647 70
708 70
1042 70
1090 70
1197 70
1198 70
1954 70
1958 70
2021 70
2259 70
2268 70
3052 70
3471 70
4027 70
4291 70
4306 70
4321 70
4322 70
4333 70
4337 70
4349 70
4361 70
4429 70
517|20
4306 57
53125 42
1265 60
165489 70
97938 47
88744 48
86880 37
4148 34
26761 70
3398 49
1293 56
3988 32
2858 66
4963 52
1204 71
1704 65
47629 48
7669 61
1206 67
46578 61
518|5
3101 59
2657 62
783 63
1876 52
6365 60
519|6
1704 83
356 83
140110 79
6378 80
7445 80
1968 81
520|20
7266 70
318 83
1049 76
59315 80
4995 82
32 82
2716 81
4333 70
1291 82
1732 83
4085 78
2723 75
3081 78
3994 78
33493 76
135 67
2393 73
60516 55
2406 76
1584 77
521|8
661 70
112 68
86 75
104 69
58 79
79 58
52 75
852 67
522|20
99114 76
81932 76
89492 79
63113 66
2959 82
1193 81
1375 67
4993 81
223 76
27611 75
76060 65
180 71
59315 74
1617 80
10 68
67255 76
2023 69
6187 79
318 83
127098 77
523|15
168252 83
8970 83
5989 83
318 82
91529 83
1721 81
293 83
65261 83
4270 79
3147 83
27731 83
134130 83
31696 81
527 82
101962 82
524|20
1356 75
150 74
552 60
748 61
344 59
442 57
253 72
1225 81
20 53
589 77
1242 82
544 53
173 49
1302 69
380 67
457 79
1020 64
788 49
193 44
466 53
525|20
120807 70
317 56
6863 66
8622 69
33004 68
7147 73
2396 71
40815 78
137337 69
1639 71
1968 73
91869 70
45880 65
2100 58
339 65
4886 74
50872 75
86332 72
8983 72
3996 77
526|12
593 83
55247 81
46578 82
176415 70
1295 72
90430 79
4014 77
2352 80
176413 70
215 81
81845 83
51255 82
527|20
2137 79
3114 82
3210 78
3016 76
2161 79
4571 81
2118 82
3421 82
455 63
2867 82
2450 53
1909 78
1214 82
4299 76
736 74
2477 73
588 81
4016 81
1259 83
2533 74
528|15
4886 69
2278 61
80906 71
4037 63
1240 71
64614 71
3821 27
150 67
1291 74
80463 72
593 75
99813 69
85342 66
48516 76
58559 79
529|5
653 54
135 51
65 46
62 67
733 67
530|6
292 72
500 73
300 78
586 66
593 82
11 79
531|5
593 80
590 76
919 79
480 75
1215 81
532|10
1721 77
4863 79
457 82
290 81
1245 83
1242 83
2023 78
2329 83
1304 82
517 73
533|8
1200 83
6502 83
79132 83
46578 83
93840 82
4973 83
2455 80
66934 82
534|20
116724 70
97913 82
94953 76
2003 79
2167 76
7569 80
153 70
1485 72
65514 81
104218 72
344 73
2571 83
5445 80
95875 74
112818 78
82461 80
96610 82
2987 80
138036 78
1566 77
535|6
2571 72
2581 46
2700 69
2688 48
2583 67
2882 43
536|8
232 77
272 70
356 79
335 70
225 66
150 73
434 55
589 76
537|10
80906 82
367 74
7153 83
53322 77
104218 74
97304 83
6539 81
318 83
89745 82
105504 83
538|8
595 82
3671 83
80549 82
4039 78
69757 82
5047 79
44889 70
66934 82
539|8
4306 78
6753 73
5218 75
50872 77
88 62
3301 71
4886 77
69122 73
540|9
2598 66
2959 83
1073 80
8874 81
1681 56
2183 77
2841 73
2747 69
1196 82
541|18
590 74
457 79
413 54
15 60
110 79
595 74
597 68
480 73
356 80
203 64
529 75
357 70
22 65
345 73
546 40
586 56
281 77
350 66
542|20
6539 74
30793 58
5299 59
2542 77
34319 64
33679 61
4963 72
5481 52
1997 73
4025 53
3623 49
924 78
4369 53
6378 68
2571 78
7254 68
41566 67
37733 67
7361 81
45517 62
543|16
73881 81
1702 78
595 83
3301 81
231 79
2378 79
2379 71
86882 82
6377 83
588 83
377 81
48385 81
2571 83
4526 76
4388 73
92259 83
544|22
1 70
3 70
14 70
32 70
40 70
62 70
68 70
95 70
116 70
619 70
626 70
648 70
650 70
694 70
736 70
780 70
839 70
1042 70
1047 70
1059 70
1105 70
1356 70
545|5
1438 61
1267 81
2763 72
1367 64
44 55
546|13
1270 81
3328 78
480 74
1970 63
2456 56
1976 50
589 77
2657 68
1673 79
3941 70
3959 70
3566 56
1977 64
547|5
1211 77
2859 76
2917 78
1394 81
1288 82
548|26
69 70
260 70
356 70
733 70
1196 70
1393 70
1477 70
1621 70
2571 70
2716 70
3263 70
3578 70
3916 70
4776 70
4899 70
5955 70
6874 70
7458 70
8531 70
49910 70
58559 70
74532 70
80862 70
122904 70
125916 70
168712 70
549|5
2571 82
2028 82
4226 82
1210 83
589 80
550|6
167296 70
102125 79
106782 82
116797 82
112852 83
122882 82
551|20
5010 81
34162 76
60069 82
1544 65
45186 77
103772 77
51935 81
4226 82
2353 75
7153 83
5989 80
135569 78
115149 80
88129 81
134130 83
6934 70
47 81
4701 73
2959 83
98809 82
552|20
2916 64
3317 69
1405 45
2953 40
2245 52
2944 74
2890 66
2125 63
508 66
3948 57
5349 61
2959 79
2857 49
173 39
2991 64
2871 70
2628 48
4308 62
4878 77
3101 51
553|17
55765 82
3481 81
1923 81
2571 83
4011 83
50 83
3949 83
1089 83
44199 81
5513 70
2231 83
2395 81
3052 81
61257 70
1221 83
33166 82
2959 83
554|18
1196 83
1022 79
2820 70
1207 83
1517 78
1282 82
1210 83
1760 42
2282 74
1225 83
907 72
1358 82
2096 78
1028 83
593 83
608 83
953 82
2324 82
555|20
790 70
3664 70
1 79
3111 80
3395 70
104 68
1334 67
2506 68
2072 59
4002 79
1266 82
2641 64
2256 59
2791 80
2701 46
1333 78
1320 67
337 77
1393 73
3526 74
556|7
162600 74
122890 73
3081 79
88125 82
588 80
72998 79
74789 70
557|6
648 80
231 75
1291 83
260 83
1210 83
150 82
558|12
5329 72
5064 81
4903 73
2297 78
2568 65
4993 83
4306 81
367 73
5283 71
1097 80
4164 75
5294 82
559|20
552 59
608 82
355 42
329 64
544 53
1527 78
173 49
377 66
745 76
174 48
529 74
350 66
349 72
533 57
836 52
1210 81
420 51
786 58
227 54
253 71
560|20
5839 70
91535 59
136018 49
67997 80
79132 78
3253 71
142558 70
2355 68
39435 58
1527 79
40414 73
64614 77
48744 69
56587 66
593 80
76251 71
84944 68
109313 70
5878 80
40819 77
561|20
168174 70
5308 50
78469 56
3703 74
60069 76
91535 55
2105 62
73017 70
5445 69
2000 70
83134 70
79132 75
79592 62
80463 75
89745 76
527 81
8972 61
353 72
33162 65
68157 78
562|20
27140 70
6870 83
6377 83
2580 83
1249 83
4776 82
36529 81
1259 83
1982 82
2268 82
2133 81
83134 82
3210 81
48394 83
30707 83
33836 71
2692 83
88163 83
99191 70
1240 83
563|20
61071 70
70932 70
80858 70
919 77
74450 63
588 73
5943 50
118997 53
86833 74
1197 82
128832 70
85397 60
45221 50
33499 52
7380 66
96821 77
81784 61
95307 48
65585 67
55250 55
564|20
50942 70
356 81
31685 67
131013 65
61024 78
79224 58
87869 75
500 69
108156 66
81784 66
93270 51
6188 74
106918 79
65230 70
67087 73
80693 68
94677 72
8984 68
73266 64
2671 73
565|6
590 71
231 54
19 48
21 66
50 80
539 65
566|15
648 66
10 68
231 57
329 64
342 63
141 69
203 64
345 73
39 64
497 75
265 73
588 73
708 66
353 75
2 67
567|20
8189 70
26743 70
92681 70
109897 70
152071 70
5690 57
136602 43
122888 70
6333 50
1274 55
122922 47
153070 70
151687 70
117877 70
108928 34
954 61
122924 32
27773 64
648 42
135887 39
568|23
50 70
147 70
296 70
356 70
480 70
593 70
765 70
1103 70
1104 70
1257 70
1298 70
1895 70
2313 70
2359 70
2863 70
3053 70
3148 70
3261 70
3363 70
8169 70
46723 70
63853 70
65088 70
569|5
231 73
50 83
380 78
588 81
592 78
570|20
208 46
8636 75
48516 79
1225 80
586 48
2683 57
457 77
1196 79
110 76
4993 80
7361 80
1198 81
1079 76
10 63
3793 69
1391 54
589 74
380 61
527 81
185 49
571|20
1331 70
2982 70
2366 60
1128 43
610 60
2902 43
1998 30
3696 63
1980 70
1987 70
70 62
1924 52
2279 36
1327 41
3732 58
1972 31
1278 76
1644 30
2327 69
1978 42
572|20
1961 80
2570 69
2788 82
2321 75
111 82
904 83
2987 77
2302 70
1834 82
2539 70
2917 79
1307 80
1 81
161 76
3421 80
838 79
1356 80
2006 67
3167 72
1953 81
573|20
89745 83
72998 80
3752 77
356 83
7293 79
6754 78
8665 81
32587 82
1073 82
88744 81
1127 80
68954 82
98809 82
2640 81
48516 83
71535 83
59369 79
60069 83
88140 80
1562 57
574|23
47 70
110 70
150 70
153 70
161 70
185 70
225 70
231 70
292 70
296 70
300 70
316 70
318 70
329 70
339 70
344 70
380 70
410 70
434 70
588 70
592 70
593 70
595 70
575|8
2566 55
2580 73
296 81
2581 54
2572 67
2542 76
2574 40
2598 50
576|5
849 51
1321 60
1373 51
1479 59
2289 71
577|20
2415 70
1183 73
1288 80
1129 70
2944 78
2194 77
733 70
1213 82
2076 74
2020 74
1262 81
1931 77
1391 58
2987 70
952 75
1909 64
260 81
919 77
2248 72
1270 81
578|6
6751 70
52668 78
45668 73
830 71
72407 61
75446 70
579|15
3174 80
2485 73
1022 81
2018 80
838 82
1917 75
1391 77
596 80
1573 79
2965 70
1653 83
2599 82
892 82
2687 79
595 82
580|20
5767 70
6583 70
480 73
8844 70
6989 68
3809 67
41569 68
3699 65
4041 71
33166 76
356 80
508 74
8376 67
3578 77
608 82
3785 58
3089 81
1320 64
54286 74
1201 81
581|8
7153 83
5995 82
4973 83
116797 82
3949 82
4306 82
109487 82
6377 82
582|12
91529 81
2959 83
116797 81
4993 82
5618 82
2571 81
76251 76
69844 80
104841 76
48516 82
97752 74
76093 81
583|12
8533 71
88405 58
2706 65
117590 74
317 59
60756 68
6942 79
595 73
46578 78
104 64
2694 59
7451 77
584|17
288 78
22 78
203 79
315 74
500 79
316 78
539 79
234 73
296 83
257 78
434 74
586 74
338 74
349 81
282 78
480 81
590 82
585|13
3173 78
1228 83
54503 83
2959 83
428 82
1405 74
7254 81
441 83
1805 76
296 83
27373 70
5325 82
79132 83
586|20
34332 80
4016 83
111659 80
106002 82
149406 82
167036 82
45499 82
136556 70
5445 83
117851 82
1291 83
71264 83
106489 83
135436 81
3753 82
2640 83
3147 83
122916 83
3793 83
101362 76
587|20
1234 83
628 81
2012 79
534 80
2002 75
1641 82
236 79
1376 80
2622 76
1541 71
3260 82
497 82
3082 78
445 75
3448 82
2574 65
765 74
691 74
329 78
3406 76
588|12
50 77
16 71
20 41
356 74
350 55
198 58
593 73
364 71
163 60
253 62
223 68
3 53
589|8
1092 74
318 83
590 80
373 81
586 69
587 77
527 83
337 80
590|20
924 77
8807 68
2371 55
38061 80
81834 75
40815 76
4890 55
903 77
5 47
3624 54
555 71
4047 69
51662 71
2085 67
419 43
595 70
329 59
2376 66
3635 65
2398 75
591|11
2908 71
2706 63
2712 65
2355 65
3615 57
3578 75
2394 63
3798 56
356 78
223 74
2724 48
592|19
514 74
2 74
153 64
415 57
110 81
177 66
420 60
380 73
44 54
788 59
588 78
163 76
204 57
610 76
39 71
419 59
253 77
432 59
240 65
593|20
1196 76
1073 71
1086 76
1617 75
4034 77
41566 58
1197 79
344 47
8368 75
339 56
2959 78
8961 69
5816 64
2797 64
4896 68
588 64
595 65
5952 75
377 56
141 59
594|20
7031 70
2671 81
7115 80
1616 76
5943 70
1188 80
2269 76
1733 83
4902 82
6996 57
780 79
1429 80
6140 80
7046 78
39 79
595 82
799 82
2028 83
8482 70
7169 80
595|5
265 80
50 83
1186 79
1199 83
1966 78
596|20
33649 70
43744 70
182793 70
129397 62
128908 70
1 78
142488 81
122922 71
4310 58
71838 61
4025 57
2501 73
110102 77
149406 68
2774 70
5502 64
8665 74
6537 64
2571 80
345 74
597|20
1799 74
490 68
3040 67
2529 81
2858 82
903 81
3039 77
2000 78
1291 82
357 75
1228 82
1845 81
2411 59
1580 73
1148 81
1198 83
2723 71
485 67
592 73
2692 82
598|5
56367 79
8360 75
593 81
114265 70
103543 63
599|496
26142 70
26567 70
26590 70
26676 70
26854 70
27595 70
34800 70
53450 70
60803 70
69131 70
74696 70
79895 70
84523 70
87960 70
92674 70
98799 70
102735 70
102852 70
104017 70
105020 70
122433 70
157865 70
158874 70
160978 70
161044 70
174727 70
179053 70
1801 57
6035 53
3387 41
33437 54
112 50
5995 67
167706 70
4394 70
836 38
7235 60
8809 52
102749 70
89087 34
42011 34
432 37
471 59
5628 58
1015 47
2 53
2269 44
69 66
3947 42
79091 59
104837 70
4037 58
7587 73
6881 59
1449 69
7225 67
81229 54
68952 67
4728 40
5081 45
33966 70
1779 40
3669 70
87197 70
170297 70
79057 63
95965 70
55207 70
4007 61
1220 69
80831 50
46723 57
71282 61
7757 59
3259 50
92309 46
1376 55
7192 45
4654 44
101423 70
53468 47
62662 70
3174 55
3698 50
2882 41
2359 63
1183 63
2792 48
1095 62
8387 25
53125 52
115713 65
2949 62
2471 33
3 50
1231 66
3861 43
240 41
1480 54
2301 61
1445 33
8045 70
586 41
2942 33
1185 69
4594 70
2474 55
3671 68
3196 64
64839 68
98697 70
2606 39
1777 56
5309 39
7022 66
4873 62
541 76
27311 68
43921 59
67734 55
4240 70
5026 70
168 40
33493 55
4125 36
7354 45
207 49
1094 52
742 43
1609 41
1042 47
3362 66
4553 64
4632 48
2278 57
468 48
122904 65
75416 70
42718 63
4285 53
79274 59
1794 70
45081 44
108192 70
3489 55
3503 62
89804 49
163809 70
577 38
3071 52
1204 77
3981 33
95771 70
45382 54
6548 45
59387 62
166528 68
168492 63
6691 70
605 39
424 30
2991 60
248 42
97950 70
3865 65
1216 57
342 49
35836 57
27772 40
176419 56
151781 70
277 46
6320 29
39381 66
5111 70
4090 55
2450 26
2676 60
2356 38
79702 64
1597 48
410 46
1721 54
3702 53
183301 70
1387 72
2072 41
26729 62
2393 48
4247 31
4591 43
1032 56
3087 47
1895 52
634 27
210 48
2074 61
51575 37
3505 66
5247 37
481 51
4215 37
1355 30
2657 51
2028 73
4011 73
420 38
552 46
1196 74
2395 57
5303 56
1752 38
3186 59
4310 43
1784 61
3200 68
7254 57
688 35
473 34
1079 69
1552 44
1148 68
1544 40
63113 53
2325 50
26649 54
6804 70
161 58
4109 47
34332 41
1653 70
4808 35
7707 70
3468 72
502 27
1221 78
1792 47
68319 42
6787 72
2119 26
3884 32
4254 30
3973 28
103609 70
8934 70
5377 65
42632 64
55290 58
4506 47
7840 65
5568 46
1689 38
7005 70
103228 57
59947 70
786 44
4351 48
172253 70
4679 43
1411 70
117630 70
1590 45
112623 57
3146 36
8984 48
1920 38
519 30
179817 66
3979 35
3741 61
44020 40
26630 70
7285 62
3030 69
1021 34
8638 62
87 45
7153 74
2877 42
2018 53
3173 47
5198 70
7101 45
7701 24
3213 69
26159 50
2339 70
33896 60
2000 62
4006 53
136562 61
37382 43
6645 65
171763 75
8528 61
27008 70
4017 62
4167 48
86142 62
1249 75
3255 58
736 46
2779 51
84414 58
27773 72
2083 62
98499 40
4034 75
119828 70
1993 34
94864 55
6631 38
2321 56
26242 51
3703 67
41566 56
2529 67
1968 63
8914 66
3257 41
159403 70
1036 65
76093 69
5103 51
6947 61
1952 70
2124 51
4084 40
6016 70
778 73
81 49
2171 57
1253 66
4275 47
7982 53
3723 61
849 43
2681 54
6565 63
39414 47
122916 68
6440 69
8917 54
72011 59
1605 44
1240 68
923 72
68157 73
5961 70
5053 70
3571 59
2403 57
3871 70
44238 70
72226 68
7004 40
2054 40
62970 42
5159 47
354 54
122924 43
48774 68
1394 71
3763 52
70286 64
1904 43
3969 59
81562 57
102590 70
233 57
4155 49
1031 59
76 49
459 34
1097 63
1178 75
60291 53
3328 67
1232 60
3036 55
5283 42
4327 58
610 57
2726 66
4732 31
5970 48
2396 60
594 63
1247 72
45499 50
3476 57
2399 35
137218 70
1997 64
3271 62
27801 67
6365 49
1799 55
580 36
122900 57
2803 45
80219 50
466 39
110882 60
3997 24
26176 70
2378 44
117895 23
26662 70
90603 63
119218 70
44 33
809 36
1960 58
4519 47
1959 58
414 34
1073 68
61236 55
1479 49
4019 67
1245 73
37857 67
161032 70
371 54
3020 60
88593 70
6774 63
2005 61
90405 48
26285 70
6793 25
627 51
1617 72
6734 30
108090 70
2427 49
51024 51
122922 58
3440 26
6874 74
4919 55
338 37
81591 57
1704 73
1499 24
357 57
62155 56
144 50
34148 59
53519 48
4504 70
2796 40
216 57
6827 28
1429 54
7445 54
1385 41
90471 42
8425 70
10 55
26542 48
7387 67
72998 56
89470 59
3629 69
1297 64
3424 67
1672 55
44761 69
196 37
70703 70
2383 33
180 57
4040 30
6333 61
4440 68
5291 65
88235 57
1639 61
4580 28
153236 70
86190 57
4477 31
103027 70
32291 57
34811 70
5171 39
122260 70
8784 65
5954 64
8798 62
707 39
880 39
314 67
61323 55
600|20
3269 46
1394 75
3785 47
2717 47
5569 57
4306 71
1206 77
56775 53
2015 60
7 47
2013 54
262 72
1210 77
1060 65
2431 55
2077 63
2423 60
4641 64
527 80
5076 45
601|20
141846 70
68157 83
1262 83
106782 83
60069 83
49272 83
5445 81
1193 83
1207 83
79132 83
904 83
166024 82
1917 75
7153 83
2324 83
170697 79
31658 83
5989 82
88810 83
2571 83
602|20
161 67
19 47
350 63
494 63
14 72
471 68
125 67
434 52
235 70
481 62
315 52
371 65
474 69
527 81
21 66
349 69
440 65
339 63
480 70
163 67
603|20
602 70
803 70
2008 70
2577 70
3459 70
4787 64
2912 77
1769 52
485 58
4420 70
920 72
1 77
2706 65
1844 66
3787 70
1222 80
190 63
2716 75
3983 78
101 78
604|20
220 70
292 70
151 76
329 70
410 66
426 72
435 52
316 70
22 70
235 77
181 54
332 65
273 60
637 59
285 70
173 57
588 77
23 64
553 76
1 80
605|20
35347 70
6787 79
1197 81
5667 70
42738 59
51662 73
7373 66
596 67
780 63
4571 73
2316 63
7454 48
150 73
60040 61
8977 46
3269 55
72982 70
1210 80
62376 58
60937 53
606|20
263 70
563 70
583 70
3808 70
4671 70
4840 70
5856 70
6111 70
6573 70
8685 70
32728 70
55805 70
3147 82
4392 72
2311 73
6308 48
50842 74
6591 78
8270 74
2025 80
607|20
891 77
1610 81
448 79
3147 83
1094 75
1307 81
592 77
204 61
1552 70
527 83
3476 79
296 83
2313 82
3440 53
423 70
1518 75
2118 81
2193 79
380 76
2028 83
608|20
52245 52
2997 78
3793 69
2763 66
174 47
2000 71
1214 74
919 75
2700 75
4161 60
5146 53
1639 69
541 80
473 44
2529 75
522 70
4343 52
1909 62
2431 61
1220 76
609|8
296 81
833 39
356 77
339 63
454 67
318 82
208 52
292 61
610|20
5953 70
58975 70
70206 70
78626 70
82765 70
97988 70
107447 70
107462 70
110591 70
110746 70
118082 70
139655 70
160341 70
86644 57
56801 56
61024 79
77561 74
4816 74
62434 75
3972 80
