1|20
260 102
1927 106
804 75
3 77
1009 76
2406 86
1587 85
3671 97
2617 76
3053 95
2571 101
1222 102
2137 82
1377 78
2395 85
2761 98
2641 75
2872 91
1258 101
2700 95
2|6
333 72
122882 76
71535 73
46970 63
58559 81
80489 76
3|8
5764 70
647 45
6835 70
5919 41
2851 36
2288 42
5048 29
4518 39
4|20
106 70
1291 77
3408 68
265 73
52 70
4347 66
2467 73
908 80
345 71
1304 77
1923 69
2959 81
368 67
1219 76
4765 71
1199 81
4166 32
1732 75
21 70
2858 77
5|9
515 74
1 80
364 80
608 84
290 80
261 75
34 74
318 87
21 71
6|20
349 80
318 87
775 70
141 79
348 63
104 75
327 62
410 64
165 81
87 60
366 72
17 74
1084 75
222 71
16 77
416 42
277 81
460 62
867 12
316 70
7|20
8528 65
3623 50
8636 67
8360 65
1517 63
466 54
8373 46
1220 67
7155 50
8808 49
6863 58
31878 63
1610 70
1219 70
4700 59
45668 61
8970 63
27741 74
6333 66
8865 49
8|10
356 83
47 76
231 60
318 86
454 75
292 70
32 77
141 71
380 69
252 70
9|10
5451 60
923 79
5890 6
2901 62
922 85
6044 70
1987 70
5378 60
3735 77
5447 55
10|20
597 65
33679 60
8533 65
8969 57
72720 69
88810 73
136020 58
6377 72
5943 49
109374 72
113394 70
61250 49
82167 51
140110 63
5377 68
77841 70
6942 68
1028 71
72330 70
66203 53
11|13
733 80
1584 82
1210 91
170 75
1438 61
648 77
1918 66
493 83
10 77
457 88
1693 75
150 84
1923 80
12|7
2717 75
2100 78
838 101
2072 76
1876 76
2581 75
6942 95
13|7
3717 70
3624 70
3798 69
2174 79
47 89
3893 75
305 64
14|10
344 63
477 68
110 84
540 56
597 71
153 66
592 65
4 47
539 74
105 66
15|20
91529 73
7438 72
111759 72
2329 77
1 74
1909 63
1240 72
115713 71
1200 75
293 75
2571 76
3949 72
120466 63
1198 79
2028 76
2011 65
158 52
160980 65
4306 73
4022 68
16|20
1230 74
78499 75
913 75
1136 76
1299 72
1617 75
1203 77
3429 80
2858 74
608 76
3683 75
4002 68
1199 78
912 77
2707 63
5782 71
1260 68
319 68
27773 73
2109 63
17|20
260 89
64839 81
296 90
5952 85
527 90
1193 88
3681 87
1240 83
2717 64
2858 84
1093 73
81932 79
5618 86
50 90
5971 85
2959 91
1201 88
541 86
82459 82
1 84
18|20
8117 70
65596 70
88094 70
145283 70
157110 70
166015 70
171023 70
103253 64
60684 79
44199 78
2 63
86628 75
59784 73
2918 78
109374 83
4226 86
53129 88
139385 80
47 81
1291 84
19|20
3692 70
3662 42
54 36
2733 34
1702 45
1240 64
1270 65
3712 6
1881 51
216 56
3 52
1834 65
2184 50
3017 63
2044 6
2354 39
2005 61
3146 39
3387 39
2694 52
20|20
1566 72
5419 63
4014 77
2140 77
586 71
661 73
3189 73
5014 82
1333 81
4161 72
3784 62
1030 56
5313 51
2804 85
2054 61
34 83
1097 86
6358 70
4519 69
1722 64
21|20
107013 70
117922 70
140301 70
57640 72
2985 65
2990 62
2717 60
5418 73
31433 56
112175 72
7153 77
30793 59
4446 63
52973 70
45186 68
2023 67
79185 64
1721 65
102125 68
5459 59
22|20
8961 55
2723 48
60950 49
64575 48
1193 59
70286 54
4993 57
2160 59
39183 48
7147 53
3996 55
3481 52
55765 54
48780 55
7361 58
51540 53
6711 57
2968 53
3949 55
48394 52
23|20
6234 70
3996 71
293 76
1206 75
1136 76
1960 68
7587 71
3424 74
3181 78
2467 71
1248 84
1617 74
6807 73
1952 74
6440 73
1258 75
1243 77
1080 73
8228 68
1711 59
24|20
1784 71
2617 61
111759 76
134853 75
58998 72
1265 75
1198 82
3147 80
1197 82
1220 75
2424 62
5418 73
72011 70
54286 71
27773 77
64957 69
356 81
44191 76
1682 74
68358 76
25|6
58559 100
60069 96
74458 97
79132 99
527 103
260 102
26|21
10 70
34 70
47 70
150 70
153 70
165 70
185 70
208 70
225 70
288 70
296 70
300 70
344 70
349 70
356 70
380 70
434 70
454 70
457 70
592 70
593 70
27|20
1196 80
2478 59
2640 77
3508 86
3555 68
1201 81
3519 65
969 78
2080 68
673 63
2886 20
2529 81
1387 83
1101 69
1947 73
1250 82
1276 85
3114 77
1083 61
3809 68
28|20
27450 70
60943 70
61011 70
63033 70
5617 66
59369 60
60046 70
507 51
3300 59
55094 56
59018 70
26695 70
2951 66
3006 61
2231 63
5418 62
26812 49
2058 55
353 64
61167 70
29|17
98961 84
7379 71
1250 88
1201 89
111362 80
48516 89
1100 58
26554 87
3441 70
4327 77
2872 78
2301 80
1617 87
3681 87
55820 82
4223 77
99114 84
30|7
5952 98
108932 92
1200 97
91529 97
116823 90
112852 98
1198 101
31|10
1198 91
1200 84
648 77
1363 70
1073 80
1036 83
1197 86
377 80
1246 80
1270 83
32|20
236 69
314 80
1356 78
357 76
224 76
627 76
1079 82
1084 84
318 92
761 57
1197 86
849 63
912 88
880 58
1198 88
58 84
203 72
608 87
497 81
410 67
33|20
110 85
17 79
2396 77
2272 6
448 78
428 77
265 79
1280 90
1177 84
1617 85
50 89
261 79
11 80
452 53
345 78
608 89
150 81
1188 74
800 83
2690 81
34|18
780 58
2273 62
3717 59
26606 71
45499 64
3996 73
4310 56
3624 61
31685 60
1721 63
5146 60
7090 77
70 67
2006 58
3000 79
4306 73
27728 33
3997 41
35|5
11 97
185 84
595 95
21 80
300 82
36|12
5171 43
3066 64
552 46
4025 44
1262 60
2735 42
2359 54
1372 48
1278 60
2194 57
3347 63
1704 59
37|5
344 71
356 96
661 75
329 77
457 93
38|16
434 60
39 62
223 67
161 68
246 75
168 63
273 51
480 73
356 76
457 74
364 74
50 71
500 65
300 61
551 57
21 60
39|20
2571 86
2391 80
1921 84
1862 43
1219 84
1907 78
2081 77
2459 69
924 83
2529 82
1729 76
47 84
260 87
2080 70
592 73
296 90
3213 83
610 78
589 83
596 72
40|20
440 80
454 81
588 87
339 76
158 65
432 60
431 77
186 64
616 83
514 83
21 80
592 75
1 90
223 86
585 64
216 77
104 77
371 77
111 92
267 66
41|20
96829 73
64839 68
122882 68
6287 53
1569 61
106920 69
86781 79
3160 66
1721 59
2028 71
6763 37
5418 65
53519 56
122904 66
55247 68
924 69
4011 73
2324 73
35836 62
5995 72
42|20
3869 80
4654 63
1021 55
2423 78
3248 44
4477 45
2500 42
1431 57
195 55
3326 78
2407 71
1090 87
2735 62
3693 55
1020 72
4545 72
4132 53
2263 56
3535 84
2805 64
43|20
225 94
296 104
596 99
588 102
587 102
420 76
158 83
631 79
5 85
597 95
168 89
355 67
47 104
367 91
519 65
594 102
236 92
1 107
60 91
259 76
44|10
36 80
663 77
12 51
661 70
94 78
1 82
104 72
112 69
494 75
889 70
45|20
2718 76
1036 89
2028 92
1653 91
1682 86
2396 87
3249 74
261 81
4308 82
329 73
1367 66
2890 83
593 94
1127 84
2431 80
6377 91
569 64
1197 97
1060 83
2858 91
46|9
590 87
588 84
315 67
208 65
1 89
432 67
225 83
434 75
339 84
47|20
508 62
68932 54
72395 65
2420 62
597 59
148626 67
5989 65
96588 65
69122 62
6155 57
4975 58
30749 65
106100 65
45950 61
2028 68
4018 53
1259 68
6373 56
33166 65
2407 54
48|7
4886 87
1320 72
1527 82
1193 94
3793 84
48 72
1653 90
49|5
2028 88
1214 85
139385 84
318 95
527 91
50|20
8143 70
114335 70
136564 70
142074 70
171759 70
175693 70
179073 70
175707 70
71264 56
82848 70
1377 47
44555 63
8157 56
6807 62
95543 51
8253 59
96610 55
924 63
32875 70
4896 58
51|20
7040 70
5620 67
2613 63
4437 91
2023 76
1500 84
522 84
858 97
4508 79
2951 90
1014 86
1407 77
2282 60
2420 81
3388 57
260 96
3186 79
3994 76
3501 54
2371 71
52|20
152081 90
51255 95
74458 95
1923 86
7438 93
40583 84
59784 83
55765 92
112852 96
86892 91
55363 97
112138 86
49272 97
52245 75
69481 95
50794 64
1704 97
54736 89
44665 91
47200 78
53|5
481 84
1100 75
249 115
1125 102
916 118
54|7
296 66
593 69
639 35
1 64
205 49
161 61
500 56
55|5
2407 51
673 45
3275 66
2890 58
4011 66
56|10
786 73
253 78
165 79
110 91
589 85
370 70
434 71
410 68
69 76
185 74
57|20
2140 72
942 84
920 72
3175 71
1784 72
3429 83
933 86
1193 84
3446 31
160 44
1499 35
2640 73
892 73
11 67
2947 74
6 76
2478 60
2291 74
1688 64
2301 73
58|20
588 86
282 74
185 70
419 64
367 74
277 73
48 71
280 87
337 84
345 82
3 74
357 82
527 93
587 82
218 75
500 77
508 85
368 78
364 91
353 81
59|20
1696 45
6460 107
3489 79
1188 78
1222 92
2076 87
3448 84
1263 88
1247 90
527 95
1244 91
904 97
903 91
965 85
2616 69
1953 87
608 94
105 80
912 95
3471 85
60|5
832 67
58559 75
805 71
455 48
858 79
61|8
266 73
1101 72
7438 83
173 56
555 81
2012 73
4878 84
3949 83
62|20
99114 90
176371 82
3793 84
56757 84
73017 85
30793 70
179819 68
68554 75
185135 93
168248 94
5903 87
4878 89
2028 91
5502 73
6058 67
344 70
1721 76
45499 75
41566 77
78105 61
63|20
5669 71
4246 71
48780 77
500 61
6016 80
31658 78
2858 77
64285 78
85414 67
1221 80
106696 71
4963 74
50 82
1097 70
260 79
110 73
1222 79
4979 72
5952 78
77561 66
64|20
5878 86
3101 69
2640 78
2959 91
8784 78
2054 59
4239 79
4025 62
5026 87
40819 82
266 70
2699 60
27266 82
3969 77
1805 62
6296 79
4776 80
3148 80
4262 81
356 84
65|7
1246 84
33660 81
7458 73
2329 88
4993 87
91542 77
3147 86
66|20
593 91
47 89
5418 84
922 94
2139 82
2956 55
3745 77
1956 88
4581 70
5349 80
1210 91
1094 74
2001 73
380 73
6539 86
671 76
1 83
6378 82
7766 92
296 97
67|8
99114 81
4306 80
27193 75
79132 83
60069 81
2012 71
4886 79
4993 84
68|20
47978 70
95218 70
6534 50
48696 67
67267 73
30825 57
1799 63
3556 66
8622 68
4351 64
63113 66
58295 66
7151 69
2413 70
6287 57
653 54
41566 64
5541 61
260 73
48043 65
69|10
4370 79
4848 94
3671 94
2476 91
1193 100
356 99
553 92
4022 88
260 100
3994 83
70|13
1193 91
1097 81
1914 77
1269 86
4995 88
318 95
8949 83
1968 83
1210 89
89492 83
1250 90
1235 92
2366 80
71|7
494 75
647 73
736 73
95 68
733 76
589 82
7 65
72|9
1047 70
150 82
858 92
2490 75
1357 89
260 91
50 93
1198 92
1196 88
73|20
1193 87
45720 76
105037 59
6333 78
59315 78
76293 65
138204 76
2706 72
152081 79
45221 45
68135 71
150 75
8376 68
93510 81
59784 74
116823 78
106072 70
1682 79
52245 66
35836 74
74|20
31522 70
2594 85
2908 85
30749 85
6870 82
3006 82
52281 80
49772 79
55118 92
2997 88
6305 83
608 92
4546 82
41863 88
27773 87
6001 91
1251 96
6552 85
46976 81
44555 90
75|14
5445 65
1240 69
5952 72
2193 62
6870 67
2529 70
168 52
541 74
3176 63
1962 65
2078 67
1889 67
1266 75
1374 70
76|20
48877 50
5956 60
2918 62
58803 61
1247 67
74458 67
7669 71
79132 68
8957 50
858 71
55820 66
1258 67
63436 50
1201 71
1208 68
48 44
288 55
34405 64
1 56
1196 67
77|6
3996 78
4973 86
7361 84
8636 76
3578 81
33794 78
78|13
296 79
165 67
3809 64
589 75
546 42
27904 69
260 79
590 73
480 71
68791 62
344 59
44974 71
380 66
79|13
3266 102
3029 74
589 88
1916 84
307 86
4005 74
260 93
1189 90
1345 78
2000 82
1374 83
2659 70
2076 85
80|20
7445 83
96691 74
84189 70
91630 83
49530 86
8950 91
6539 91
4223 86
5630 80
3527 88
76251 84
80363 61
52604 86
6502 93
34048 75
1221 97
60684 89
6952 67
5989 91
77561 81
81|26
10 70
32 70
47 70
110 70
150 70
153 70
161 70
165 70
208 70
231 70
288 70
296 70
316 70
318 70
329 70
344 70
356 70
364 70
367 70
377 70
380 70
457 70
480 70
588 70
589 70
592 70
82|20
6886 70
2381 48
2378 64
6566 46
368 71
6536 73
3253 73
4310 61
1608 67
1372 66
145 63
356 83
6708 74
1485 63
4369 62
6564 50
6888 43
5803 46
4015 56
364 79
83|20
56367 67
7143 67
7323 64
6539 67
161 65
586 55
2115 64
1270 70
6874 71
2324 74
1537 68
7153 72
68954 70
48774 68
30749 67
8014 75
1222 72
3753 60
1223 77
64983 57
84|20
55 70
987 70
912 89
1096 78
420 56
1227 79
113 53
580 70
5060 79
1293 80
900 71
1097 82
62 73
368 73
1305 70
1247 79
1296 78
11 82
1073 75
1094 69
85|7
1519 70
1624 45
1140 70
1694 51
1643 70
1747 65
1635 75
86|14
4993 87
4310 63
6947 76
2411 60
457 83
5418 79
3996 82
4901 73
1835 72
33794 82
1196 87
3555 73
1097 80
2687 71
87|5
4023 68
2009 76
3504 89
671 75
2139 79
88|12
7312 70
74795 72
4993 90
68157 89
5952 89
1193 91
223 84
8665 82
4262 85
56782 96
8677 46
58559 91
89|104
26645 70
32060 70
44851 70
53280 70
53578 70
67888 70
69211 70
81087 70
84246 70
103602 70
108078 70
109596 70
118894 70
121007 70
128089 70
128944 70
131098 70
131439 70
134847 70
140481 70
146684 70
148632 70
150554 70
164226 70
30793 59
169912 47
87869 68
1923 67
4015 51
950 77
173253 70
2324 75
27826 70
92259 79
11 59
3977 47
86298 57
8154 83
77688 70
2997 72
170837 70
49274 48
157775 70
1 66
142196 70
99117 58
62008 70
72624 70
108156 58
3752 63
2059 60
128520 86
3175 63
133879 70
48649 70
126088 70
5529 45
65588 70
99130 70
40962 54
1732 76
68659 65
91666 70
2683 59
3751 64
750 79
6650 9
149508 70
2395 62
51575 52
65230 59
171751 70
85881 76
139157 70
6863 62
4246 67
108949 63
1230 76
160567 79
73319 64
177185 70
130520 62
5220 50
121338 70
153386 70
50872 70
149566 70
145491 70
4890 57
129354 55
32243 70
84944 68
6402 70
1288 75
140133 70
119141 68
947 78
176621 70
4973 77
158398 70
69469 70
54503 74
141928 70
102481 70
90|11
1137 70
1144 70
581 96
81 70
892 83
1073 86
116 71
896 7
17 85
7 62
613 66
91|20
3013 70
6395 70
8147 70
7153 84
3360 79
2791 74
3897 79
1080 82
4850 54
3429 85
7000 63
2060 65
2916 70
1391 57
2100 56
318 82
2146 71
1225 84
1246 81
8501 72
92|5
2572 85
2114 87
1015 72
2454 77
1801 83
93|20
736 86
1917 75
552 82
1721 87
539 91
480 98
1372 83
368 90
2355 90
1923 89
2193 85
2006 77
339 89
1097 96
1591 68
260 104
2968 93
1676 83
593 107
558 77
94|12
231 53
377 67
367 61
364 72
288 53
19 47
10 59
586 57
590 68
380 62
589 68
318 75
95|20
18 86
4878 89
6979 78
4732 45
3019 90
5246 40
32 91
2952 81
1247 90
1198 96
5283 68
3361 83
1513 65
2009 78
539 76
122 62
1584 83
1240 88
4262 87
5349 80
96|16
527 88
1094 70
272 81
3819 93
150 83
2021 71
2571 83
1214 79
2058 69
1220 76
733 76
2340 60
1721 73
2396 77
367 71
1291 83
97|8
4701 75
4306 90
3578 92
4993 94
4963 88
4299 77
3981 55
4161 77
98|19
81845 84
8961 81
122912 81
5299 66
63992 53
187541 63
56152 76
134853 82
69644 58
6863 70
5618 87
56801 54
3499 83
134130 82
74789 63
82461 67
1258 86
88810 85
79132 86
99|11
318 103
161 92
420 69
592 80
196 68
122 69
145 76
150 97
316 79
236 85
588 92
100|20
497 85
296 89
1393 76
95 67
592 74
605 59
6059 71
28 91
2245 68
62 79
4308 75
1777 73
838 86
2125 79
1288 89
234 54
1197 88
2005 79
4014 77
4623 74
101|13
2580 82
3285 59
2723 69
2700 78
2908 81
2390 90
3175 74
2395 74
358 57
2702 63
3394 56
2997 83
2502 83
102|12
158 59
588 74
150 76
592 65
253 70
480 75
344 60
539 70
553 73
593 82
586 62
223 74
103|20
86014 70
1954 83
60040 67
1968 82
77206 70
2161 77
1732 86
81834 85
608 89
2384 63
4254 46
104 74
139642 52
56782 94
2096 73
101 85
6534 55
374 48
60069 85
30793 66
104|20
4740 70
743 50
5218 74
8643 66
1288 84
47997 72
468 68
76251 72
8533 73
4018 63
38038 78
1566 71
7361 84
6060 45
3034 72
1641 74
4641 72
108190 56
616 73
7034 76
105|20
4788 70
69685 70
95311 70
95313 70
110586 70
141816 70
141818 70
170597 70
172587 70
172793 70
173351 70
173535 70
6433 61
4974 59
70286 84
108981 70
95175 70
69122 81
1243 89
3916 80
106|7
69844 91
72998 85
59501 82
86880 80
5349 84
53125 80
59784 83
107|7
231 66
253 78
590 87
165 81
434 76
208 65
318 92
108|16
800 90
6022 64
4995 90
2585 87
5316 71
4975 77
3978 68
5349 80
2926 83
4246 84
4878 89
4994 79
1968 85
1684 74
497 84
5380 89
109|20
380 64
1033 63
231 57
364 75
589 73
480 71
62 67
31 60
587 68
1032 63
586 59
778 70
540 50
256 53
163 65
252 64
223 71
553 70
537 62
168 58
110|11
26171 13
2468 50
1198 84
1089 85
1222 84
1208 87
4881 80
47 80
527 84
1193 84
2428 52
111|20
100194 70
162602 70
171251 70
2145 71
96588 77
65088 72
66203 61
84772 67
2081 69
91529 79
6365 66
45666 49
3255 69
1282 74
6539 77
86833 73
122882 79
59143 80
86911 63
5283 60
112|13
788 51
161 70
1917 60
16 80
21 73
208 57
434 54
39 65
3717 64
19 54
110 77
32 80
70286 80
113|20
4083 70
39 68
3168 71
932 92
2331 57
3359 84
1086 82
3504 82
1339 71
904 88
3546 70
4063 42
4062 62
1077 78
1589 70
2475 72
3831 77
46 60
1733 92
4007 73
114|7
141718 70
54001 68
2291 65
167732 70
122886 64
8961 66
3147 70
115|20
1580 73
2804 83
1387 84
2792 70
3146 50
3273 55
3052 77
2841 73
2719 49
595 75
2700 82
383 65
2027 41
2148 64
2770 63
3785 62
2916 77
3175 74
588 80
1377 66
116|18
2716 70
858 76
1299 73
62383 57
1339 64
1276 78
597 70
1029 63
1101 65
2797 70
2657 65
1961 72
1407 63
5995 72
1704 74
165 71
2115 71
8360 67
117|20
708 66
587 72
589 76
151 73
36 75
1036 73
595 75
288 60
596 71
48 62
315 56
454 72
353 70
474 73
10 65
60 65
805 70
491 64
616 71
485 58
118|5
1221 79
1625 69
153 50
1961 73
1810 66
119|20
95441 72
117176 89
1092 75
91529 92
74458 93
4387 86
79132 95
168252 94
44022 76
78499 95
122904 89
106782 93
442 69
4993 95
31685 74
6365 78
141004 49
4148 71
88744 86
8644 79
120|5
260 80
32 76
5 57
631 54
52 70
121|12
497 71
440 66
161 68
527 74
292 65
344 58
186 55
316 60
1 72
19 49
163 61
337 67
122|20
27660 88
69784 86
7022 97
148652 72
4816 87
56174 85
94959 93
81591 87
71535 91
30810 85
2997 98
1732 98
108932 91
780 82
1090 96
3253 89
106782 98
72226 100
1200 98
1214 96
123|12
68554 68
115569 85
79132 84
109487 82
1196 84
4226 85
296 88
7153 85
143458 70
47 82
96829 85
2858 82
124|10
56145 81
2161 78
260 91
175 89
1358 81
6377 87
4226 90
3147 89
608 90
1223 96
125|20
5088 70
86721 70
110330 70
54503 82
72011 76
162578 87
119145 81
176371 77
55247 82
1240 81
86332 75
68157 85
112623 81
4082 39
160567 87
3342 74
109487 84
88140 75
98607 70
81562 76
126|8
364 74
349 66
231 54
380 66
410 55
300 60
253 63
457 74
127|5
2915 55
903 63
55276 61
5060 61
272 61
128|7
904 91
965 80
926 88
1066 92
1721 73
1080 82
1198 90
129|20
4370 72
480 80
3698 72
2692 86
2138 87
1968 82
8368 86
653 67
7143 83
316 73
6874 87
239 72
2916 79
733 79
4896 83
2028 88
3977 60
3000 89
1907 81
31658 87
130|6
208 57
316 63
292 70
110 80
590 75
296 71
131|14
2273 57
6947 64
58559 73
908 74
4878 70
89745 69
7256 71
68237 71
2722 50
2028 73
48516 74
3178 63
64614 69
969 71
132|20
6251 70
3275 69
4995 67
2987 60
7444 54
3262 57
4168 57
31658 67
44191 65
1089 70
3967 64
5502 55
50 70
58559 69
5992 63
2108 57
1844 68
2657 56
47 66
2470 53
133|7
454 59
356 67
589 64
150 62
153 48
380 56
527 68
134|7
442 69
595 81
349 75
380 74
367 72
509 71
296 77
135|20
592 72
4084 58
893 63
3994 73
2004 71
608 88
1358 79
3852 72
3489 73
1614 61
1198 88
4128 77
1883 65
2302 68
1291 86
410 66
1261 88
4022 77
4881 82
1077 81
136|20
161 79
193 49
585 61
338 62
277 74
380 76
181 51
337 73
437 55
165 76
611 62
151 77
340 68
252 74
432 63
552 67
350 79
280 78
273 57
150 84
137|20
6787 81
2716 78
1198 86
750 88
919 79
1270 80
318 89
150 74
2997 81
1200 81
6986 70
7153 83
1242 83
110 79
33493 72
1197 86
2959 87
1237 89
903 83
7762 84
138|5
2707 70
1960 74
1959 74
849 62
3996 77
139|20
4025 37
7445 44
60684 47
4865 45
68319 37
7090 49
5502 40
260 51
8371 39
53953 40
58025 37
106782 49
6957 43
7163 35
3827 37
3624 39
52722 38
54259 44
4367 37
115617 47
140|20
5699 70
5299 62
1393 70
356 84
609 64
32596 62
4795 67
34072 69
1617 78
5256 44
5943 52
1084 81
4337 70
3108 76
43396 75
4719 55
1005 46
4321 66
5812 72
4259 68
141|20
5418 72
54503 75
4963 74
2478 60
71535 72
317 59
68954 77
54286 71
6365 64
54272 70
4447 62
5502 62
6377 76
6373 64
1265 74
91529 76
2502 79
441 75
1517 66
48516 82
142|8
434 66
384 63
588 79
50 83
527 84
356 86
337 77
377 77
143|15
1721 64
61250 49
6942 70
7169 66
8533 67
106696 67
3421 68
87232 69
78316 61
69069 64
59421 52
2144 69
96821 72
7173 55
500 64
144|20
589 80
541 82
8368 80
597 72
590 77
410 65
1246 79
527 85
356 83
500 68
19 55
2700 76
434 59
733 73
780 68
1036 79
5377 76
552 64
586 63
2081 75
145|5
344 59
339 68
380 66
318 80
588 71
146|7
7293 67
3257 56
32 75
1367 57
3686 53
410 60
47610 67
147|5
1234 78
168 58
552 62
555 74
2395 68
148|10
88125 73
5618 79
108932 72
81847 74
72998 69
5816 71
8368 77
7153 79
81834 76
4993 79
149|12
1097 62
1374 61
1831 39
1527 58
260 68
173 45
1206 65
1200 65
2021 57
1580 57
1391 51
1375 54
150|6
3 69
1356 76
5 65
95 66
733 74
1073 75
151|12
786 74
562 82
780 83
837 76
747 71
1265 88
828 76
1073 87
1 92
648 83
1393 81
1359 63
152|13
50 86
2959 87
116897 83
89492 76
1193 84
69481 80
85774 72
115713 78
111 83
92259 85
1234 81
79132 81
318 88
153|20
134853 46
1732 49
8533 42
4014 45
81456 40
106782 48
8528 46
6863 41
87194 40
2617 36
1246 48
106100 47
1954 47
7458 42
4226 50
89904 48
72998 43
133780 70
586 33
36535 46
154|7
114662 84
119145 91
81834 94
122904 91
106072 79
76093 93
77561 82
155|10
153 59
3286 36
1200 85
260 88
141 71
2355 76
2384 61
2948 81
432 52
2959 92
156|20
26313 70
31038 70
1230 81
1711 63
3341 73
6296 74
762 49
2361 58
2076 78
4784 46
661 66
2926 73
8571 70
47 78
3176 70
58 80
848 65
866 83
1485 61
923 81
157|5
785 65
3617 60
2720 40
2770 57
527 80
158|6
1093 71
2605 66
2872 77
2723 70
2428 56
66320 70
159|20
2959 79
60069 72
45720 67
597 67
4022 68
89864 68
49286 64
140110 64
84954 58
4447 60
1197 78
68954 74
6942 70
1961 71
106696 67
480 69
539 64
166643 66
40819 71
63082 74
160|20
126 30
1371 52
1198 72
196 40
3408 61
5349 61
3213 66
2408 42
839 50
3593 21
2748 27
533 50
1975 46
1676 58
3745 58
2011 56
733 59
3826 40
778 68
2840 45
161|8
4980 61
7247 75
47610 75
1223 90
38038 80
3429 91
2144 78
2336 78
162|8
150 95
225 83
168 77
50 100
300 84
266 85
31 78
62 87
163|5
1608 60
1810 63
1747 57
1777 61
1837 44
164|8
1036 90
2916 83
110 95
589 92
3527 86
1101 78
1201 93
2167 74
165|13
2353 66
3624 61
110 80
5505 64
5527 69
3256 69
5956 67
5418 73
5530 48
5450 65
1127 71
3409 57
5881 64
166|20
33794 84
1721 72
4011 90
5378 66
3481 81
49530 79
2353 72
47644 63
54272 79
8961 83
1198 90
2542 87
1036 84
608 87
434 59
5219 66
5418 82
2396 83
349 71
2324 90
167|20
33493 69
4886 74
778 79
3052 70
7147 75
6857 74
45501 57
6480 70
1682 73
2231 74
784 53
33794 75
2083 73
2413 70
6333 71
8961 73
2139 70
150 63
6773 74
35836 69
168|19
3730 95
1248 103
1201 95
1089 94
296 97
923 89
1222 92
5291 85
3543 84
1302 80
3362 87
1148 92
3101 74
57669 94
2076 87
1729 80
908 93
85354 63
80463 89
169|20
3536 81
2028 100
364 100
953 99
4886 95
5400 72
8644 83
524 86
2795 93
1022 87
3114 94
3967 96
1517 85
1035 98
8641 90
6365 81
661 82
457 99
3287 69
1416 84
170|10
318 76
296 66
586 58
377 70
34 69
592 60
277 63
500 65
266 64
588 68
171|17
485 75
1220 92
1025 92
801 70
1259 97
1079 96
828 78
317 77
869 95
380 83
1136 98
1225 100
661 81
318 106
47 97
1198 102
1208 104
172|6
3087 64
3578 79
7438 77
2072 61
3793 73
2762 77
173|5
10 64
329 64
586 62
597 67
588 72
174|14
553 74
520 59
224 65
648 74
161 78
317 71
158 68
780 78
315 61
485 59
282 69
440 75
350 77
10 68
175|5
531 72
8911 70
43904 35
38388 86
8362 59
176|8
165 79
434 72
39 76
368 78
380 78
780 82
47 85
471 76
177|20
42002 60
91542 70
6332 48
3668 73
45672 59
783 60
27706 65
2657 65
114662 70
1206 79
83132 78
5218 71
508 72
3114 74
1321 68
2176 76
8798 75
88140 69
2012 66
339 61
178|16
7361 90
527 92
2329 90
5995 87
6502 85
4235 88
1198 92
208 63
6539 82
296 92
349 76
10 76
4226 88
1240 84
2579 81
318 96
179|14
367 74
589 84
161 82
231 65
288 66
743 54
1061 79
317 74
786 72
592 71
671 71
296 82
434 70
364 88
180|5
1261 82
260 81
1748 76
1242 78
2140 69
181|20
157 49
593 72
596 65
353 60
539 69
516 66
132 59
169 45
25 61
31 57
542 55
6 61
707 51
185 68
464 49
502 51
415 56
480 74
592 57
344 59
182|20
4879 70
6969 70
3911 75
2728 75
4313 66
8042 93
1291 81
3113 59
3578 79
1590 60
161 69
4452 46
224 75
4980 60
4262 77
2353 66
2890 73
1127 73
541 84
6041 73
183|12
480 83
380 75
1196 81
2951 78
2534 38
4085 69
1287 77
2194 80
3247 64
1233 83
2662 69
1408 75
184|20
158035 70
181413 70
193565 70
97304 83
74754 61
168250 78
191005 70
106072 71
166291 87
127152 89
86332 76
80463 85
5816 78
122898 62
81845 86
5810 72
170813 57
174479 70
112852 86
148626 85
185|10
1685 70
2396 75
5377 75
1721 67
5952 80
1393 70
595 72
2085 66
4995 79
899 81
186|20
2605 73
1214 89
1291 94
3745 77
1269 90
2527 79
2532 63
4361 86
1307 89
2968 86
4306 90
2541 77
1702 64
480 89
1097 89
3977 65
919 89
3527 87
593 99
1196 93
187|20
26122 70
3949 78
49272 79
231 58
1206 81
6874 81
1729 71
1209 82
48394 75
6502 79
2701 45
4027 78
288 66
2542 79
7153 83
39427 52
6890 76
1222 82
8949 75
1748 80
188|10
2346 74
1212 96
594 88
1282 90
3469 85
2396 89
1091 60
3341 88
1264 98
2206 88
189|5
48516 85
4993 82
79132 82
2959 87
58559 83
190|14
6711 83
4776 77
8784 74
4995 82
5630 69
4306 79
30749 78
1221 85
4975 70
8961 78
858 87
8464 74
69844 78
7438 79
191|17
496 70
21 80
72 69
175 91
494 77
417 86
17 82
6 84
85 84
292 69
314 78
58 88
235 80
213 64
161 76
160 53
162 93
192|5
356 90
288 61
316 69
349 78
432 65
193|7
44555 75
55442 75
4878 73
6016 76
307 71
1270 72
5618 76
194|5
163 71
1396 70
1500 72
1288 81
5060 76
195|20
3424 79
2770 56
1041 87
1653 77
1923 70
3160 70
4723 48
1863 50
2336 74
2166 54
4308 69
1909 66
260 82
2028 80
3252 72
2908 75
1392 65
1365 66
70 68
190 47
196|7
70286 78
3578 82
59315 74
58559 82
364 85
1214 79
110 86
197|7
1513 60
1240 81
1882 44
786 63
2167 69
153 60
1784 76
198|20
3894 70
3499 77
920 72
1213 80
3949 75
1994 68
1485 63
2572 71
4019 72
1089 82
110 82
593 84
4128 71
1270 78
4886 75
1079 77
2117 74
912 82
1573 67
1682 72
199|20
5464 65
2165 57
2280 49
736 48
5673 70
349 61
5502 62
482 74
8532 70
1172 76
300 64
50068 70
4881 74
3175 67
7445 62
2973 75
34338 65
41997 71
1956 73
377 60
200|20
3809 75
7022 86
50802 55
3968 66
2485 64
500 72
5610 47
590 82
1029 72
53996 75
2572 80
4993 89
4041 76
57640 83
1302 78
1784 79
6383 53
1653 87
1569 77
1517 75
201|20
1748 86
1527 82
1584 86
2858 93
339 79
589 94
2717 68
994 97
788 67
1196 94
2797 88
733 85
1259 93
2174 83
1198 99
2455 82
1569 78
1213 96
160 67
24 79
202|20
3329 70
924 83
29 84
2289 82
1197 88
1196 85
2966 80
161 74
608 88
1209 86
1296 81
3194 73
1784 76
469 79
923 83
2000 77
1587 70
1719 93
3147 85
32 83
203|9
56174 72
8665 78
2407 68
5952 85
590 81
49272 85
40815 79
333 79
296 90
204|17
1136 89
3949 84
33794 83
48394 80
27075 70
1080 85
79008 89
6104 92
8874 86
81591 77
4878 85
91658 76
711 62
2313 81
86320 77
55820 84
5218 78
205|6
912 82
99114 80
91542 73
5816 73
95167 70
96079 77
206|5
36 86
608 92
733 80
140 72
141 78
207|5
2991 63
2428 45
2707 57
3740 67
100 49
208|6
1210 77
2628 59
380 63
2353 63
2278 67
2762 72
209|7
60684 81
1291 87
68157 86
74458 85
185029 87
122886 79
88125 81
210|20
123553 70
34405 91
166203 70
3147 93
31696 76
7649 63
58559 96
2105 76
6365 77
34397 70
4625 50
84772 77
122926 94
76093 91
62836 70
33493 83
1584 83
47610 85
108932 87
122918 89
211|18
58559 86
63113 73
90405 67
57669 87
60684 79
7153 85
73017 79
2105 68
4367 61
356 85
2642 48
1556 36
318 91
44665 79
85414 73
1198 87
1136 85
260 86
212|20
170697 70
122920 70
122892 67
2571 77
5218 68
48394 71
3578 74
1196 77
135143 68
74795 63
179401 62
79132 78
77800 79
108932 72
110102 73
96821 75
8874 77
65261 77
59784 68
2291 71
213|17
3285 67
87520 50
80363 58
76251 79
8957 70
2860 57
1234 88
5419 68
51935 84
69844 85
39446 60
4132 52
858 93
69526 55
4558 61
49530 81
58559 91
214|5
83 70
628 59
743 40
1363 53
802 56
215|20
1172 87
4973 86
63082 82
1291 83
2028 82
3252 77
3210 72
1968 77
1247 82
49272 83
1089 86
72407 56
5650 74
318 88
1208 87
2000 75
1197 87
1196 83
1297 75
4019 77
216|20
104 66
21 72
3996 76
3946 50
2946 64
3993 66
3897 74
2599 74
34 73
3994 63
4034 79
3363 74
1965 69
3422 64
3555 64
3253 69
2087 72
3986 53
2018 69
1923 70
217|20
1867 70
3434 70
1275 73
2468 40
3197 48
1912 73
2302 59
1876 52
380 60
1221 70
2471 51
1918 52
1385 46
3165 58
1590 47
1562 38
1703 47
2056 70
1831 36
160 56
218|6
2657 64
2692 71
1380 62
1198 79
6934 54
5349 64
219|20
60072 58
2115 68
59315 71
6539 73
442 52
30707 74
1704 77
180 66
1219 75
1005 43
27773 75
56156 59
6188 67
6721 61
30825 57
2997 75
1552 56
1500 69
2890 69
1921 76
220|20
3996 85
733 80
1198 95
3994 75
6539 84
1258 90
1917 66
4545 72
33794 84
165 79
71264 80
4623 76
53464 52
5218 80
6365 72
3751 77
32 89
1036 87
5502 71
1591 60
221|20
4338 70
7013 89
8529 72
1080 86
3246 87
2871 85
1208 93
7063 92
2702 64
4029 85
5954 83
2352 79
922 91
2997 87
1278 89
2858 87
1212 90
1959 82
1961 83
3671 83
222|20
81831 70
100498 40
48516 76
1249 73
99813 74
91529 71
59900 52
93287 71
1721 60
2706 61
3273 48
2411 52
64622 68
7143 69
87869 65
778 73
30825 55
42011 41
673 52
64839 69
223|15
55854 70
6711 72
1 65
736 49
1961 67
457 65
2716 65
48394 65
608 70
8784 64
48516 73
3863 54
4306 67
260 71
2683 55
224|11
3496 70
3044 80
356 92
2915 78
289 68
3668 85
1270 88
2797 83
1721 76
2716 84
1259 89
225|15
2423 80
1285 79
588 84
1717 63
2791 84
1321 74
1136 87
1197 91
1753 78
2004 75
2371 68
1407 72
785 73
1060 79
3024 64
226|20
6938 70
32666 70
3552 79
542 48
1240 79
3098 79
2804 79
3668 77
3653 78
2231 79
145 63
2253 50
3052 75
2628 64
762 52
53129 88
4816 74
16 80
2144 76
46948 64
227|19
46976 80
52319 81
81845 86
109487 86
134130 83
215 85
48738 85
47099 82
1196 88
32587 83
912 89
55721 90
1682 81
750 92
778 87
40629 77
97913 79
70286 84
150 77
228|5
2571 88
1373 62
362 78
318 96
3113 64
229|13
34 81
589 82
377 80
45 74
587 81
5 67
475 88
442 69
597 75
364 86
213 53
110 88
527 85
230|20
34330 70
52715 70
47 67
7438 65
527 67
3147 66
45499 56
6537 54
2291 62
1387 62
6863 57
1485 51
595 57
4022 61
2096 55
588 60
4034 65
1676 57
8644 59
2641 53
231|5
92259 87
858 87
593 86
1198 86
109487 82
232|20
31867 70
41769 70
57526 70
70336 51
8644 69
1586 56
44972 46
4019 75
43928 38
30883 30
65802 58
8376 65
39292 76
1035 76
66198 63
66097 75
32011 44
6564 49
7451 76
33164 38
233|20
48394 65
3751 61
48516 73
1721 60
356 71
106100 67
162600 62
608 73
7153 71
134214 61
57669 72
122920 63
2329 72
4239 65
7371 73
3977 48
3147 71
3948 58
49272 70
5418 65
234|20
2616 64
2140 77
172 60
126 48
1562 50
4519 70
153 68
2710 59
3624 67
3483 67
1391 68
438 67
1460 75
2987 74
65 54
260 91
1359 60
3175 78
588 85
2080 74
235|13
480 78
736 69
500 69
454 74
592 63
235 67
595 76
32 76
527 81
648 69
223 74
588 75
377 74
236|30
1214 70
1278 70
1345 70
1350 70
1387 70
1388 70
1982 70
1997 70
1998 70
2447 70
2459 70
2490 70
2496 70
2502 70
2505 70
2542 70
2572 70
2580 70
2596 70
2598 70
2606 70
2657 70
2683 70
2694 70
2718 70
2770 70
2806 70
2858 70
3024 70
3052 70
237|10
32 71
4254 38
94959 67
293 72
1371 54
1193 73
7361 74
7980 70
43936 52
1374 67
238|9
4954 77
3528 76
4265 61
4901 72
4238 68
593 86
4499 84
4957 49
1193 86
239|20
58559 90
5459 65
4085 76
380 75
95 60
7445 78
608 89
7147 84
6378 80
2115 81
4896 83
36529 80
3994 78
33679 73
47 89
590 83
4022 80
208 65
733 78
51662 80
240|20
368 82
543 75
480 92
367 80
810 55
500 83
546 49
110 97
173 66
1 91
542 66
104 81
34 87
174 67
204 57
225 85
383 71
262 90
434 76
420 67
241|16
81786 70
71899 89
527 86
1206 84
1193 86
99114 82
100714 34
8981 77
53123 85
116897 85
56367 79
3910 80
106782 82
115569 85
4235 84
48780 82
242|7
39 68
380 70
231 61
457 80
592 68
454 74
111 80
243|8
112 80
353 86
62 90
588 91
193 59
586 77
181 56
376 79
244|19
3090 91
1049 70
110 82
257 68
165 73
151 75
1090 81
3755 66
2278 73
648 71
1580 72
1957 80
1610 79
1196 85
3256 73
1573 70
1242 84
3753 71
2243 72
245|5
3196 58
2739 58
3114 56
3274 50
1361 54
246|20
1304 92
616 79
1680 85
6016 95
3081 78
44191 90
60684 87
4973 96
1732 92
1298 86
53125 77
2291 85
2692 92
293 96
4011 95
5013 87
60069 92
48082 90
82202 61
95167 80
247|20
48516 80
593 80
2858 76
49272 78
1961 74
44191 74
527 80
116797 75
68358 74
122886 71
480 70
223 74
1265 74
2078 71
1198 80
1682 72
6377 76
1089 80
953 76
919 72
248|11
4886 77
1198 83
166528 78
176371 73
316 66
147374 66
102903 67
189333 74
122912 77
58559 83
5218 73
249|20
110350 70
102903 74
2167 72
94959 85
84601 72
2395 74
97306 75
3408 75
89047 70
91500 76
91542 80
40815 82
69844 83
904 91
46723 77
3826 55
68791 75
88812 66
67695 72
50 92
250|6
1282 89
2407 76
318 103
1597 74
1246 91
8880 74
251|5
142115 98
293 95
356 96
318 103
1089 98
252|8
164179 84
89745 85
6377 87
164909 81
1682 81
166643 77
143355 72
78499 89
253|10
44555 93
916 97
608 95
2300 89
7099 87
4217 75
26366 70
1192 103
4642 97
3363 88
254|20
46578 85
44195 85
207 77
49278 73
6333 78
780 71
110 84
1210 87
49272 86
27846 85
32587 81
2571 87
44929 84
47 85
293 87
1580 74
5995 85
32 85
592 74
48394 78
255|9
1270 56
4467 56
2023 49
3501 34
1663 52
1394 54
3392 42
2542 56
2915 50
256|20
3247 71
88744 82
377 84
4973 95
53972 75
118696 75
95441 69
104841 83
71535 82
2953 61
81229 77
53121 62
30707 86
2571 93
68791 74
170 78
6942 86
90405 72
6537 69
33493 80
257|5
1500 75
594 76
2502 81
494 74
2406 71
258|5
4995 84
7147 80
72641 78
76093 81
47099 80
259|6
508 67
5945 59
1784 67
4886 70
1356 68
1584 66
260|20
7361 81
3556 72
162 84
903 79
5690 84
6337 72
4878 76
5617 77
342 68
5219 58
2997 78
8011 78
1206 80
3317 78
6709 61
8874 76
2348 73
3822 76
2959 84
8645 78
261|11
3897 80
16 82
2060 69
296 89
2723 69
1682 77
4085 72
2194 81
7361 86
4238 68
58559 85
262|12
708 61
539 65
457 72
322 61
339 62
85 69
26 68
17 65
213 46
273 50
593 77
728 61
263|20
223 80
150 80
500 71
2987 72
2953 54
110 85
4226 83
8370 78
1197 86
7458 70
708 71
1111 80
2125 76
6942 78
5013 79
163 75
457 83
8636 77
1967 78
2085 69
264|12
7841 85
1376 69
151 70
5816 72
1907 73
1320 62
1917 58
150 71
3578 78
1090 77
253 73
1876 59
265|20
3807 70
316 63
253 71
1302 67
724 59
1240 74
3504 76
230 65
3831 72
1956 75
3098 69
529 73
1270 75
3791 58
1177 76
2322 62
1488 62
2474 66
1198 80
1962 68
266|20
476 70
2812 70
2700 77
2278 73
24 59
2770 59
2702 57
64 47
1405 56
2580 78
1527 74
2167 64
457 72
1580 66
2300 80
1923 72
2094 63
132 56
2571 82
2097 58
267|12
2858 90
593 96
1175 90
3006 83
1302 80
3999 55
3113 66
1093 75
589 90
2571 91
923 89
3996 86
268|20
1641 70
587 61
1125 68
1911 53
2802 57
1036 72
1370 64
50 80
2064 74
1784 68
1912 74
1966 69
454 62
1234 76
2247 57
1394 76
2829 60
802 61
260 79
2858 76
269|6
724 68
743 54
95 67
1 86
63 64
648 77
270|8
661 58
62 65
79 49
628 61
14 62
1356 66
141 63
25 64
271|9
3897 69
32 73
2791 70
969 71
6787 72
2858 72
55765 69
1320 57
2288 68
272|7
177765 70
1240 74
51662 70
122922 71
49272 77
158238 70
6365 63
273|11
440 84
593 100
500 81
608 96
223 89
111 93
150 92
21 82
466 66
235 81
520 72
274|20
50147 70
2947 76
3037 81
1645 73
4951 67
2036 50
1359 57
35957 63
553 76
76293 60
3918 68
1503 48
45431 67
4816 68
54999 68
5667 70
4876 47
56805 66
1921 75
54004 71
275|20
1784 79
2289 86
5884 70
1171 77
357 77
1912 85
2539 69
235 80
4886 84
2572 78
2355 79
3253 79
1192 100
926 92
111 91
2100 68
3089 92
1393 78
1719 97
1392 74
276|9
673 78
356 107
466 73
104 89
631 74
648 91
2 93
1367 79
344 80
277|6
637 71
736 75
656 61
1 91
780 80
260 95
278|5
2371 69
1347 70
4002 80
318 97
2369 60
279|20
134130 75
1101 65
166528 75
90405 62
61132 68
79132 79
56782 84
97913 72
1608 63
4226 80
59315 72
88129 71
54286 71
1258 79
8665 72
58559 80
4993 79
8376 62
107406 67
1200 77
280|20
92535 96
344 67
262 86
3146 53
4239 84
4447 72
8638 83
919 83
72641 83
86817 56
8368 88
49530 80
6863 73
35836 77
55052 79
54503 86
4246 82
48516 93
1911 63
3916 81
281|5
46578 72
8361 55
35836 63
3897 70
3861 55
282|20
5995 88
3977 59
3263 69
25 78
6708 79
2683 69
4718 65
6711 90
5481 63
6863 72
5669 80
3752 70
588 82
80463 87
1921 87
1193 90
4369 66
48322 95
1194 83
784 61
283|7
1580 64
39 62
1704 72
356 76
586 58
2082 50
805 67
284|18
474 83
173 61
2 82
296 85
15 70
348 75
248 68
318 94
47 85
353 79
275 39
44 57
339 80
367 76
276 74
165 80
637 68
235 75
285|8
1193 82
949 77
1247 79
6978 58
113207 70
4447 64
441 76
296 84
286|20
454 74
778 82
5989 79
1333 76
165 75
500 71
7438 79
2294 64
4993 83
4995 82
7361 85
70 73
4980 61
1258 83
4963 78
1097 78
4848 80
539 72
377 73
110 84
287|20
3160 62
3578 62
223 59
2633 57
1059 59
586 44
3005 43
532 45
1193 66
2599 59
2028 63
1485 47
3826 38
2081 56
8949 60
2012 52
101 64
4034 62
2422 31
2115 55
288|20
4473 70
4966 70
1008 70
2867 72
42015 61
141 60
2571 77
13 67
53519 61
2407 60
5418 70
3916 67
2347 37
2528 58
30810 66
575 50
32587 73
587 58
2517 56
8361 57
289|24
3 70
16 70
235 70
266 70
594 70
708 70
750 70
1080 70
1101 70
1208 70
1220 70
1258 70
1917 70
2012 70
2174 70
2710 70
2797 70
4322 70
6125 70
6327 70
6453 70
7025 70
7028 70
26704 70
290|20
1228 89
1299 86
2494 73
2739 87
608 94
2130 79
908 92
341 70
1447 78
342 74
1056 68
1719 98
953 89
928 87
1394 90
2648 72
475 97
2731 87
1357 90
2385 46
291|7
40815 92
122892 86
106489 80
134853 94
7153 100
88125 93
1 95
292|20
520 66
103339 58
122900 70
4896 74
2291 72
474 68
85056 62
46972 63
95167 68
164909 75
3176 67
3476 71
1608 64
31221 40
1101 66
3985 65
3984 68
1017 64
69844 74
231 60
293|5
1682 58
1673 63
344 50
1617 63
1097 60
294|20
416 38
3869 60
1064 53
2794 48
610 61
2133 54
1391 50
3868 59
1129 57
520 55
3387 38
355 33
2378 52
3693 41
785 54
2193 57
2367 48
2458 48
348 61
3501 40
295|9
1221 83
3198 78
1287 79
1213 83
4351 66
1198 84
858 85
318 87
2329 82
296|6
160848 70
2028 87
169034 70
4144 86
50 90
2324 89
297|15
832 51
543 55
1645 54
111 66
454 49
1089 67
6 61
1249 66
1047 50
1370 52
1488 52
150 54
170 53
1092 51
866 66
298|20
57640 53
95510 46
6811 42
8370 54
8807 51
63131 47
6881 46
3785 42
122900 51
103042 46
6294 35
2167 47
2005 53
6006 44
653 45
55995 36
3018 49
69757 53
103772 47
3825 40
299|5
3793 81
1387 88
188 77
1198 92
1214 85
300|32
318 70
356 70
527 70
593 70
1172 70
1704 70
2028 70
2324 70
2329 70
2571 70
2762 70
2858 70
2959 70
4848 70
4973 70
5995 70
6016 70
6711 70
7361 70
8950 70
48394 70
56174 70
63082 70
79132 70
81591 70
92259 70
99114 70
109487 70
112183 70
112290 70
112552 70
112556 70
301|20
21 68
357 67
2490 65
6711 78
589 75
8949 71
837 64
3948 63
364 75
527 80
5989 74
4963 72
608 79
292 64
3578 75
3897 73
4226 78
3753 65
1393 67
1792 59
302|7
480 83
14 78
3 73
25 81
648 77
707 67
110 90
303|11
5378 61
3703 79
1127 73
5544 78
1196 83
3471 77
1580 71
1394 80
2683 64
920 75
1358 75
304|20
314 87
2571 88
2433 67
10 78
1376 76
480 86
1373 64
1777 74
1270 87
1517 76
151 83
356 93
208 65
474 83
1214 84
1375 73
640 62
1722 66
185 70
2701 47
305|20
74624 70
140627 70
87869 79
919 81
1197 92
106100 84
138210 77
788 58
7482 84
80590 64
103075 74
903 87
6537 67
93840 83
54736 81
592 77
2288 85
58803 79
55276 86
1272 89
306|20
5784 42
68954 75
69644 52
6377 75
95543 61
81847 73
111743 58
85367 68
168418 74
167018 67
72998 67
122904 72
69406 64
85788 48
4963 72
115664 68
134368 66
112852 76
161634 61
133419 64
307|20
2190 70
4181 70
31424 70
49314 70
5010 68
7845 56
3392 44
1220 68
6793 31
6483 17
2332 23
56003 47
1991 44
3273 46
4876 42
3421 68
1409 39
413 48
4447 55
52867 70
308|20
2959 57
45517 44
96821 53
72998 48
318 55
2 40
904 54
589 50
8961 50
56152 47
56367 51
5618 54
36 46
410 42
79132 54
4993 54
8464 48
1221 54
2248 49
6 52
309|20
2202 85
1645 69
898 87
1682 72
296 82
1089 82
1269 77
7153 79
6947 69
8340 69
1104 89
7218 70
25886 70
1219 76
8154 85
971 79
1944 77
6365 63
1262 80
2762 75
310|13
6863 68
6947 74
1101 67
6503 51
2524 78
2457 75
5899 79
733 68
246 87
3254 67
1223 90
1080 82
2671 71
311|6
6561 70
5992 48
1517 43
6461 48
1407 40
2706 43
312|20
5816 76
1375 69
3499 82
589 82
2454 69
1358 79
4878 83
4103 82
3793 77
2028 85
1371 64
4121 68
2366 77
2747 60
4105 78
5446 67
2699 60
2529 82
1350 81
1356 78
313|20
4980 59
170 67
3917 66
2455 69
5544 76
541 80
2193 68
2000 73
6 77
1968 74
1089 83
1301 74
1240 77
3175 70
4865 71
2005 73
2167 64
1375 65
2087 72
2530 55
314|20
7 54
1042 55
44 45
165 62
457 70
293 67
597 62
329 59
442 54
26 68
830 57
728 60
618 70
107 59
536 45
10 60
1376 60
153 52
208 50
150 68
315|7
1262 70
2729 64
2529 68
2067 72
2553 60
909 66
902 68
316|11
1748 68
253 68
3968 54
158 52
5445 65
3751 62
7438 69
6874 72
48 58
3882 50
2572 66
317|20
133115 70
73321 65
91529 77
74545 72
7445 69
1213 81
48774 75
4262 75
1884 78
5989 76
3578 78
4011 80
68358 75
1208 84
72011 70
3897 75
3499 77
96829 81
116797 77
56782 85
318|20
26713 70
81191 70
90245 70
111817 70
127180 70
145080 70
150696 70
7445 72
1090 77
116799 76
82459 80
48385 69
2294 66
64839 79
88125 78
109487 80
4021 94
33794 79
54286 76
89753 79
319|7
115617 86
6377 89
356 92
136864 48
1221 94
122904 85
110 89
320|5
72998 66
71535 68
31184 68
59315 68
1013 60
321|12
587 81
356 85
160 68
592 65
597 72
780 78
339 76
355 55
410 61
3 69
500 73
457 82
322|20
2882 35
1968 66
2542 70
58559 70
2788 70
2146 60
2617 56
2918 67
778 69
2599 65
4027 67
4993 71
1230 69
51540 66
1 71
1617 71
1923 63
4010 61
11 68
1035 71
323|20
377 63
480 67
356 72
1094 58
161 65
115569 68
1198 73
29 66
551 59
22 61
318 76
112183 57
253 64
111659 47
3257 52
260 72
150 68
329 58
342 59
266 61
324|5
2764 77
3972 72
3864 30
3949 69
3897 68
325|20
2848 70
235 72
2986 51
262 74
1573 66
2596 68
1584 70
1217 85
1676 66
4714 6
3770 47
3261 68
2894 70
2155 67
1279 79
1614 58
3994 67
2268 73
2915 68
5008 84
326|20
8665 79
47610 77
20 59
2858 85
86882 77
5418 79
4973 89
133771 82
48774 82
2324 88
1293 83
2692 84
72605 66
70159 56
54286 78
5446 68
6591 93
4226 87
105844 76
31410 81
327|10
3301 80
150 87
858 96
1923 82
51255 90
48516 94
1304 92
765 70
6888 48
2706 80
328|20
2687 57
112852 67
70286 65
1196 69
457 68
364 69
80463 66
3489 59
318 76
595 65
5349 59
2542 68
1219 67
35836 58
3751 59
79091 62
7153 69
596 62
2398 67
1148 71
329|5
130482 70
136850 70
858 53
1884 48
750 54
330|20
5378 61
316 63
1639 72
2918 77
919 74
3949 80
3535 79
5349 73
380 61
1676 68
2502 84
3703 75
1682 77
2683 66
1206 84
1721 66
2791 77
2081 71
8874 84
592 68
331|20
8874 81
6157 53
88125 75
6539 76
3897 78
4446 66
7361 84
50872 76
4995 80
4306 76
6874 81
5502 65
3911 73
608 82
4447 64
593 82
3751 69
8665 75
4367 59
2959 86
332|20
47 78
1653 79
1258 79
316 64
8983 70
431 71
97757 70
2291 72
1835 65
356 79
5502 63
4308 70
1203 82
1682 72
1249 82
76251 69
2905 92
318 86
2294 61
32 78
333|5
3785 50
3752 53
3616 53
3615 52
3646 37
334|20
55820 69
1196 73
1580 63
1291 74
3996 70
589 72
30810 62
4027 70
1 71
64957 64
1625 65
50601 46
44195 73
27416 71
6867 68
2997 71
293 73
480 67
5378 55
51935 68
335|6
780 69
592 70
356 84
296 85
2699 59
2001 65
336|12
1267 92
1 90
38798 70
33660 86
1784 82
2001 73
2268 86
293 91
1625 82
4886 87
50 97
150 86
337|16
318 106
47 97
16 95
805 90
1393 84
266 88
667 59
168 83
784 67
65 60
110 103
708 83
25 88
1356 91
277 83
786 81
338|8
189111 70
190207 70
190215 70
190219 70
7153 71
593 75
187541 52
185029 70
339|20
72641 81
5445 79
84152 86
96079 83
106072 71
69122 79
5617 86
41285 79
56869 70
48322 94
65216 83
91630 76
86504 87
91529 86
83613 63
4993 89
3470 92
102407 73
2028 87
5952 87
340|28
10 70
110 70
150 70
153 70
161 70
165 70
185 70
208 70
253 70
288 70
292 70
296 70
316 70
318 70
329 70
344 70
349 70
356 70
454 70
457 70
480 70
589 70
590 70
592 70
595 70
648 70
780 70
1356 70
341|11
2335 70
3624 68
130087 63
1370 74
135137 59
117529 68
5459 63
45672 65
1 82
47099 82
4025 64
342|14
2683 59
2598 56
2881 60
2369 49
1268 72
2605 58
2599 68
1198 78
3157 57
3826 47
2428 50
2827 44
3863 59
1959 72
343|12
858 89
3000 87
48394 78
4226 87
4878 83
3993 77
2571 86
1617 85
31658 85
55363 85
55820 82
296 90
344|14
111362 77
380 73
316 69
2628 65
4226 83
2571 84
4014 76
2012 71
4034 82
260 85
2541 69
4973 86
5418 76
2712 69
345|13
1019 77
2539 66
926 88
5902 85
8810 55
344 64
5707 53
2366 77
56949 69
3649 51
6658 68
3489 74
412 75
346|20
3174 66
778 77
608 79
6711 79
6286 69
306 81
7323 70
307 74
3535 73
1212 80
357 65
3949 75
714 73
7937 77
7396 75
5878 78
1120 69
1131 74
3627 80
7115 63
347|9
434 64
590 76
39 68
150 79
454 75
380 70
587 76
317 67
457 80
348|11
318 104
2324 100
4368 49
1213 99
6016 100
2959 102
6893 92
4973 101
1221 100
1960 89
2019 99
349|8
10 68
161 74
589 78
381 72
349 71
231 60
588 76
509 71
350|8
852 65
7 57
637 60
648 68
733 70
12 47
858 79
661 64
351|20
88932 70
87222 68
73344 79
52579 62
2231 78
88744 74
43836 56
79132 82
597 70
58559 83
12 48
8914 74
8950 78
63082 81
6214 79
90376 81
84152 79
480 71
4878 80
1193 83
352|20
72998 76
71745 56
1801 77
34319 71
2600 80
65682 74
1080 84
79695 66
110730 51
38038 83
130490 68
97752 76
1214 84
94864 68
41566 74
56587 76
44191 84
114935 82
59315 79
47610 79
353|18
552 67
25 74
267 61
216 72
367 70
288 64
144 65
186 62
333 79
266 73
112 70
198 69
234 51
145 66
293 74
158 64
163 69
296 81
354|20
1610 78
4306 81
2692 81
3147 84
47 84
903 82
733 76
3977 57
1225 85
35836 72
648 73
44191 80
8665 77
1917 63
7147 79
1923 74
589 83
2959 89
4718 62
1196 84
355|6
316 74
1580 78
3035 97
3175 80
317 70
916 98
356|20
2248 82
52435 91
52975 79
7122 70
44889 70
1641 79
2706 75
4011 91
802 72
7323 80
2502 89
56367 84
1223 96
55118 92
3949 86
3996 84
1246 87
1466 82
223 84
7153 90
357|20
4354 70
8998 70
27329 70
2804 84
595 75
529 84
4663 53
4091 71
1224 88
1242 85
34 69
208 61
58559 89
6296 80
30793 68
1042 65
2100 65
551 76
471 74
2067 90
358|9
26095 70
605 57
5066 68
52328 76
2226 70
42728 68
7361 86
69844 79
36525 53
359|15
405 49
1092 61
1101 65
51412 53
648 67
296 80
1097 73
2396 72
2424 60
593 81
2701 41
2942 51
1682 70
2530 53
4995 76
360|5
1422 50
1620 64
1488 68
1711 66
1414 57
361|20
47099 67
1580 62
377 63
1552 54
49272 71
1263 65
53125 60
589 70
49822 58
8360 63
318 77
2529 68
5218 65
6188 61
2422 35
3082 59
1732 68
1370 62
46972 56
7458 60
362|20
1945 91
592 77
6539 85
51540 84
5989 86
637 69
70 78
7153 91
1252 93
44665 84
407 87
6874 90
2959 96
1196 91
1208 95
8961 85
48516 93
7438 86
356 90
1201 93
363|6
1552 53
1732 68
1517 61
296 73
653 55
318 77
364|5
858 90
9 69
783 78
376 73
1 91
365|20
59315 58
81229 54
128975 44
6874 62
90345 57
158872 54
129354 45
103075 53
135536 45
70286 60
112852 63
76077 51
112818 57
1777 53
6502 61
155820 26
541 63
95720 45
93270 36
135569 56
366|7
116797 81
59315 76
33794 79
91529 81
2028 84
122882 79
7438 80
367|20
926 95
3061 82
1270 91
1287 91
486 60
3536 76
3824 59
2384 68
3072 84
898 103
3618 84
3225 58
2248 86
3157 69
3969 82
3717 73
1259 92
4023 71
1196 94
1258 94
368|20
3753 55
2112 51
1944 68
2986 44
3869 62
1214 68
2947 65
415 45
3035 74
832 58
50 75
2819 66
1801 59
2490 56
1917 48
1391 57
2193 60
225 56
161 63
2881 53
369|20
1256 73
785 63
47 75
2706 64
839 56
377 64
52973 68
743 46
4214 55
5418 70
3863 58
1372 61
27904 69
60069 74
2857 56
1967 73
150 68
2011 67
1580 65
3174 66
370|19
4011 78
4878 74
8961 73
6377 76
2628 60
1748 73
2116 63
589 76
2329 79
7438 74
3977 53
1676 64
593 81
4973 80
4226 77
1240 74
1089 80
8636 71
2716 72
371|9
2571 99
112512 70
1258 98
4090 86
56715 103
3000 99
4226 98
4993 98
1748 93
372|20
335 70
924 75
318 84
1603 44
1479 59
589 76
81 59
387 45
616 70
337 72
1220 69
1201 76
165 68
1243 78
1258 74
377 70
1401 72
450 57
1206 75
1306 57
373|20
216 64
60 57
169 36
350 60
585 51
44 46
371 61
163 69
616 68
198 63
265 71
25 68
6 72
733 65
47 73
2 62
736 55
305 53
357 66
141 63
374|7
296 80
208 58
1219 74
480 77
592 68
1258 77
1339 66
375|7
344 66
1027 68
32 88
2628 69
3256 78
4226 93
500 71
376|20
91535 68
2002 65
1214 83
1101 75
2916 79
33794 83
1198 92
349 78
1371 67
376 67
1240 84
1375 72
4993 88
858 90
457 88
4226 87
5952 86
344 71
2763 83
2797 80
377|20
4942 70
2793 46
1262 93
2791 89
748 72
1345 79
5027 62
5113 69
27692 70
3421 81
6021 70
3364 78
2072 71
8641 83
2163 42
92760 70
2858 91
1503 59
2124 79
2015 80
378|10
33794 77
7153 82
48516 84
3114 77
858 85
68954 80
91529 79
71535 74
90600 74
364 81
379|8
318 80
377 77
19 52
292 72
480 79
367 69
597 70
344 63
380|20
60818 70
172875 70
172881 70
172887 70
355 52
6979 76
5476 35
2735 65
68194 93
63433 72
72356 94
105731 47
1833 68
551 78
6731 82
27831 85
1665 66
393 55
140956 79
2791 85
381|20
2085 68
1088 69
3253 74
185 55
317 62
27808 67
1240 78
19 55
3753 71
4321 68
72011 74
3082 68
333 74
2140 73
1385 58
2273 66
1208 86
457 77
104 69
2716 77
382|20
1204 98
142372 47
135532 86
1201 94
112171 83
1198 95
912 94
81847 86
4638 66
63540 36
1681 62
170289 70
103042 73
72737 82
2496 74
357 80
81537 64
59501 77
101362 58
4890 68
383|7
2436 81
2541 70
2496 68
1584 78
2558 50
1246 82
903 85
384|14
3527 69
1388 56
2683 59
2502 73
4333 45
3098 67
4396 55
457 74
358 52
968 69
2724 52
296 78
3991 47
1204 80
385|20
736 57
1080 73
249 76
1219 74
1036 73
1136 76
282 60
1073 72
1200 75
1228 76
1022 66
1007 54
1201 78
1246 73
344 57
589 74
1023 65
1287 74
594 68
1303 79
386|14
110 64
410 51
112 53
165 55
223 61
648 55
185 47
608 66
485 48
305 45
44 40
585 45
349 56
10 54
387|20
4393 70
5156 70
5780 70
7336 70
26124 70
40966 70
2712 67
5062 73
1247 75
5489 70
4195 63
7132 77
2946 61
1387 67
3000 78
51939 55
4995 72
912 74
7938 70
1783 54
388|6
6158 70
63239 70
33615 63
86298 58
62999 67
8360 69
389|7
17 91
140 79
628 85
762 65
743 60
95 76
32 96
390|17
6344 70
64957 71
4239 77
5220 52
1193 83
2571 83
9010 82
2291 75
5296 55
4226 83
7254 73
6377 80
63062 79
1206 82
2329 84
4014 76
1784 72
391|20
5575 70
500 60
3994 70
1213 85
516 61
199 74
4027 79
150 68
1408 79
4014 74
1527 75
1059 76
2916 72
4973 86
357 68
555 77
5026 83
4936 68
1210 81
3067 70
392|5
3004 52
2858 78
707 57
1198 81
1125 71
393|20
91658 71
102125 71
48394 74
36517 75
8636 75
110102 76
44199 75
5388 67
54259 72
4848 79
5669 74
1291 83
68848 72
86190 68
2571 83
1206 82
122892 71
106642 87
1625 74
106489 66
394|5
588 61
316 52
344 50
225 56
457 64
395|13
329 59
1025 61
296 62
160 59
208 52
173 50
485 51
355 48
520 52
595 68
126 41
48 58
367 62
396|6
1276 77
1597 58
1777 64
44 47
204 45
2081 68
397|5
4017 74
8645 78
1701 75
8228 73
6993 82
398|10
6408 70
1197 91
5971 87
7022 85
1198 92
60069 84
2455 76
1136 88
48516 90
82459 84
399|8
1198 87
110 83
5445 75
1196 84
593 87
480 77
1270 82
2194 80
400|9
608 94
356 93
2571 93
2959 98
7153 93
1221 95
3578 90
858 96
59615 66
401|15
5952 78
6297 69
55768 62
48982 69
166461 72
49274 48
50872 73
32031 58
79091 72
170939 70
38038 75
8360 69
3114 73
33615 63
1136 80
402|10
1084 81
597 78
52 74
329 74
296 80
586 70
315 65
1036 80
434 72
527 86
403|7
110 80
2427 64
3210 72
296 86
61465 56
1663 76
180 70
404|12
204 46
349 67
474 69
34 71
364 76
508 70
105 61
593 77
509 64
277 63
315 55
185 64
405|20
70708 70
293 87
7254 77
37731 76
2959 92
345 79
1213 88
7134 70
64614 83
6023 66
1241 82
2329 88
1247 84
3052 76
68237 85
1199 90
27592 81
27664 66
3418 78
1215 88
406|5
1586 54
135 54
56949 59
46972 58
724 57
407|5
7153 83
2959 87
6539 77
1240 79
54286 74
408|20
1198 98
122904 88
44840 74
165101 73
6618 88
1291 95
1210 95
89745 91
1278 96
7324 76
44 60
8641 86
115210 86
103596 41
68554 76
2571 95
109487 92
63131 80
80489 89
4649 85
409|20
2485 61
2490 73
2028 88
3812 74
1278 89
2997 86
296 92
1078 73
3016 68
1073 84
2683 69
2289 85
3846 70
912 91
2013 66
1911 61
2352 80
1230 86
2541 71
3174 73
410|20
389 70
3224 98
318 95
2302 71
4002 78
1060 78
4297 77
3263 67
1859 69
111 88
58 88
2145 72
3255 75
2321 73
3504 86
3948 72
11 82
4019 79
3 72
597 77
411|20
508 73
261 76
586 63
432 59
353 65
431 56
194 61
318 80
272 71
515 71
356 82
266 69
257 74
349 71
10 65
31 62
344 62
227 60
455 48
122 57
412|20
2828 20
2384 64
2915 74
903 85
608 89
2720 43
2858 85
1883 65
1307 83
1214 81
1784 76
2239 100
1 84
930 89
1136 84
2710 58
915 78
2398 82
17 80
1079 84
413|12
2706 84
1198 102
3753 83
2424 77
593 103
128360 91
4993 98
16 97
5574 84
3948 82
64957 85
2959 104
414|20
4458 70
4666 70
5285 70
5635 70
6033 70
6493 70
6563 70
6628 70
6797 70
48319 70
58879 70
169992 70
3802 45
3599 78
1600 81
8666 29
4975 71
7444 67
4081 33
177593 99
415|19
296 91
1213 89
4321 72
3507 85
4308 76
47 86
1021 54
111 88
2617 67
1276 90
3861 64
4369 64
99114 84
1221 90
63082 85
1234 86
45722 75
1197 90
175 88
416|11
5952 62
5951 45
531 52
1296 60
1199 66
1721 54
830 49
1206 63
7323 56
4848 61
3677 64
417|14
778 91
4995 91
4975 78
7254 82
1198 95
106782 90
27773 89
168250 82
1625 83
7153 93
74458 90
110102 86
48394 84
4878 89
418|19
356 81
296 89
63082 83
104374 84
1276 86
1136 86
117176 79
1573 69
137337 83
1682 77
5816 75
88125 78
74458 82
367 61
89745 81
45672 62
87869 75
7361 87
54001 81
419|20
4093 70
111 83
46976 78
27822 56
2858 82
319 76
6287 63
3578 82
1213 87
64969 76
47 83
79592 68
34319 68
89580 70
60756 72
27704 70
90943 70
2412 45
1240 79
52245 66
420|20
1161 88
4993 85
45499 69
923 82
26693 70
48385 70
1927 89
5608 81
2052 57
6934 63
7022 82
3979 53
59295 70
2329 86
54259 74
1131 81
2762 80
4973 88
5669 77
527 87
421|8
2858 86
909 83
5008 92
953 86
1178 94
2313 79
2478 65
1203 89
422|19
2539 61
2710 54
4947 6
4971 64
5039 75
4925 70
2581 59
4916 58
1265 75
2804 76
3053 75
2665 70
1283 84
4835 61
2908 75
3943 57
1213 81
2670 79
858 82
423|5
1653 79
110 90
2194 80
5349 69
1320 65
424|20
1193 82
141 67
2804 77
40278 73
608 81
108729 68
293 83
69122 73
1092 64
54503 78
58559 82
3186 70
66097 75
778 81
5679 65
3176 70
2288 78
2174 71
71668 74
112556 76
425|20
45517 66
377 66
2329 82
733 70
6 78
1645 71
8368 77
2081 70
4306 75
1680 73
1909 66
367 62
46723 68
1625 73
1036 76
4901 68
750 83
2353 66
1342 53
145 61
426|18
59784 66
150 80
471 72
337 77
54001 77
1197 82
6378 73
72641 73
4886 76
8644 66
37729 70
597 74
5444 72
91325 41
588 78
3247 63
4022 72
79091 72
427|17
4887 52
5463 49
5015 64
110 74
58 77
5528 67
6348 48
5312 50
2710 52
5696 43
4993 78
5266 58
2683 60
5400 57
5816 69
1208 81
5574 65
428|20
2471 38
2762 61
3827 45
1089 68
2953 37
2916 58
1380 50
1997 61
3440 32
4022 59
317 41
4255 36
1208 68
1391 48
6377 63
2581 50
260 65
3285 52
588 57
653 44
429|12
339 90
421 76
150 96
225 89
165 86
266 83
329 79
252 84
279 62
317 83
237 81
204 56
430|12
923 84
2987 76
3745 72
6287 64
2858 85
6365 70
2571 87
4447 69
4014 80
329 66
2076 83
4446 71
431|5
172 44
1625 58
1376 55
3948 52
802 50
432|20
1831 49
5630 69
6870 75
8640 61
6539 78
3916 75
5989 79
84189 70
110 82
35836 70
4886 78
2762 77
1206 82
49272 82
19 56
318 89
58559 83
69481 80
7158 73
33660 77
433|5
91529 73
1089 78
50 79
5299 58
110 74
434|20
1136 90
3147 84
1090 82
1265 81
5989 82
1101 69
1779 59
586 59
344 58
3863 64
1208 90
3160 80
589 79
780 59
6796 78
2791 80
4226 89
2194 81
8665 78
1291 85
435|9
2353 77
44191 88
485 71
3510 76
34405 89
2302 74
158 62
82459 88
48780 90
436|20
204 47
435 50
440 69
432 53
161 71
480 75
377 70
531 65
536 49
502 47
364 78
235 67
371 67
344 59
2 69
585 56
450 57
587 71
437 44
227 55
437|20
748 69
318 94
5 60
640 63
1299 84
1120 77
1396 75
1246 85
454 70
1171 76
1225 90
1183 77
1097 81
1307 83
1268 82
592 73
198 73
155 46
112 69
246 93
438|20
7154 61
2501 76
8966 58
27801 79
1527 73
6711 83
3898 26
1784 74
8644 69
6367 60
2424 66
3889 46
223 81
1517 70
7361 84
2641 62
5009 64
2617 65
3753 70
2393 66
439|5
356 83
4022 75
7153 84
78499 83
1240 80
440|7
8690 70
541 84
29 81
1653 82
1274 82
3174 69
1235 87
441|9
589 91
2683 75
2959 101
4306 90
260 96
296 101
51255 94
47 94
68358 91
442|5
2908 27
2881 23
1186 24
3752 20
4361 24
443|8
2329 91
79132 89
296 93
48394 81
106487 76
108190 61
7153 90
63082 88
444|9
356 85
592 70
208 59
21 75
111 86
110 83
235 75
296 88
344 63
445|16
2028 81
590 76
34405 79
47 80
116897 82
780 66
4011 83
899 81
593 84
33794 77
1080 79
45722 70
17 77
1230 80
306 85
2710 55
446|17
237 57
339 63
300 61
296 70
480 70
368 62
288 55
172 46
17 65
16 69
357 66
150 71
434 57
153 55
648 63
593 76
337 68
447|16
257 79
293 76
337 80
531 72
382 67
589 85
552 70
253 78
362 79
532 65
292 78
31 70
474 81
540 60
442 71
160 68
448|373
2368 70
3284 70
3933 70
6302 70
6476 70
7245 70
48262 70
49688 70
75803 70
75816 70
78116 70
79590 70
86593 70
92198 70
98908 70
100326 70
102819 70
104760 70
108715 70
109191 70
111680 70
113416 70
116207 70
116985 70
129657 70
130083 70
133377 70
136654 70
138546 70
142424 70
151777 70
152658 70
157130 70
158022 70
161290 70
164375 70
53996 61
136778 70
5418 68
288 63
88356 35
2580 75
155358 70
2889 75
4034 76
148888 49
81156 75
2713 48
103335 66
95441 57
34048 57
80126 64
3057 70
1057 66
2794 54
33830 6
8665 68
6059 62
110553 48
90374 77
151501 70
3764 41
6143 70
103819 28
4361 71
104913 66
3986 50
5528 66
1196 76
105351 49
83349 56
3276 70
1090 76
5349 65
587 64
106330 36
4677 61
95508 70
109895 36
110611 70
671 64
2289 76
152077 67
80693 58
111360 52
170 62
87444 61
94323 53
8493 52
3671 72
91653 66
4981 70
2991 68
78034 70
119145 70
5099 43
4299 61
2567 54
6996 24
109864 28
6582 52
73017 70
370 57
543 67
115617 70
590 71
154065 70
5553 57
41569 59
3286 33
6645 71
589 75
1920 53
2857 57
111663 59
78499 75
2657 65
6537 54
1148 80
46974 49
48516 76
80241 62
445 55
4262 71
3689 28
114935 70
6428 66
127194 70
109673 51
127096 69
89388 70
4156 70
3793 67
33679 61
2014 55
64285 75
3968 56
49530 67
3450 55
160563 58
5502 60
8169 67
6314 34
122490 70
3386 68
140725 65
4896 70
2642 44
127136 75
2763 67
2520 70
457 74
48783 66
3263 57
5400 55
5541 55
4011 76
58351 70
127132 70
152091 62
3698 64
435 45
4799 57
84152 73
3401 49
2858 77
3174 60
7076 70
106542 70
6218 62
2860 49
1283 83
3618 66
2616 53
90439 68
2404 40
4660 70
2530 54
26386 70
4327 68
3030 82
71464 60
32 76
91529 72
4158 48
99114 73
98585 63
93326 50
2268 71
80489 70
130576 43
105504 74
2791 74
50601 46
7007 65
4234 59
3623 49
80727 6
78467 31
8641 68
4128 69
106782 72
2537 39
112138 66
3247 55
112818 67
2027 39
3101 59
5779 70
82202 49
1704 72
98296 70
6863 60
89305 58
4203 66
1201 79
6212 35
637 57
84954 58
6814 70
94864 57
67695 60
159077 70
92439 74
6812 34
3156 49
802 63
118354 70
134130 71
138036 66
65135 70
52975 67
4368 40
90717 62
45722 64
79259 70
68157 74
4233 36
74458 73
3258 56
1262 79
3949 72
101025 46
69526 45
1831 41
1083 58
1884 72
1476 67
156609 49
3755 61
111659 51
4734 57
161 67
95201 70
135887 62
2598 51
87232 67
4634 6
5334 42
5459 53
146730 70
72694 70
157432 70
132488 70
4558 50
1375 64
6424 70
71518 62
2716 72
94780 51
3593 24
129354 53
158 51
1409 52
6514 70
2881 58
51662 66
90522 58
68554 60
2126 49
122932 70
93510 70
137857 71
125916 6
2953 47
2090 64
1760 26
480 69
58803 68
2109 65
50792 35
46062 26
85510 60
80864 70
112171 68
122900 65
2587 51
1527 67
117529 58
4993 76
92264 54
5247 46
533 55
912 83
26464 70
2249 62
4678 63
103772 62
114601 65
96861 62
420 48
59615 54
2349 73
109372 6
95207 53
348 74
19 47
136020 57
4502 35
91094 53
138208 59
3511 37
79428 63
2643 37
109183 70
2139 69
4212 70
5942 58
96417 58
112852 73
99728 64
89470 66
142448 61
64983 59
2640 72
2046 59
4881 73
3882 52
3744 55
1032 67
116799 67
5 55
4040 45
157407 70
2115 67
1617 79
4367 51
105254 70
3388 47
3760 71
2146 64
2968 70
6281 57
466 51
96448 45
86332 65
64969 65
115170 70
1036 72
3397 66
2474 67
1408 71
155743 70
106920 73
8542 66
120466 63
2051 31
7143 69
7150 52
89087 52
34150 51
2253 49
2973 76
449|8
1917 55
2502 76
4034 75
1222 77
2770 56
762 47
2011 64
2324 79
450|11
3977 62
589 88
110 89
3363 86
3535 83
3948 74
3409 64
1035 88
3568 70
358 62
1259 89
451|7
733 78
593 93
7 66
5 66
494 79
25 79
17 82
452|20
4025 77
2858 102
2617 80
5292 101
1206 103
1676 86
3219 82
47 103
3101 82
163 94
1092 82
1917 76
2126 69
1356 97
552 81
2628 80
1200 102
608 105
2707 87
3273 66
453|20
208 67
858 95
2335 73
4022 82
3618 81
1617 91
3452 71
1357 92
112 75
2671 81
1884 88
1894 63
2294 70
318 100
1614 65
3534 74
2959 96
798 61
5266 67
780 79
454|9
7361 78
2692 75
7116 29
55820 73
6016 78
27773 74
2160 79
2858 75
26131 82
455|12
272 74
432 56
367 67
590 76
253 71
364 81
555 70
252 70
110 82
225 70
588 75
597 70
456|9
1407 78
634 49
135 68
5 69
724 73
780 79
733 84
260 98
706 70
457|10
329 67
3593 25
2692 83
1356 79
223 80
2394 73
2701 46
3608 66
733 74
2094 68
458|12
597 81
185 80
10 76
380 81
95 80
454 89
300 77
595 90
153 75
587 90
150 93
552 74
459|6
79132 92
5618 94
8961 87
48780 90
50872 86
260 95
460|17
89039 70
4886 86
4703 95
3831 86
1441 81
4878 88
3483 71
8970 80
1 86
49272 90
40815 83
85414 78
68237 90
76093 87
47610 82
63082 90
2571 92
461|6
74458 61
2762 60
1036 61
91500 53
3578 62
539 55
462|20
26838 70
89090 70
164655 70
188189 70
1136 80
1219 74
158966 83
1248 80
508 59
1653 74
1674 64
8917 64
8620 8
3424 72
2146 64
7044 70
3814 79
1213 76
82857 70
26131 81
463|7
6377 85
2028 87
4310 63
3753 73
2006 66
1092 69
5995 87
464|20
1370 75
58025 64
63853 53
296 91
2019 90
3527 80
5254 70
7007 77
1101 73
1779 63
377 74
1653 86
55820 83
648 74
33493 77
1610 82
65088 75
74727 86
1617 87
62374 75
465|20
2941 85
2987 77
1200 89
3448 81
5060 87
1299 88
3703 87
3649 55
1625 79
292 76
904 96
3101 69
1754 80
750 96
1256 83
593 97
3732 68
3740 86
3334 92
377 79
466|20
5418 80
30793 66
79091 79
92259 90
5989 83
5459 64
318 93
63082 85
59784 74
5010 81
74458 85
6281 70
5952 85
8529 72
64716 86
68954 85
4993 87
45447 66
81845 85
55247 83
467|22
41 70
58 70
389 70
466 70
527 70
593 70
780 70
1183 70
1233 70
1357 70
1365 70
1408 70
1721 70
2028 70
2125 70
2324 70
2334 70
2384 70
2390 70
2393 70
2394 70
2493 70
468|7
592 63
349 70
1 77
317 66
296 72
32 74
165 69
469|20
3658 70
3832 70
3507 81
3032 82
2736 77
2132 88
1958 76
910 81
1090 81
1485 61
1388 58
2321 70
1234 81
2081 73
1193 86
36 74
2908 79
909 81
2023 69
3255 70
470|16
253 71
318 84
110 84
588 75
282 68
5 65
597 72
32 76
595 79
592 65
500 72
26 75
356 85
357 73
434 67
300 68
471|6
2571 78
8874 77
527 79
1 73
8360 69
7147 73
472|6
58559 88
3450 65
3298 78
2840 59
1221 89
858 91
473|8
4979 74
2959 86
60 63
7147 77
6281 65
3897 78
48322 86
2596 70
474|422
638 70
2179 70
2697 70
4046 70
5114 70
5311 70
5353 70
5455 70
5601 70
6201 70
6273 70
6382 70
6407 70
6592 70
6912 70
7702 70
7826 70
7832 70
7839 70
8057 70
8446 70
8458 70
8459 70
8611 70
8650 70
8774 70
8938 70
1466 65
6708 70
2940 77
2616 48
2334 54
7139 74
4218 70
371 49
750 87
2935 78
8645 75
5481 57
6370 86
25865 70
2553 71
912 89
2467 74
5548 61
7301 78
52967 62
5945 66
480 55
1983 49
3462 73
1068 70
8600 75
6650 8
8482 70
6791 81
4016 70
1784 65
3668 70
3977 56
8961 72
4160 80
30820 66
6984 70
2750 61
5034 52
7716 70
2612 70
4419 78
1300 76
4187 77
1187 59
6565 78
272 70
5440 70
25937 61
1099 64
3125 70
5826 70
5649 70
7256 76
4912 71
6016 78
1208 87
2083 70
3385 66
2310 71
3360 80
3163 78
1413 64
4081 31
1643 72
968 76
2116 64
26965 78
5954 73
1263 85
5116 70
3536 73
8778 8
63433 59
2952 70
318 82
3394 42
1200 77
3384 81
4356 78
932 88
7698 67
516 50
4873 70
48385 68
39869 78
1902 70
2641 52
7036 60
2181 66
4638 50
31116 80
2455 68
2146 68
628 68
3897 77
1030 40
4022 71
344 48
3196 74
92 41
237 41
6770 66
3259 65
3368 60
26151 70
1293 74
34072 67
3044 64
1639 71
5944 57
6539 71
477 65
7361 81
55687 70
58 72
4014 69
3467 76
8154 85
4191 60
2134 65
4644 66
4293 60
5013 75
1399 57
1196 77
2918 77
5899 73
4465 65
100 47
361 45
3341 72
8921 70
195 37
3789 70
4709 61
1588 60
3468 89
4678 62
2723 64
2118 71
1939 83
7019 44
3147 75
1792 61
33903 78
1682 72
41566 65
1693 72
1957 68
5021 65
2313 72
3870 70
948 80
47099 71
3447 77
6614 62
216 56
5619 67
3987 39
5060 76
3111 82
45950 75
32584 53
5525 70
2567 55
5956 68
7 40
1172 74
3217 66
8331 70
587 47
5238 63
1189 81
2416 67
832 54
3095 77
7386 71
1223 88
7058 70
5246 38
5418 71
27803 81
26 68
4002 75
1135 64
45 56
6945 89
2411 47
2520 70
7347 66
5375 70
5673 71
3039 70
7833 70
33781 8
720 85
2103 44
33154 78
608 85
1327 43
101 79
7061 70
5451 56
5682 58
5434 72
6609 70
31658 74
4578 32
2009 68
4704 70
7572 70
4929 38
3306 74
6334 69
5379 73
5437 54
42418 56
4128 71
7451 75
2786 27
2243 61
27846 78
6197 67
3264 50
3608 58
5603 82
6124 60
1222 78
1663 73
3566 52
3755 59
2628 52
4815 53
2089 59
7102 52
27706 65
7013 70
1348 68
45666 48
5755 39
4055 84
2058 58
4462 21
1544 47
2405 48
4998 70
273 49
1977 42
1732 83
7822 70
7073 70
41527 77
4787 64
1676 68
3708 57
6669 69
317 48
25940 70
971 79
7366 55
3115 70
7026 52
2710 56
50685 76
2114 75
3809 61
3516 64
2770 64
535 84
4878 79
5992 73
41997 77
1083 62
4487 57
7293 67
1016 63
2006 54
1007 49
4993 79
3412 67
5007 70
3929 54
6639 59
8712 70
1876 55
3546 70
34359 70
7579 48
7325 68
6837 70
2634 50
7753 65
8943 20
8385 70
4308 74
3246 78
3745 69
1148 82
42002 58
50740 78
3952 67
1927 83
7581 60
910 83
3948 61
54881 78
1284 80
4007 73
5341 71
3675 72
52975 66
6244 71
965 69
454 52
1247 85
7215 65
1282 75
8207 81
6242 62
6502 75
4509 65
3528 70
2391 76
4262 72
4039 62
42018 11
3271 82
976 70
48394 75
5384 70
5168 70
1358 77
6534 53
8773 70
2384 55
48780 78
1269 77
4600 77
2642 45
111 84
933 82
3578 76
5297 39
944 75
6020 70
2123 54
748 60
4896 66
5380 73
53953 60
3712 8
25996 70
1997 74
4464 76
4085 67
51540 71
2707 66
2069 82
6710 74
1488 61
6378 70
928 75
3038 89
7116 34
44511 70
594 64
1962 69
421 49
4316 30
2761 74
4823 47
892 69
1345 69
5294 64
1408 79
6579 79
3272 70
3421 77
3844 56
6787 77
37736 70
2249 61
1610 80
2468 42
3498 71
4902 76
6268 77
5225 75
5404 78
929 70
25999 70
7835 70
805 54
4126 58
475|20
6539 95
4993 101
87232 92
40815 93
5816 92
8644 83
81564 89
4701 81
81834 97
6564 59
68791 82
111759 95
7153 101
1527 89
71530 70
4896 95
106487 86
112852 98
3578 99
82461 77
476|14
594 81
34 81
380 73
158 64
153 64
586 68
440 76
364 87
378 64
357 78
224 75
165 75
296 85
11 83
477|20
34 58
913 85
3100 83
2105 69
1271 78
1207 86
70687 21
2174 75
45672 65
4571 77
3973 50
4226 90
1103 85
5291 82
348 77
3593 25
1 75
1274 92
6502 86
59615 63
478|5
1917 49
3114 62
594 60
1584 60
1101 55
479|20
5365 70
4488 75
524 68
1025 74
3707 54
1220 76
4010 69
3244 76
3526 74
4092 49
1968 77
4700 66
4003 67
3671 75
2671 72
341 70
2012 68
2542 81
454 64
2384 58
480|20
43914 70
2700 75
8533 69
2193 67
2797 70
3484 49
2571 79
1210 77
2596 68
8866 58
47610 70
6306 82
5379 75
2018 65
7153 80
3911 73
44191 76
38061 79
5673 73
380 58
481|7
1608 56
1687 54
1629 52
1729 58
1620 51
1597 52
1485 53
482|20
2068 76
8985 58
1036 84
474 82
1042 67
4389 82
780 80
27706 67
3211 67
1610 79
4367 61
1374 79
1220 78
1602 45
653 69
592 75
30812 74
4862 47
8361 64
8529 71
483|20
105325 70
783 56
2541 70
2959 91
109971 70
45722 73
1199 86
50872 81
2000 74
4306 78
69757 79
2683 67
2273 68
1588 66
109487 84
66934 84
1721 66
2328 57
68522 70
8972 76
484|20
93320 70
1438 62
6155 75
6944 78
2706 78
33166 85
6874 88
3697 65
1059 80
76293 68
919 84
2762 84
1821 60
837 75
5810 75
1753 80
3254 75
4718 66
2413 82
3646 48
485|5
588 82
161 83
253 76
292 79
231 65
486|12
653 72
47 90
110 95
153 72
474 86
95 74
288 72
329 77
161 86
318 99
292 82
6 86
487|12
27611 59
8961 61
318 70
1198 67
31658 64
1197 67
6539 61
5445 58
116797 63
4027 62
8874 63
86377 70
488|20
720 88
838 75
608 82
1223 88
26 75
5135 79
2109 67
7720 60
7303 84
4014 75
5995 83
457 74
105 71
1136 84
272 74
1269 79
3176 70
1278 82
1125 74
910 79
489|20
79536 70
86000 70
4848 71
736 50
8387 8
4700 58
45666 43
4720 66
2683 59
2021 63
2389 36
1619 59
950 75
58559 74
2236 53
2167 58
1616 54
247 74
376 50
2717 52
490|20
46578 69
89492 66
81591 63
91077 69
60074 53
5816 62
4144 71
54001 68
1 64
1784 62
7153 72
4993 71
89759 73
86320 62
60128 55
76251 63
8368 69
69122 63
2006 52
78499 70
491|13
106782 94
69757 88
7293 86
27808 75
4246 89
3948 80
104374 96
86833 89
140110 82
8529 81
180231 70
4306 93
88405 71
492|20
736 84
784 68
628 84
858 98
852 81
64 55
990 56
830 80
743 61
62 90
52 88
1499 45
66 58
1210 97
881 51
1474 48
1405 65
724 78
1047 78
65 59
493|13
2985 66
4444 64
2916 71
1275 77
2571 79
1527 70
2028 79
3793 72
2167 63
1215 80
4701 63
2924 83
260 81
494|5
1196 89
4498 65
3578 87
2028 89
1210 90
495|20
140523 70
115149 87
1259 91
1721 77
136562 77
80489 87
19 61
50872 86
231 70
102123 75
52319 85
7254 82
7360 87
8528 84
1645 81
46578 91
30810 79
2918 86
148626 91
56775 73
496|6
1221 77
99149 67
858 79
904 79
8865 51
114713 58
497|11
1193 72
112556 66
112290 69
1916 65
92259 73
2329 72
112552 71
1258 71
2762 67
5349 61
111362 66
498|7
344 71
231 68
648 81
10 76
300 77
356 95
316 73
499|6
1202 76
2337 69
38304 88
327 62
56286 75
1304 86
500|18
2599 67
2987 64
543 62
2700 69
2542 72
1265 70
2916 65
356 71
3301 63
1784 65
1914 63
595 64
2355 64
3536 60
1885 57
322 64
838 69
720 79
501|9
6 68
62 71
93 56
45 65
3 64
637 58
11 75
18 66
662 59
502|7
7236 75
1077 76
4412 21
3469 74
2001 64
2520 70
1777 69
503|19
7455 70
7361 76
4878 72
356 76
91500 62
593 78
527 78
858 78
4226 75
1259 74
1342 51
2877 53
92509 60
90866 70
500 62
441 71
48516 76
2858 74
48394 68
504|18
4995 85
5812 78
2321 72
1 84
3556 78
7153 86
6708 76
1288 88
6927 70
4033 83
4700 68
6565 80
342 72
3408 76
6879 71
4361 79
5952 85
5955 72
505|7
1241 86
4105 84
1029 76
74685 83
273 67
6502 90
54999 78
506|9
59258 62
54272 67
37741 73
56782 80
62293 73
51834 56
49286 63
112556 70
61024 67
507|5
165 64
266 63
253 62
377 68
593 73
508|5
2872 43
2011 42
1952 47
1175 48
898 52
509|20
26958 70
130073 70
2028 74
87232 69
33830 7
5313 47
48 58
2090 65
2080 61
6942 69
8907 46
6156 58
5816 68
39 61
3988 56
6807 73
7458 64
1196 75
45447 58
616 65
510|20
1882 34
7026 42
35836 57
494 51
1198 64
514 53
457 54
2935 57
858 70
2699 42
317 41
8949 60
2918 60
145 46
1262 65
6787 64
1208 67
372 44
1242 61
40819 63
511|11
2959 95
53953 72
115149 84
164179 85
6534 56
99114 87
92259 93
318 97
2324 93
1653 88
56757 82
512|10
480 79
150 80
349 73
47 80
350 71
442 64
457 82
50 85
317 67
593 87
513|7
5952 81
318 89
2174 72
235 74
1304 82
1220 76
1080 78
514|20
1335 70
5704 70
62586 70
168358 70
180263 70
1704 79
2005 74
2792 64
2013 61
1673 81
134130 75
76093 76
1333 75
58998 72
68157 79
2406 68
3210 70
54503 75
4855 77
1644 43
515|6
33794 94
2028 99
527 102
91529 96
58559 100
2959 105
516|26
260 70
457 70
480 70
647 70
708 70
1042 70
1090 70
1197 70
1198 70
1954 70
1958 70
2021 70
2259 70
2268 70
3052 70
3471 70
4027 70
4291 70
4306 70
4321 70
4322 70
4333 70
4337 70
4349 70
4361 70
4429 70
517|20
4306 55
53125 43
1265 54
165489 70
97938 46
88744 44
86880 43
4148 37
26761 70
3398 50
1293 55
3988 41
2858 53
4963 47
1204 61
1704 50
47629 48
7669 55
1206 52
46578 52
518|5
3101 65
2657 69
783 65
1876 61
6365 66
519|6
1704 97
356 98
140110 83
6378 88
7445 84
1968 91
520|20
7266 70
318 94
1049 72
59315 81
4995 88
32 86
2716 82
4333 53
1291 89
1732 88
4085 76
2723 72
3081 75
3994 78
33493 78
135 61
2393 71
60516 50
2406 77
1584 79
521|8
661 70
112 71
86 84
104 74
58 85
79 58
52 77
852 70
522|20
99114 82
81932 78
89492 78
63113 72
2959 88
1193 84
1375 66
4993 84
223 78
27611 76
76060 72
180 71
59315 76
1617 82
10 71
67255 81
2023 71
6187 82
318 88
127098 87
523|15
168252 97
8970 86
5989 94
318 107
91529 95
1721 83
293 98
65261 99
4270 72
3147 99
27731 89
134130 93
31696 77
527 102
101962 85
524|20
1356 75
150 77
552 64
748 63
344 62
442 63
253 73
1225 79
20 51
589 79
1242 80
544 62
173 54
1302 69
380 70
457 80
1020 64
788 57
193 49
466 57
525|20
120807 70
317 61
6863 65
8622 69
33004 68
7147 75
2396 75
40815 74
137337 78
1639 70
1968 74
91869 70
45880 64
2100 59
339 62
4886 76
50872 74
86332 69
8983 70
3996 75
526|12
593 87
55247 82
46578 84
176415 70
1295 70
90430 83
4014 79
2352 78
176413 70
215 83
81845 84
51255 84
527|20
2137 79
3114 88
3210 81
3016 72
2161 81
4571 82
2118 86
3421 83
455 57
2867 87
2450 51
1909 77
1214 88
4299 76
736 78
2477 65
588 90
4016 85
1259 92
2533 69
528|15
4886 70
2278 64
80906 75
4037 69
1240 71
64614 71
3821 42
150 69
1291 74
80463 71
593 77
99813 74
85342 72
48516 75
58559 73
529|5
653 61
135 58
65 47
62 72
733 70
530|6
292 75
500 74
300 70
586 67
593 85
11 83
531|5
593 90
590 81
919 81
480 79
1215 88
532|10
1721 76
4863 7
457 88
290 91
1245 94
1242 90
2023 75
2329 91
1304 89
517 70
533|8
1200 94
6502 94
79132 95
46578 94
93840 90
4973 100
2455 83
66934 91
534|20
116724 70
97913 81
94953 74
2003 80
2167 75
7569 83
153 71
1485 73
65514 83
104218 67
344 74
2571 92
5445 80
95875 66
112818 81
82461 69
96610 79
2987 79
138036 80
1566 78
535|6
2571 66
2581 47
2700 61
2688 48
2583 69
2882 32
536|8
232 69
272 69
356 76
335 70
225 65
150 73
434 59
589 71
537|10
80906 89
367 65
7153 88
53322 74
104218 64
97304 83
6539 82
318 92
89745 84
105504 86
538|8
595 88
3671 91
80549 87
4039 72
69757 86
5047 73
44889 70
66934 89
539|8
4306 76
6753 68
5218 71
50872 74
88 63
3301 69
4886 76
69122 71
540|9
2598 67
2959 99
1073 90
8874 91
1681 63
2183 85
2841 79
2747 65
1196 94
541|18
590 78
457 83
413 54
15 66
110 85
595 80
597 72
480 82
356 85
203 68
529 70
357 74
22 72
345 73
546 43
586 66
281 76
350 75
542|20
6539 74
30793 59
5299 62
2542 78
34319 64
33679 64
4963 73
5481 55
1997 73
4025 61
3623 54
924 77
4369 59
6378 72
2571 79
7254 70
41566 68
37733 67
7361 80
45517 65
543|16
73881 94
1702 68
595 95
3301 85
231 77
2378 78
2379 59
86882 87
6377 97
588 96
377 91
48385 78
2571 98
4526 65
4388 66
92259 101
544|22
1 70
3 70
14 70
32 70
40 70
62 70
68 70
95 70
116 70
619 70
626 70
648 70
650 70
694 70
736 70
780 70
839 70
1042 70
1047 70
1059 70
1105 70
1356 70
545|5
1438 60
1267 88
2763 81
1367 66
44 56
546|13
1270 80
3328 83
480 79
1970 59
2456 52
1976 43
589 81
2657 71
1673 82
3941 70
3959 70
3566 52
1977 53
547|5
1211 75
2859 78
2917 83
1394 82
1288 86
548|26
69 70
260 70
356 70
733 70
1196 70
1393 70
1477 70
1621 70
2571 70
2716 70
3263 70
3578 70
3916 70
4776 70
4899 70
5955 70
6874 70
7458 70
8531 70
49910 70
58559 70
74532 70
80862 70
122904 70
125916 70
168712 70
549|5
2571 74
2028 71
4226 74
1210 73
589 69
550|6
167296 70
102125 78
106782 88
116797 87
112852 89
122882 86
551|20
5010 76
34162 69
60069 79
1544 57
45186 71
103772 67
51935 76
4226 82
2353 68
7153 82
5989 78
135569 72
115149 76
88129 72
134130 77
6934 61
47 81
4701 65
2959 86
98809 74
552|20
2916 66
3317 74
1405 52
2953 43
2245 59
2944 73
2890 67
2125 67
508 65
3948 60
5349 66
2959 80
2857 55
173 43
2991 68
2871 73
2628 55
4308 67
4878 75
3101 62
553|17
55765 88
3481 84
1923 82
2571 94
4011 94
50 96
3949 89
1089 95
44199 85
5513 70
2231 88
2395 78
3052 82
61257 70
1221 94
33166 88
2959 98
554|18
1196 92
1022 80
2820 70
1207 94
1517 79
1282 87
1210 93
1760 30
2282 60
1225 94
907 56
1358 85
2096 77
1028 90
593 97
608 95
953 92
2324 95
555|20
790 70
3664 70
1 91
3111 87
3395 71
104 76
1334 56
2506 74
2072 66
4002 74
1266 86
2641 57
2256 51
2791 83
2701 39
1333 81
1320 68
337 86
1393 73
3526 71
556|7
162600 81
122890 78
3081 79
88125 87
588 87
72998 81
74789 68
557|6
648 76
231 67
1291 87
260 89
1210 87
150 83
558|12
5329 68
5064 85
4903 74
2297 82
2568 69
4993 93
4306 89
367 73
5283 69
1097 85
4164 75
5294 87
559|20
552 63
608 85
355 46
329 66
544 63
1527 70
173 52
377 70
745 79
174 53
529 76
350 68
349 70
533 60
836 59
1210 81
420 54
786 62
227 55
253 74
560|20
5839 70
91535 62
136018 49
67997 84
79132 79
3253 71
142558 70
2355 70
39435 55
1527 71
40414 78
64614 77
48744 65
56587 69
593 82
76251 70
84944 70
109313 70
5878 79
40819 75
561|20
168174 70
5308 56
78469 57
3703 75
60069 74
91535 59
2105 63
73017 72
5445 69
2000 72
83134 72
79132 76
79592 60
80463 75
89745 74
527 81
8972 63
353 73
33162 66
68157 76
562|20
27140 70
6870 83
6377 89
2580 89
1249 93
4776 85
36529 82
1259 90
1982 80
2268 84
2133 74
83134 86
3210 80
48394 83
30707 87
33836 54
2692 89
88163 88
99191 70
1240 86
563|20
61071 70
70932 70
80858 70
919 74
74450 63
588 74
5943 53
118997 64
86833 74
1197 84
128832 70
85397 68
45221 43
33499 53
7380 67
96821 78
81784 52
95307 48
65585 67
55250 43
564|20
50942 70
356 82
31685 65
131013 67
61024 76
79224 53
87869 74
500 67
108156 61
81784 54
93270 46
6188 73
106918 80
65230 66
67087 70
80693 66
94677 77
8984 67
73266 52
2671 73
565|6
590 77
231 61
19 52
21 72
50 84
539 71
566|15
648 72
10 68
231 61
329 68
342 66
141 72
203 68
345 73
39 69
497 79
265 74
588 77
708 68
353 72
2 74
567|20
8189 70
26743 70
92681 70
109897 70
152071 70
5690 60
136602 51
122888 70
6333 50
1274 57
122922 52
153070 70
151687 70
117877 70
108928 41
954 56
122924 45
27773 55
648 44
135887 47
568|23
50 70
147 70
296 70
356 70
480 70
593 70
765 70
1103 70
1104 70
1257 70
1298 70
1895 70
2313 70
2359 70
2863 70
3053 70
3148 70
3261 70
3363 70
8169 70
46723 70
63853 70
65088 70
569|5
231 69
50 90
380 84
588 87
592 76
570|20
208 55
8636 70
48516 79
1225 78
586 57
2683 59
457 72
1196 76
110 74
4993 76
7361 78
1198 78
1079 74
10 66
3793 70
1391 57
589 73
380 64
527 78
185 52
571|20
1331 70
2982 70
2366 65
1128 58
610 69
2902 49
1998 28
3696 65
1980 70
1987 70
70 63
1924 57
2279 44
1327 50
3732 55
1972 43
1278 77
1644 40
2327 72
1978 37
572|20
1961 85
2570 64
2788 88
2321 75
111 91
904 94
2987 77
2302 71
1834 87
2539 69
2917 87
1307 85
1 86
161 79
3421 81
838 86
1356 83
2006 67
3167 69
1953 84
573|20
89745 91
72998 83
3752 75
356 98
7293 84
6754 80
8665 87
32587 89
1073 91
88744 85
1127 85
68954 93
98809 87
2640 87
48516 97
71535 85
59369 85
60069 91
88140 83
1562 54
574|23
47 70
110 70
150 70
153 70
161 70
185 70
225 70
231 70
292 70
296 70
300 70
316 70
318 70
329 70
339 70
344 70
380 70
410 70
434 70
588 70
592 70
593 70
595 70
575|8
2566 7
2580 83
296 88
2581 62
2572 75
2542 83
2574 43
2598 61
576|5
849 49
1321 58
1373 47
1479 56
2289 64
577|20
2415 70
1183 72
1288 80
1129 65
2944 74
2194 76
733 71
1213 78
2076 72
2020 76
1262 78
1931 74
1391 61
2987 66
952 77
1909 64
260 81
919 76
2248 70
1270 76
578|6
6751 70
52668 87
45668 84
830 77
72407 67
75446 70
579|15
3174 76
2485 64
1022 79
2018 79
838 91
1917 68
1391 70
596 82
1573 77
2965 70
1653 88
2599 82
892 84
2687 76
595 87
580|20
5767 70
6583 70
480 67
8844 70
6989 71
3809 68
41569 66
3699 63
4041 70
33166 75
356 79
508 71
8376 63
3578 78
608 75
3785 58
3089 81
1320 60
54286 74
1201 82
581|8
7153 89
5995 88
4973 93
116797 86
3949 85
4306 86
109487 87
6377 87
582|12
91529 85
2959 92
116797 85
4993 88
5618 88
2571 88
76251 77
69844 82
104841 81
48516 90
97752 76
76093 84
583|12
8533 69
88405 58
2706 67
117590 74
317 63
60756 67
6942 73
595 73
46578 77
104 68
2694 62
7451 73
584|17
288 67
22 84
203 78
315 72
500 86
316 77
539 89
234 56
296 82
257 91
434 81
586 77
338 71
349 87
282 80
480 96
590 92
585|13
3173 76
1228 91
54503 86
2959 96
428 84
1405 63
7254 80
441 86
1805 64
296 94
27373 70
5325 74
79132 90
586|20
34332 69
4016 92
111659 68
106002 81
149406 80
167036 91
45499 81
136556 70
5445 87
117851 78
1291 99
71264 90
106489 79
135436 74
3753 84
2640 88
3147 97
122916 94
3793 91
101362 64
587|20
1234 90
628 77
2012 78
534 79
2002 64
1641 89
236 78
1376 75
2622 77
1541 62
3260 82
497 91
3082 71
445 70
3448 80
2574 42
765 68
691 65
329 77
3406 69
588|12
50 78
16 73
20 49
356 76
350 62
198 63
593 79
364 74
163 67
253 68
223 71
3 61
589|8
1092 68
318 95
590 85
373 78
586 70
587 82
527 91
337 83
590|20
924 78
8807 67
2371 60
38061 78
81834 74
40815 72
4890 58
903 79
5 56
3624 60
555 73
4047 77
51662 68
2085 65
419 55
595 72
329 63
2376 64
3635 64
2398 76
591|11
2908 78
2706 71
2712 69
2355 73
3615 62
3578 81
2394 71
3798 63
356 84
223 79
2724 57
592|19
514 76
2 81
153 71
415 62
110 90
177 63
420 61
380 77
44 55
788 66
588 81
163 67
204 52
610 76
39 74
419 61
253 76
432 63
240 60
593|20
1196 72
1073 68
1086 72
1617 74
4034 72
41566 60
1197 75
344 54
8368 70
339 58
2959 76
8961 67
5816 65
2797 68
4896 67
588 69
595 66
5952 71
377 62
141 62
594|20
7031 70
2671 90
7115 81
1616 77
5943 66
1188 86
2269 78
1733 113
4902 96
6996 30
780 92
1429 87
6140 93
7046 66
39 86
595 97
799 92
2028 102
8482 70
7169 90
595|5
265 87
50 96
1186 82
1199 95
1966 82
596|20
33649 70
43744 70
182793 70
129397 46
128908 70
1 74
142488 84
122922 73
4310 57
71838 61
4025 58
2501 73
110102 74
149406 66
2774 70
5502 63
8665 73
6537 60
2571 80
345 72
597|20
1799 75
490 68
3040 75
2529 89
2858 94
903 94
3039 83
2000 84
1291 90
357 79
1228 94
1845 96
2411 61
1580 77
1148 95
1198 96
2723 76
485 66
592 74
2692 90
598|5
56367 81
8360 76
593 87
114265 70
103543 45
599|496
26142 70
26567 70
26590 70
26676 70
26854 70
27595 70
34800 70
53450 70
60803 70
69131 70
74696 70
79895 70
84523 70
87960 70
92674 70
98799 70
102735 70
102852 70
104017 70
105020 70
122433 70
157865 70
158874 70
160978 70
161044 70
174727 70
179053 70
1801 56
6035 66
3387 34
33437 58
112 47
5995 66
167706 70
4394 70
836 42
7235 50
8809 53
102749 70
89087 46
42011 38
432 33
471 53
5628 58
1015 48
2 47
2269 50
69 58
3947 54
79091 62
104837 70
4037 62
7587 64
6881 53
1449 66
7225 62
81229 56
68952 67
4728 49
5081 50
33966 70
1779 47
3669 70
87197 70
170297 70
79057 57
95965 70
55207 70
4007 63
1220 64
80831 59
46723 56
71282 64
7757 61
3259 49
92309 60
1376 57
7192 49
4654 48
101423 70
53468 52
62662 70
3174 60
3698 51
2882 34
2359 62
1183 54
2792 54
1095 59
8387 10
53125 56
115713 65
2949 60
2471 40
3 47
1231 62
3861 49
240 44
1480 58
2301 60
1445 41
8045 70
586 45
2942 46
1185 61
4594 70
2474 58
3671 63
3196 64
64839 63
98697 70
2606 43
1777 54
5309 44
7022 64
4873 62
541 67
27311 68
43921 61
67734 61
4240 70
5026 67
168 39
33493 58
4125 17
7354 53
207 51
1094 51
742 46
1609 46
1042 47
3362 62
4553 59
4632 51
2278 61
468 52
122904 63
75416 70
42718 60
4285 62
79274 67
1794 70
45081 49
108192 70
3489 57
3503 65
89804 56
163809 70
577 33
3071 53
1204 67
3981 40
95771 70
45382 67
6548 50
59387 63
166528 65
168492 77
6691 70
605 43
424 33
2991 61
248 41
97950 70
3865 58
1216 56
342 52
35836 58
27772 48
176419 67
151781 70
277 40
6320 17
39381 65
5111 70
4090 56
2450 35
2676 61
2356 51
79702 63
1597 49
410 50
1721 51
3702 54
183301 70
1387 59
2072 47
26729 65
2393 53
4247 39
4591 49
1032 56
3087 53
1895 57
634 31
210 50
2074 68
51575 44
3505 70
5247 44
481 48
4215 38
1355 29
2657 53
2028 62
4011 67
420 41
552 46
1196 66
2395 53
5303 58
1752 42
3186 57
4310 48
1784 57
3200 66
7254 58
688 41
473 38
1079 63
1552 48
1148 64
1544 44
63113 58
2325 53
26649 69
6804 70
161 53
4109 48
34332 48
1653 64
4808 41
7707 70
3468 72
502 31
1221 66
1792 53
68319 50
6787 64
2119 26
3884 16
4254 36
3973 39
103609 70
8934 70
5377 62
42632 66
55290 60
4506 54
7840 60
5568 45
1689 40
7005 70
103228 62
59947 70
786 40
4351 56
172253 70
4679 52
1411 66
117630 70
1590 50
112623 66
3146 39
8984 54
1920 47
519 32
179817 70
3979 41
3741 67
44020 44
26630 70
7285 60
3030 70
1021 41
8638 60
87 45
7153 68
2877 50
2018 52
3173 55
5198 70
7101 52
7701 20
3213 65
26159 60
2339 70
33896 64
2000 58
4006 59
136562 56
37382 50
6645 65
171763 70
8528 62
27008 70
4017 58
4167 58
86142 68
1249 65
3255 56
736 40
2779 49
84414 68
27773 64
2083 60
98499 46
4034 61
119828 70
1993 40
94864 53
6631 24
2321 57
26242 55
3703 59
41566 54
2529 59
1968 60
8914 59
3257 48
159403 70
1036 61
76093 64
5103 54
6947 60
1952 64
2124 52
4084 46
6016 65
778 67
81 51
2171 55
1253 60
4275 49
7982 47
3723 56
849 43
2681 53
6565 61
39414 52
122916 65
6440 65
8917 57
72011 60
1605 51
1240 60
923 61
68157 67
5961 70
5053 70
3571 42
2403 61
3871 69
44238 70
72226 67
7004 45
2054 41
62970 52
5159 56
354 60
122924 54
48774 65
1394 60
3763 50
70286 64
1904 50
3969 60
81562 59
102590 70
233 59
4155 57
1031 57
76 49
459 36
1097 54
1178 71
60291 7
3328 66
1232 61
3036 59
5283 50
4327 60
610 62
2726 64
4732 36
5970 55
2396 62
594 50
1247 64
45499 55
3476 61
2399 39
137218 70
1997 60
3271 62
27801 64
6365 55
1799 54
580 58
122900 59
2803 51
80219 53
466 41
110882 64
3997 35
26176 70
2378 50
117895 34
26662 66
90603 65
119218 70
44 40
809 41
1960 59
4519 55
1959 63
414 31
1073 64
61236 52
1479 55
4019 61
1245 71
37857 65
161032 70
371 45
3020 58
88593 70
6774 64
2005 59
90405 53
26285 70
6793 32
627 61
1617 63
6734 31
108090 70
2427 52
51024 60
122922 62
3440 32
6874 66
4919 57
338 43
81591 58
1704 68
1499 33
357 51
62155 58
144 54
34148 61
53519 53
4504 70
2796 50
216 56
6827 19
1429 56
7445 57
1385 46
90471 57
8425 70
10 56
26542 53
7387 65
72998 59
89470 58
3629 68
1297 60
3424 63
1672 55
44761 68
196 36
70703 70
2383 34
180 58
4040 40
6333 60
4440 70
5291 61
88235 59
1639 55
4580 10
153236 70
86190 56
4477 37
103027 70
32291 59
34811 70
5171 49
122260 70
8784 63
5954 63
8798 62
707 48
880 43
314 56
61323 58
600|20
3269 51
1394 70
3785 49
2717 52
5569 62
4306 66
1206 73
56775 55
2015 60
7 46
2013 54
262 65
1210 72
1060 65
2431 61
2077 61
2423 63
4641 62
527 73
5076 48
601|20
141846 70
68157 91
1262 91
106782 90
60069 89
49272 91
5445 81
1193 93
1207 92
79132 91
904 95
166024 87
1917 67
7153 92
2324 93
170697 82
31658 91
5989 87
88810 90
2571 92
602|20
161 72
19 51
350 69
494 68
14 64
471 65
125 68
434 62
235 63
481 55
315 56
371 67
474 71
527 76
21 63
349 69
440 68
339 69
480 75
163 60
603|20
602 70
803 70
2008 70
2577 70
3459 70
4787 60
2912 69
1769 48
485 53
4420 70
920 76
1 89
2706 74
1844 69
3787 72
1222 72
190 42
2716 81
3983 80
101 73
604|20
220 70
292 76
151 80
329 72
410 66
426 63
435 58
316 69
22 75
235 72
181 50
332 65
273 60
637 65
285 70
173 58
588 81
23 74
553 79
1 85
605|20
35347 70
6787 76
1197 80
5667 70
42738 59
51662 70
7373 67
596 66
780 62
4571 68
2316 62
7454 52
150 68
60040 60
8977 44
3269 56
72982 70
1210 78
62376 48
60937 47
606|20
263 70
563 70
583 70
3808 70
4671 70
4840 70
5856 70
6111 70
6573 70
8685 70
32728 70
55805 70
3147 80
4392 77
2311 75
6308 51
50842 8
6591 91
8270 77
2025 95
607|20
891 73
1610 80
448 81
3147 86
1094 71
1307 81
592 73
204 53
1552 64
527 89
3476 73
296 88
2313 77
3440 43
423 62
1518 68
2118 79
2193 72
380 75
2028 87
608|20
52245 64
2997 76
3793 76
2763 75
174 41
2000 68
1214 75
919 65
2700 78
4161 60
5146 64
1639 65
541 81
473 44
2529 69
522 72
4343 59
1909 66
2431 70
1220 77
609|8
296 74
833 40
356 74
339 60
454 64
318 78
208 51
292 62
610|20
5953 70
58975 70
70206 70
78626 70
82765 70
97988 70
107447 70
107462 70
110591 70
110746 70
118082 70
139655 70
160341 70
86644 61
56801 56
61024 79
77561 74
4816 77
62434 78
3972 86
