1|20
260 100
1927 101
804 78
3 80
1009 74
2406 85
1587 79
3671 95
2617 76
3053 95
2571 101
1222 101
2137 85
1377 75
2395 87
2761 97
2641 73
2872 88
1258 100
2700 93
2|6
333 72
122882 75
71535 75
46970 64
58559 82
80489 75
3|8
5764 70
647 37
6835 70
5919 37
2851 35
2288 39
5048 28
4518 37
4|20
106 70
1291 76
3408 66
265 69
52 67
4347 72
2467 73
908 79
345 69
1304 76
1923 68
2959 80
368 66
1219 76
4765 74
1199 80
4166 38
1732 76
21 66
2858 76
5|9
515 73
1 77
364 79
608 82
290 80
261 74
34 71
318 87
21 70
6|20
349 77
318 95
775 70
141 75
348 78
104 73
327 64
410 68
165 78
87 67
366 69
17 80
1084 88
222 76
16 85
416 52
277 69
460 63
867 13
316 73
7|20
8528 69
3623 52
8636 70
8360 66
1517 66
466 53
8373 44
1220 70
7155 51
8808 52
6863 62
31878 66
1610 71
1219 74
4700 60
45668 61
8970 67
27741 76
6333 69
8865 53
8|10
356 84
47 81
231 62
318 90
454 72
292 68
32 81
141 70
380 69
252 68
9|10
5451 61
923 81
5890 87
2901 62
922 84
6044 70
1987 70
5378 62
3735 77
5447 57
10|20
597 64
33679 61
8533 67
8969 58
72720 69
88810 73
136020 58
6377 73
5943 48
109374 72
113394 70
61250 47
82167 52
140110 65
5377 69
77841 70
6942 69
1028 72
72330 70
66203 54
11|13
733 79
1584 81
1210 91
170 75
1438 60
648 76
1918 66
493 81
10 77
457 87
1693 76
150 84
1923 81
12|7
2717 76
2100 81
838 98
2072 78
1876 76
2581 78
6942 97
13|7
3717 70
3624 69
3798 70
2174 78
47 87
3893 76
305 61
14|10
344 60
477 67
110 80
540 54
597 70
153 58
592 68
4 46
539 70
105 65
15|20
91529 75
7438 73
111759 73
2329 78
1 72
1909 64
1240 71
115713 73
1200 75
293 75
2571 77
3949 74
120466 64
1198 79
2028 77
2011 66
158 52
160980 67
4306 73
4022 68
16|20
1230 74
78499 75
913 76
1136 77
1299 74
1617 75
1203 77
3429 79
2858 74
608 76
3683 76
4002 68
1199 77
912 77
2707 60
5782 72
1260 69
319 68
27773 74
2109 63
17|20
260 87
64839 81
296 87
5952 85
527 87
1193 87
3681 88
1240 80
2717 62
2858 85
1093 72
81932 81
5618 88
50 88
5971 84
2959 90
1201 89
541 87
82459 82
1 82
18|20
8117 70
65596 70
88094 70
145283 70
157110 70
166015 70
171023 70
103253 63
60684 78
44199 76
2 70
86628 75
59784 70
2918 78
109374 81
4226 85
53129 87
139385 80
47 81
1291 82
19|20
3692 70
3662 46
54 41
2733 37
1702 45
1240 64
1270 68
3712 47
1881 50
216 54
3 52
1834 64
2184 57
3017 53
2044 32
2354 45
2005 60
3146 41
3387 47
2694 52
20|20
1566 74
5419 64
4014 77
2140 77
586 66
661 71
3189 76
5014 84
1333 80
4161 70
3784 65
1030 59
5313 51
2804 85
2054 61
34 78
1097 82
6358 70
4519 72
1722 66
21|20
107013 70
117922 70
140301 70
57640 72
2985 65
2990 64
2717 57
5418 73
31433 59
112175 73
7153 79
30793 60
4446 65
52973 70
45186 68
2023 67
79185 62
1721 65
102125 69
5459 57
22|20
8961 54
2723 46
60950 49
64575 49
1193 58
70286 53
4993 57
2160 58
39183 49
7147 53
3996 53
3481 52
55765 54
48780 55
7361 58
51540 53
6711 57
2968 54
3949 55
48394 52
23|20
6234 70
3996 70
293 73
1206 75
1136 76
1960 69
7587 72
3424 75
3181 76
2467 71
1248 83
1617 75
6807 73
1952 75
6440 73
1258 74
1243 77
1080 72
8228 67
1711 55
24|20
1784 71
2617 61
111759 76
134853 76
58998 73
1265 75
1198 81
3147 79
1197 82
1220 74
2424 62
5418 74
72011 72
54286 73
27773 78
64957 68
356 80
44191 76
1682 73
68358 76
25|6
58559 101
60069 97
74458 95
79132 98
527 100
260 100
26|21
10 70
34 70
47 70
150 70
153 70
165 70
185 70
208 70
225 70
288 70
296 70
300 70
344 70
349 70
356 70
380 70
434 70
454 70
457 70
592 70
593 70
27|20
1196 84
2478 63
2640 74
3508 86
3555 69
1201 84
3519 63
969 81
2080 70
673 57
2886 19
2529 79
1387 82
1101 69
1947 73
1250 85
1276 85
3114 79
1083 64
3809 68
28|20
27450 70
60943 70
61011 70
63033 70
5617 66
59369 59
60046 70
507 54
3300 60
55094 57
59018 70
26695 70
2951 66
3006 62
2231 63
5418 63
26812 51
2058 55
353 62
61167 70
29|17
98961 83
7379 71
1250 89
1201 90
111362 81
48516 89
1100 53
26554 89
3441 72
4327 76
2872 77
2301 78
1617 87
3681 88
55820 83
4223 77
99114 84
30|7
5952 98
108932 94
1200 97
91529 98
116823 89
112852 98
1198 101
31|10
1198 92
1200 87
648 74
1363 66
1073 83
1036 84
1197 92
377 75
1246 86
1270 87
32|20
236 69
314 80
1356 80
357 74
224 75
627 76
1079 86
1084 85
318 92
761 55
1197 90
849 62
912 89
880 57
1198 89
58 86
203 70
608 87
497 83
410 66
33|20
110 82
17 77
2396 78
2272 61
448 72
428 76
265 76
1280 88
1177 86
1617 85
50 87
261 77
11 75
452 53
345 75
608 85
150 78
1188 75
800 83
2690 76
34|18
780 65
2273 61
3717 61
26606 73
45499 64
3996 73
4310 59
3624 60
31685 61
1721 65
5146 61
7090 76
70 67
2006 59
3000 78
4306 75
27728 31
3997 38
35|5
11 87
185 71
595 87
21 83
300 82
36|12
5171 41
3066 62
552 46
4025 44
1262 61
2735 40
2359 52
1372 50
1278 59
2194 58
3347 61
1704 59
37|5
344 71
356 97
661 78
329 77
457 93
38|16
434 56
39 61
223 71
161 67
246 78
168 56
273 53
480 69
356 76
457 73
364 73
50 77
500 63
300 64
551 65
21 64
39|20
2571 87
2391 77
1921 83
1862 42
1219 85
1907 78
2081 76
2459 70
924 83
2529 82
1729 76
47 83
260 86
2080 73
592 71
296 87
3213 84
610 75
589 82
596 73
40|20
440 79
454 79
588 85
339 76
158 62
432 58
431 86
186 62
616 81
514 81
21 80
592 77
1 88
223 88
585 62
216 80
104 77
371 77
111 93
267 69
41|20
96829 73
64839 67
122882 67
6287 53
1569 59
106920 70
86781 79
3160 65
1721 59
2028 70
6763 37
5418 66
53519 57
122904 66
55247 68
924 68
4011 71
2324 72
35836 61
5995 71
42|20
3869 79
4654 61
1021 53
2423 77
3248 44
4477 43
2500 45
1431 57
195 71
3326 78
2407 72
1090 87
2735 59
3693 55
1020 71
4545 72
4132 55
2263 57
3535 84
2805 63
43|20
225 94
296 113
596 96
588 104
587 94
420 74
158 76
631 79
5 81
597 96
168 82
355 63
47 109
367 87
519 63
594 99
236 89
1 106
60 87
259 77
44|10
36 77
663 70
12 48
661 68
94 79
1 80
104 69
112 66
494 72
889 70
45|20
2718 79
1036 87
2028 93
1653 91
1682 86
2396 85
3249 71
261 86
4308 81
329 73
1367 68
2890 84
593 93
1127 81
2431 76
6377 92
569 69
1197 95
1060 84
2858 92
46|9
590 85
588 86
315 68
208 66
1 88
432 60
225 79
434 69
339 78
47|20
508 61
68932 57
72395 65
2420 61
597 59
148626 67
5989 65
96588 64
69122 62
6155 55
4975 57
30749 64
106100 66
45950 61
2028 68
4018 53
1259 67
6373 56
33166 65
2407 54
48|7
4886 89
1320 73
1527 86
1193 96
3793 85
48 73
1653 93
49|5
2028 89
1214 85
139385 85
318 96
527 91
50|20
8143 70
114335 70
136564 70
142074 70
171759 70
175693 70
179073 70
175707 70
71264 55
82848 70
1377 47
44555 63
8157 57
6807 61
95543 50
8253 51
96610 55
924 61
32875 70
4896 57
51|20
7040 70
5620 66
2613 62
4437 91
2023 78
1500 84
522 85
858 98
4508 80
2951 89
1014 84
1407 75
2282 64
2420 83
3388 55
260 95
3186 77
3994 78
3501 62
2371 73
52|20
152081 89
51255 96
74458 93
1923 86
7438 93
40583 84
59784 82
55765 92
112852 95
86892 90
55363 96
112138 86
49272 95
52245 72
69481 95
50794 67
1704 96
54736 88
44665 91
47200 77
53|5
481 90
1100 70
249 106
1125 101
916 116
54|7
296 68
593 67
639 44
1 63
205 52
161 59
500 55
55|5
2407 50
673 43
3275 63
2890 56
4011 63
56|10
786 70
253 81
165 81
110 91
589 89
370 70
434 68
410 71
69 84
185 69
57|20
2140 70
942 81
920 71
3175 70
1784 71
3429 84
933 84
1193 81
3446 31
160 55
1499 36
2640 71
892 74
11 71
2947 74
6 76
2478 61
2291 73
1688 65
2301 72
58|20
588 86
282 73
185 69
419 63
367 72
277 70
48 72
280 87
337 84
345 84
3 75
357 80
527 95
587 80
218 74
500 78
508 84
368 80
364 91
353 85
59|20
1696 44
6460 108
3489 78
1188 82
1222 93
2076 87
3448 83
1263 90
1247 91
527 93
1244 91
904 97
903 92
965 87
2616 66
1953 87
608 93
105 73
912 95
3471 85
60|5
832 65
58559 80
805 69
455 46
858 82
61|8
266 70
1101 72
7438 83
173 56
555 79
2012 72
4878 85
3949 84
62|20
99114 89
176371 85
3793 83
56757 83
73017 86
30793 70
179819 71
68554 75
185135 96
168248 94
5903 87
4878 91
2028 92
5502 74
6058 66
344 68
1721 76
45499 75
41566 77
78105 65
63|20
5669 73
4246 70
48780 76
500 64
6016 80
31658 78
2858 77
64285 80
85414 68
1221 81
106696 70
4963 74
50 81
1097 71
260 78
110 76
1222 79
4979 71
5952 77
77561 66
64|20
5878 86
3101 68
2640 75
2959 90
8784 80
2054 58
4239 79
4025 63
5026 87
40819 82
266 70
2699 61
27266 83
3969 77
1805 63
6296 80
4776 79
3148 81
4262 81
356 86
65|7
1246 81
33660 81
7458 71
2329 86
4993 84
91542 75
3147 84
66|20
593 92
47 89
5418 85
922 95
2139 83
2956 68
3745 77
1956 89
4581 70
5349 80
1210 90
1094 76
2001 71
380 75
6539 86
671 78
1 86
6378 82
7766 94
296 93
67|8
99114 81
4306 80
27193 75
79132 83
60069 82
2012 70
4886 79
4993 84
68|20
47978 70
95218 70
6534 51
48696 71
67267 73
30825 58
1799 66
3556 70
8622 67
4351 64
63113 65
58295 66
7151 67
2413 67
6287 57
653 56
41566 64
5541 59
260 74
48043 65
69|10
4370 80
4848 95
3671 94
2476 91
1193 101
356 99
553 89
4022 89
260 100
3994 84
70|13
1193 90
1097 81
1914 80
1269 86
4995 87
318 95
8949 82
1968 83
1210 88
89492 83
1250 91
1235 93
2366 79
71|7
494 71
647 70
736 66
95 61
733 73
589 80
7 62
72|9
1047 70
150 83
858 95
2490 76
1357 89
260 91
50 93
1198 93
1196 91
73|20
1193 87
45720 76
105037 59
6333 78
59315 79
76293 66
138204 76
2706 72
152081 79
45221 46
68135 73
150 79
8376 71
93510 80
59784 72
116823 77
106072 71
1682 80
52245 63
35836 73
74|20
31522 70
2594 84
2908 83
30749 84
6870 83
3006 83
52281 81
49772 86
55118 89
2997 88
6305 83
608 90
4546 86
41863 89
27773 89
6001 91
1251 92
6552 85
46976 81
44555 91
75|14
5445 65
1240 68
5952 71
2193 63
6870 67
2529 69
168 53
541 73
3176 62
1962 64
2078 68
1889 68
1266 73
1374 67
76|20
48877 47
5956 58
2918 61
58803 58
1247 65
74458 63
7669 70
79132 65
8957 51
858 68
55820 63
1258 66
63436 41
1201 69
1208 67
48 50
288 53
34405 64
1 61
1196 65
77|6
3996 78
4973 87
7361 85
8636 77
3578 81
33794 79
78|13
296 77
165 67
3809 64
589 74
546 41
27904 71
260 79
590 70
480 71
68791 63
344 56
44974 72
380 65
79|13
3266 106
3029 77
589 88
1916 80
307 90
4005 74
260 93
1189 90
1345 76
2000 83
1374 85
2659 70
2076 87
80|20
7445 84
96691 75
84189 70
91630 85
49530 88
8950 92
6539 91
4223 85
5630 81
3527 86
76251 86
80363 65
52604 87
6502 93
34048 77
1221 99
60684 90
6952 68
5989 92
77561 81
81|26
10 70
32 70
47 70
110 70
150 70
153 70
161 70
165 70
208 70
231 70
288 70
296 70
316 70
318 70
329 70
344 70
356 70
364 70
367 70
377 70
380 70
457 70
480 70
588 70
589 70
592 70
82|20
6886 70
2381 50
2378 61
6566 46
368 70
6536 72
3253 71
4310 63
1608 66
1372 68
145 63
356 82
6708 74
1485 63
4369 63
6564 50
6888 43
5803 45
4015 56
364 80
83|20
56367 67
7143 67
7323 66
6539 67
161 63
586 53
2115 64
1270 70
6874 71
2324 73
1537 68
7153 72
68954 70
48774 69
30749 67
8014 74
1222 72
3753 61
1223 77
64983 58
84|20
55 70
987 70
912 86
1096 80
420 55
1227 84
113 56
580 54
5060 78
1293 78
900 74
1097 76
62 72
368 71
1305 75
1247 83
1296 80
11 74
1073 77
1094 69
85|7
1519 70
1624 48
1140 70
1694 56
1643 73
1747 70
1635 80
86|14
4993 87
4310 65
6947 78
2411 60
457 82
5418 81
3996 81
4901 73
1835 72
33794 82
1196 87
3555 72
1097 79
2687 72
87|5
4023 66
2009 75
3504 90
671 75
2139 81
88|12
7312 70
74795 75
4993 90
68157 89
5952 89
1193 91
223 84
8665 82
4262 85
56782 95
8677 45
58559 91
89|104
26645 70
32060 70
44851 70
53280 70
53578 70
67888 70
69211 70
81087 70
84246 70
103602 70
108078 70
109596 70
118894 70
121007 70
128089 70
128944 70
131098 70
131439 70
134847 70
140481 70
146684 70
148632 70
150554 70
164226 70
30793 58
169912 46
87869 68
1923 68
4015 52
950 69
173253 70
2324 76
27826 70
92259 78
11 64
3977 51
86298 59
8154 80
77688 70
2997 72
170837 70
49274 49
157775 70
1 67
142196 70
99117 58
62008 70
72624 70
108156 62
3752 59
2059 57
128520 77
3175 62
133879 70
48649 70
126088 70
5529 46
65588 70
99130 70
40962 52
1732 72
68659 63
91666 70
2683 59
3751 65
750 77
6650 81
149508 70
2395 66
51575 49
65230 59
171751 70
85881 72
139157 70
6863 64
4246 68
108949 62
1230 73
160567 79
73319 55
177185 70
130520 63
5220 50
121338 70
153386 70
50872 73
149566 70
145491 70
4890 58
129354 60
32243 70
84944 68
6402 70
1288 73
140133 70
119141 65
947 85
176621 70
4973 78
158398 70
69469 70
54503 73
141928 70
102481 68
90|11
1137 70
1144 70
581 98
81 71
892 85
1073 86
116 71
896 44
17 84
7 68
613 68
91|20
3013 70
6395 70
8147 70
7153 80
3360 73
2791 75
3897 76
1080 76
4850 62
3429 83
7000 65
2060 67
2916 71
1391 61
2100 61
318 85
2146 68
1225 81
1246 77
8501 66
92|5
2572 84
2114 87
1015 71
2454 77
1801 82
93|20
736 82
1917 75
552 79
1721 87
539 88
480 95
1372 86
368 89
2355 91
1923 92
2193 90
2006 79
339 86
1097 96
1591 69
260 106
2968 97
1676 83
593 105
558 76
94|12
231 54
377 62
367 57
364 70
288 58
19 48
10 62
586 55
590 67
380 61
589 70
318 78
95|20
18 83
4878 91
6979 78
4732 49
3019 91
5246 39
32 90
2952 82
1247 91
1198 96
5283 68
3361 84
1513 68
2009 77
539 78
122 59
1584 83
1240 87
4262 88
5349 81
96|16
527 86
1094 70
272 79
3819 93
150 79
2021 73
2571 86
1214 81
2058 70
1220 78
733 74
2340 64
1721 71
2396 79
367 66
1291 84
97|8
4701 76
4306 91
3578 92
4993 96
4963 90
4299 77
3981 56
4161 77
98|19
81845 86
8961 83
122912 83
5299 68
63992 52
187541 64
56152 79
134853 85
69644 62
6863 73
5618 90
56801 54
3499 83
134130 83
74789 64
82461 69
1258 88
88810 86
79132 87
99|11
318 110
161 91
420 68
592 85
196 66
122 66
145 78
150 95
316 82
236 82
588 95
100|20
497 85
296 89
1393 78
95 65
592 73
605 61
6059 75
28 88
2245 70
62 77
4308 77
1777 74
838 83
2125 81
1288 90
234 54
1197 92
2005 80
4014 77
4623 77
101|13
2580 83
3285 62
2723 68
2700 79
2908 79
2390 82
3175 73
2395 74
358 55
2702 63
3394 56
2997 83
2502 85
102|12
158 55
588 74
150 75
592 66
253 70
480 73
344 59
539 68
553 72
593 82
586 60
223 76
103|20
86014 70
1954 84
60040 70
1968 83
77206 70
2161 78
1732 88
81834 85
608 89
2384 61
4254 48
104 73
139642 61
56782 94
2096 74
101 84
6534 57
374 47
60069 86
30793 68
104|20
4740 70
743 48
5218 73
8643 66
1288 83
47997 73
468 65
76251 73
8533 74
4018 63
38038 76
1566 70
7361 85
6060 46
3034 72
1641 75
4641 72
108190 58
616 72
7034 76
105|20
4788 70
69685 70
95311 70
95313 70
110586 70
141816 70
141818 70
170597 70
172587 70
172793 70
173351 70
173535 70
6433 57
4974 60
70286 83
108981 70
95175 70
69122 80
1243 91
3916 80
106|7
69844 92
72998 84
59501 82
86880 79
5349 85
53125 82
59784 82
107|7
231 71
253 83
590 88
165 83
434 71
208 68
318 103
108|16
800 90
6022 67
4995 90
2585 88
5316 69
4975 77
3978 68
5349 80
2926 81
4246 82
4878 91
4994 79
1968 85
1684 67
497 88
5380 88
109|20
380 64
1033 66
231 57
364 74
589 74
480 70
62 67
31 60
587 65
1032 65
586 58
778 75
540 50
256 54
163 67
252 62
223 72
553 69
537 61
168 57
110|11
26171 57
2468 49
1198 83
1089 83
1222 82
1208 83
4881 77
47 78
527 82
1193 82
2428 50
111|20
100194 70
162602 70
171251 70
2145 66
96588 75
65088 66
66203 59
84772 68
2081 71
91529 79
6365 68
45666 51
3255 70
1282 74
6539 77
86833 74
122882 76
59143 81
86911 63
5283 61
112|13
788 55
161 72
1917 60
16 79
21 70
208 58
434 60
39 66
3717 64
19 55
110 80
32 79
70286 77
113|20
4083 70
39 67
3168 74
932 87
2331 58
3359 83
1086 83
3504 84
1339 72
904 88
3546 70
4063 43
4062 65
1077 78
1589 73
2475 66
3831 75
46 60
1733 95
4007 76
114|7
141718 70
54001 67
2291 66
167732 70
122886 66
8961 68
3147 72
115|20
1580 75
2804 84
1387 86
2792 70
3146 54
3273 55
3052 78
2841 75
2719 46
595 79
2700 82
383 67
2027 43
2148 64
2770 59
3785 64
2916 78
3175 77
588 81
1377 66
116|18
2716 71
858 80
1299 75
62383 59
1339 66
1276 79
597 65
1029 64
1101 64
2797 70
2657 63
1961 72
1407 61
5995 75
1704 75
165 66
2115 68
8360 67
117|20
708 66
587 69
589 76
151 69
36 73
1036 76
595 73
288 63
596 69
48 62
315 59
454 70
353 72
474 71
10 67
60 62
805 70
491 63
616 71
485 59
118|5
1221 80
1625 69
153 54
1961 73
1810 66
119|20
95441 73
117176 88
1092 75
91529 93
74458 91
4387 84
79132 94
168252 95
44022 77
78499 95
122904 89
106782 93
442 70
4993 94
31685 73
6365 78
141004 48
4148 69
88744 87
8644 79
120|5
260 82
32 79
5 59
631 58
52 72
121|12
497 73
440 66
161 68
527 78
292 63
344 56
186 52
316 61
1 73
19 51
163 67
337 69
122|20
27660 88
69784 85
7022 98
148652 73
4816 85
56174 85
94959 93
81591 88
71535 93
30810 88
2997 98
1732 99
108932 94
780 83
1090 97
3253 86
106782 99
72226 101
1200 99
1214 96
123|12
68554 68
115569 82
79132 83
109487 82
1196 85
4226 86
296 85
7153 85
143458 70
47 81
96829 86
2858 83
124|10
56145 80
2161 78
260 90
175 88
1358 82
6377 87
4226 91
3147 89
608 90
1223 96
125|20
5088 70
86721 70
110330 70
54503 82
72011 77
162578 88
119145 81
176371 79
55247 82
1240 80
86332 75
68157 85
112623 74
4082 42
160567 90
3342 69
109487 83
88140 75
98607 70
81562 77
126|8
364 73
349 64
231 56
380 63
410 58
300 64
253 65
457 73
127|5
2915 56
903 64
55276 59
5060 60
272 60
128|7
904 91
965 81
926 85
1066 92
1721 72
1080 83
1198 88
129|20
4370 72
480 80
3698 72
2692 87
2138 86
1968 82
8368 85
653 66
7143 82
316 70
6874 87
239 63
2916 79
733 76
4896 82
2028 88
3977 59
3000 88
1907 80
31658 88
130|6
208 59
316 67
292 69
110 82
590 76
296 85
131|14
2273 57
6947 65
58559 74
908 74
4878 72
89745 70
7256 71
68237 71
2722 51
2028 73
48516 75
3178 65
64614 70
969 72
132|20
6251 70
3275 70
4995 67
2987 59
7444 54
3262 58
4168 48
31658 67
44191 66
1089 70
3967 65
5502 55
50 70
58559 69
5992 67
2108 57
1844 68
2657 56
47 66
2470 53
133|7
454 57
356 67
589 64
150 61
153 47
380 55
527 68
134|7
442 64
595 78
349 73
380 72
367 67
509 74
296 87
135|20
592 71
4084 59
893 68
3994 72
2004 72
608 87
1358 79
3852 71
3489 73
1614 64
1198 89
4128 78
1883 66
2302 68
1291 85
410 65
1261 87
4022 76
4881 81
1077 80
136|20
161 76
193 50
585 57
338 60
277 64
380 71
181 47
337 76
437 50
165 74
611 60
151 73
340 66
252 70
432 55
552 66
350 71
280 79
273 60
150 79
137|20
6787 82
2716 77
1198 85
750 88
919 78
1270 81
318 88
150 76
2997 81
1200 81
6986 70
7153 84
1242 83
110 80
33493 70
1197 86
2959 87
1237 89
903 83
7762 84
138|5
2707 66
1960 77
1959 76
849 60
3996 78
139|20
4025 37
7445 44
60684 47
4865 46
68319 37
7090 49
5502 41
260 51
8371 40
53953 40
58025 38
106782 50
6957 44
7163 36
3827 37
3624 39
52722 38
54259 45
4367 36
115617 47
140|20
5699 70
5299 63
1393 71
356 81
609 63
32596 61
4795 66
34072 71
1617 81
5256 48
5943 52
1084 79
4337 70
3108 76
43396 75
4719 56
1005 44
4321 67
5812 75
4259 73
141|20
5418 73
54503 75
4963 74
2478 61
71535 73
317 60
68954 76
54286 72
6365 64
54272 70
4447 63
5502 63
6377 77
6373 64
1265 74
91529 77
2502 78
441 75
1517 68
48516 81
142|8
434 63
384 75
588 79
50 88
527 87
356 86
337 77
377 73
143|15
1721 64
61250 48
6942 71
7169 67
8533 69
106696 69
3421 72
87232 71
78316 64
69069 68
59421 53
2144 69
96821 74
7173 58
500 63
144|20
589 78
541 82
8368 80
597 71
590 74
410 63
1246 80
527 84
356 83
500 68
19 55
2700 76
434 60
733 70
780 67
1036 77
5377 77
552 63
586 61
2081 73
145|5
344 60
339 67
380 67
318 87
588 75
146|7
7293 67
3257 55
32 74
1367 57
3686 56
410 58
47610 68
147|5
1234 85
168 63
552 65
555 77
2395 74
148|10
88125 74
5618 80
108932 74
81847 74
72998 68
5816 70
8368 76
7153 79
81834 76
4993 78
149|12
1097 59
1374 60
1831 38
1527 58
260 65
173 43
1206 64
1200 63
2021 55
1580 56
1391 49
1375 52
150|6
3 67
1356 78
5 61
95 61
733 73
1073 79
151|12
786 75
562 91
780 82
837 78
747 69
1265 94
828 77
1073 91
1 93
648 82
1393 85
1359 64
152|13
50 84
2959 86
116897 84
89492 77
1193 83
69481 80
85774 74
115713 78
111 82
92259 85
1234 81
79132 81
318 88
153|20
134853 48
1732 49
8533 45
4014 42
81456 40
106782 49
8528 45
6863 42
87194 40
2617 37
1246 49
106100 48
1954 47
7458 42
4226 51
89904 48
72998 43
133780 70
586 36
36535 48
154|7
114662 86
119145 92
81834 94
122904 92
106072 81
76093 94
77561 82
155|10
153 60
3286 38
1200 85
260 88
141 73
2355 75
2384 60
2948 80
432 55
2959 91
156|20
26313 70
31038 70
1230 80
1711 59
3341 82
6296 74
762 46
2361 57
2076 77
4784 59
661 66
2926 73
8571 70
47 78
3176 69
58 79
848 61
866 82
1485 61
923 81
157|5
785 64
3617 59
2720 39
2770 52
527 78
158|6
1093 72
2605 63
2872 76
2723 69
2428 54
66320 70
159|20
2959 76
60069 71
45720 64
597 62
4022 65
89864 65
49286 61
140110 62
84954 57
4447 58
1197 75
68954 71
6942 67
1961 68
106696 65
480 66
539 62
166643 66
40819 69
63082 71
160|20
126 37
1371 49
1198 69
196 43
3408 60
5349 60
3213 68
2408 42
839 47
3593 27
2748 23
533 49
1975 46
1676 56
3745 58
2011 59
733 58
3826 41
778 69
2840 46
161|8
4980 64
7247 76
47610 76
1223 91
38038 79
3429 89
2144 76
2336 77
162|8
150 91
225 82
168 72
50 101
300 84
266 80
31 77
62 86
163|5
1608 61
1810 63
1747 62
1777 62
1837 48
164|8
1036 88
2916 82
110 90
589 89
3527 83
1101 77
1201 96
2167 75
165|13
2353 67
3624 61
110 78
5505 67
5527 72
3256 69
5956 71
5418 75
5530 49
5450 69
1127 71
3409 58
5881 63
166|20
33794 84
1721 73
4011 89
5378 69
3481 80
49530 81
2353 73
47644 64
54272 79
8961 84
1198 90
2542 88
1036 83
608 89
434 64
5219 66
5418 83
2396 81
349 74
2324 90
167|20
33493 66
4886 73
778 78
3052 69
7147 72
6857 74
45501 54
6480 70
1682 72
2231 74
784 53
33794 74
2083 73
2413 69
6333 71
8961 74
2139 71
150 71
6773 72
35836 66
168|19
3730 96
1248 102
1201 96
1089 94
296 93
923 91
1222 92
5291 85
3543 86
1302 81
3362 88
1148 94
3101 72
57669 94
2076 87
1729 81
908 93
85354 63
80463 88
169|20
3536 84
2028 101
364 98
953 100
4886 95
5400 73
8644 84
524 85
2795 90
1022 87
3114 95
3967 96
1517 88
1035 98
8641 91
6365 83
661 81
457 96
3287 57
1416 84
170|10
318 86
296 81
586 60
377 68
34 71
592 66
277 60
500 67
266 65
588 74
171|17
485 73
1220 91
1025 90
801 68
1259 97
1079 98
828 78
317 76
869 89
380 82
1136 101
1225 101
661 79
318 106
47 95
1198 101
1208 102
172|6
3087 62
3578 78
7438 77
2072 60
3793 72
2762 77
173|5
10 68
329 64
586 60
597 69
588 74
174|14
553 78
520 64
224 74
648 73
161 76
317 67
158 60
780 73
315 63
485 64
282 68
440 75
350 72
10 73
175|5
531 70
8911 70
43904 34
38388 83
8362 58
176|8
165 81
434 69
39 76
368 81
380 79
780 79
47 90
471 81
177|20
42002 65
91542 71
6332 59
3668 72
45672 59
783 63
27706 63
2657 65
114662 70
1206 80
83132 77
5218 70
508 71
3114 73
1321 65
2176 76
8798 73
88140 70
2012 66
339 64
178|16
7361 91
527 90
2329 91
5995 88
6502 86
4235 88
1198 91
208 62
6539 83
296 90
349 75
10 75
4226 91
1240 83
2579 85
318 95
179|14
367 71
589 87
161 80
231 67
288 72
743 54
1061 81
317 70
786 69
592 75
671 75
296 91
434 67
364 88
180|5
1261 82
260 81
1748 78
1242 81
2140 70
181|20
157 57
593 76
596 65
353 67
539 65
516 61
132 58
169 42
25 65
31 59
542 49
6 70
707 54
185 57
464 54
502 44
415 49
480 70
592 62
344 54
182|20
4879 70
6969 70
3911 73
2728 74
4313 68
8042 84
1291 80
3113 56
3578 78
1590 59
161 70
4452 55
224 71
4980 61
4262 77
2353 66
2890 73
1127 73
541 83
6041 77
183|12
480 77
380 70
1196 84
2951 80
2534 38
4085 70
1287 80
2194 81
3247 61
1233 85
2662 68
1408 78
184|20
158035 70
181413 70
193565 70
97304 83
74754 61
168250 78
191005 70
106072 72
166291 89
127152 92
86332 76
80463 84
5816 77
122898 61
81845 86
5810 71
170813 69
174479 70
112852 85
148626 85
185|10
1685 70
2396 75
5377 75
1721 67
5952 80
1393 71
595 73
2085 67
4995 79
899 81
186|20
2605 69
1214 90
1291 93
3745 79
1269 91
2527 79
2532 65
4361 84
1307 87
2968 88
4306 89
2541 78
1702 63
480 86
1097 86
3977 63
919 87
3527 83
593 95
1196 95
187|20
26122 70
3949 80
49272 79
231 60
1206 82
6874 80
1729 72
1209 81
48394 76
6502 78
2701 46
4027 77
288 66
2542 79
7153 81
39427 52
6890 77
1222 81
8949 74
1748 78
188|10
2346 74
1212 96
594 84
1282 88
3469 82
2396 88
1091 60
3341 96
1264 90
2206 95
189|5
48516 85
4993 82
79132 82
2959 86
58559 84
190|14
6711 85
4776 78
8784 78
4995 83
5630 71
4306 81
30749 79
1221 87
4975 71
8961 80
858 89
8464 76
69844 80
7438 81
191|17
496 70
21 76
72 69
175 87
494 74
417 82
17 81
6 85
85 85
292 70
314 80
58 87
235 77
213 62
161 77
160 60
162 91
192|5
356 90
288 71
316 71
349 76
432 58
193|7
44555 77
55442 76
4878 75
6016 77
307 74
1270 74
5618 78
194|5
163 69
1396 68
1500 72
1288 81
5060 75
195|20
3424 79
2770 54
1041 88
1653 78
1923 71
3160 73
4723 44
1863 49
2336 72
2166 48
4308 69
1909 67
260 81
2028 80
3252 72
2908 74
1392 66
1365 70
70 68
190 64
196|7
70286 77
3578 79
59315 75
58559 83
364 79
1214 78
110 80
197|7
1513 62
1240 79
1882 43
786 64
2167 69
153 59
1784 76
198|20
3894 70
3499 75
920 71
1213 81
3949 76
1994 68
1485 60
2572 70
4019 73
1089 81
110 77
593 80
4128 71
1270 77
4886 74
1079 78
2117 73
912 81
1573 65
1682 73
199|20
5464 67
2165 73
2280 49
736 59
5673 68
349 64
5502 60
482 71
8532 70
1172 78
300 65
50068 69
4881 72
3175 67
7445 65
2973 73
34338 65
41997 69
1956 74
377 64
200|20
3809 73
7022 86
50802 68
3968 66
2485 61
500 73
5610 45
590 80
1029 74
53996 74
2572 79
4993 89
4041 76
57640 82
1302 79
1784 79
6383 53
1653 87
1569 74
1517 77
201|20
1748 92
1527 87
1584 86
2858 94
339 80
589 92
2717 69
994 97
788 65
1196 97
2797 88
733 84
1259 94
2174 83
1198 100
2455 82
1569 79
1213 99
160 68
24 76
202|20
3329 70
924 82
29 82
2289 82
1197 89
1196 87
2966 81
161 75
608 86
1209 86
1296 81
3194 74
1784 76
469 76
923 84
2000 78
1587 68
1719 93
3147 84
32 82
203|9
56174 73
8665 79
2407 68
5952 85
590 78
49272 85
40815 80
333 78
296 87
204|17
1136 91
3949 86
33794 84
48394 82
27075 70
1080 85
79008 88
6104 94
8874 88
81591 78
4878 88
91658 77
711 66
2313 82
86320 79
55820 85
5218 79
205|6
912 84
99114 79
91542 72
5816 72
95167 70
96079 75
206|5
36 85
608 94
733 80
140 71
141 77
207|5
2991 61
2428 42
2707 54
3740 64
100 46
208|6
1210 78
2628 59
380 65
2353 65
2278 68
2762 74
209|7
60684 81
1291 86
68157 87
74458 83
185029 87
122886 80
88125 82
210|20
123553 70
34405 94
166203 70
3147 95
31696 77
7649 68
58559 97
2105 76
6365 78
34397 70
4625 49
84772 77
122926 95
76093 91
62836 70
33493 81
1584 84
47610 85
108932 89
122918 89
211|18
58559 86
63113 71
90405 67
57669 87
60684 79
7153 86
73017 79
2105 68
4367 60
356 85
2642 48
1556 33
318 91
44665 79
85414 73
1198 87
1136 87
260 85
212|20
170697 69
122920 71
122892 66
2571 77
5218 68
48394 72
3578 74
1196 77
135143 68
74795 65
179401 64
79132 77
77800 80
108932 73
110102 72
96821 75
8874 77
65261 80
59784 65
2291 71
213|17
3285 66
87520 50
80363 60
76251 80
8957 69
2860 57
1234 88
5419 68
51935 84
69844 84
39446 61
4132 55
858 94
69526 52
4558 56
49530 81
58559 91
214|5
83 70
628 61
743 41
1363 52
802 57
215|20
1172 85
4973 87
63082 82
1291 82
2028 83
3252 76
3210 73
1968 78
1247 83
49272 82
1089 86
72407 51
5650 74
318 89
1208 86
2000 75
1197 86
1196 84
1297 74
4019 77
216|20
104 65
21 68
3996 74
3946 51
2946 66
3993 67
3897 76
2599 72
34 70
3994 68
4034 79
3363 75
1965 70
3422 66
3555 66
3253 68
2087 71
3986 56
2018 68
1923 71
217|20
1867 70
3434 70
1275 75
2468 43
3197 52
1912 63
2302 58
1876 55
380 61
1221 73
2471 46
1918 55
1385 51
3165 63
1590 45
1562 36
1703 50
2056 70
1831 38
160 52
218|6
2657 61
2692 74
1380 61
1198 77
6934 57
5349 65
219|20
60072 57
2115 68
59315 70
6539 72
442 56
30707 75
1704 75
180 64
1219 75
1005 41
27773 75
56156 58
6188 65
6721 68
30825 59
2997 75
1552 56
1500 69
2890 68
1921 73
220|20
3996 84
733 79
1198 93
3994 77
6539 85
1258 90
1917 65
4545 72
33794 86
165 78
71264 81
4623 78
53464 55
5218 80
6365 74
3751 78
32 88
1036 86
5502 72
1591 60
221|20
4338 70
7013 88
8529 71
1080 84
3246 88
2871 84
1208 91
7063 92
2702 66
4029 85
5954 82
2352 80
922 91
2997 86
1278 87
2858 87
1212 89
1959 80
1961 83
3671 83
222|20
81831 70
100498 39
48516 75
1249 75
99813 73
91529 72
59900 51
93287 72
1721 61
2706 62
3273 46
2411 51
64622 67
7143 69
87869 65
778 73
30825 57
42011 42
673 51
64839 69
223|15
55854 70
6711 71
1 67
736 55
1961 67
457 67
2716 66
48394 66
608 71
8784 66
48516 73
3863 55
4306 68
260 71
2683 56
224|11
3496 70
3044 80
356 91
2915 78
289 69
3668 82
1270 89
2797 82
1721 75
2716 84
1259 88
225|15
2423 74
1285 78
588 79
1717 62
2791 81
1321 71
1136 87
1197 89
1753 75
2004 72
2371 67
1407 68
785 71
1060 77
3024 59
226|20
6938 70
32666 70
3552 78
542 53
1240 78
3098 76
2804 80
3668 76
3653 79
2231 79
145 63
2253 49
3052 74
2628 63
762 49
53129 87
4816 71
16 80
2144 75
46948 65
227|19
46976 79
52319 79
81845 86
109487 85
134130 83
215 86
48738 85
47099 83
1196 88
32587 82
912 90
55721 89
1682 81
750 93
778 87
40629 78
97913 81
70286 82
150 80
228|5
2571 89
1373 61
362 76
318 95
3113 60
229|13
34 79
589 85
377 76
45 74
587 76
5 64
475 94
442 66
597 76
364 86
213 62
110 87
527 90
230|20
34330 70
52715 70
47 66
7438 65
527 69
3147 68
45499 56
6537 54
2291 62
1387 64
6863 57
1485 52
595 60
4022 61
2096 57
588 62
4034 67
1676 56
8644 57
2641 49
231|5
92259 82
858 84
593 80
1198 82
109487 77
232|20
31867 70
41769 70
57526 70
70336 52
8644 68
1586 57
44972 39
4019 75
43928 39
30883 29
65802 56
8376 67
39292 76
1035 78
66198 64
66097 74
32011 45
6564 49
7451 75
33164 37
233|20
48394 66
3751 62
48516 73
1721 59
356 71
106100 68
162600 62
608 72
7153 72
134214 62
57669 73
122920 64
2329 73
4239 65
7371 73
3977 48
3147 71
3948 59
49272 70
5418 66
234|20
2616 65
2140 78
172 61
126 48
1562 49
4519 73
153 63
2710 62
3624 68
3483 65
1391 69
438 64
1460 78
2987 79
65 54
260 91
1359 59
3175 78
588 83
2080 76
235|13
480 76
736 66
500 70
454 73
592 69
235 73
595 76
32 81
527 85
648 70
223 79
588 78
377 71
236|30
1214 70
1278 70
1345 70
1350 70
1387 70
1388 70
1982 70
1997 70
1998 70
2447 70
2459 70
2490 70
2496 70
2502 70
2505 70
2542 70
2572 70
2580 70
2596 70
2598 70
2606 70
2657 70
2683 70
2694 70
2718 70
2770 70
2806 70
2858 70
3024 70
3052 70
237|10
32 70
4254 39
94959 67
293 71
1371 56
1193 74
7361 74
7980 70
43936 53
1374 68
238|9
4954 76
3528 76
4265 60
4901 71
4238 68
593 85
4499 84
4957 48
1193 85
239|20
58559 92
5459 65
4085 75
380 74
95 63
7445 78
608 90
7147 84
6378 81
2115 81
4896 83
36529 81
3994 77
33679 73
47 87
590 81
4022 81
208 63
733 77
51662 82
240|20
368 85
543 80
480 90
367 77
810 50
500 82
546 51
110 96
173 65
1 94
542 64
104 82
34 87
174 66
204 63
225 84
383 75
262 93
434 73
420 65
241|16
81786 70
71899 86
527 83
1206 82
1193 82
99114 79
100714 57
8981 76
53123 82
116897 83
56367 75
3910 78
106782 81
115569 80
4235 81
48780 79
242|7
39 68
380 70
231 63
457 81
592 70
454 73
111 84
243|8
112 80
353 94
62 90
588 95
193 60
586 77
181 56
376 79
244|19
3090 85
1049 71
110 83
257 70
165 74
151 73
1090 83
3755 66
2278 74
648 71
1580 73
1957 81
1610 81
1196 87
3256 73
1573 70
1242 86
3753 72
2243 73
245|5
3196 56
2739 57
3114 54
3274 48
1361 57
246|20
1304 92
616 82
1680 85
6016 95
3081 80
44191 90
60684 87
4973 98
1732 92
1298 84
53125 79
2291 86
2692 92
293 92
4011 94
5013 88
60069 92
48082 89
82202 62
95167 80
247|20
48516 80
593 79
2858 77
49272 77
1961 74
44191 75
527 79
116797 76
68358 74
122886 72
480 70
223 73
1265 74
2078 72
1198 80
1682 72
6377 76
1089 81
953 77
919 73
248|11
4886 77
1198 83
166528 77
176371 75
316 65
147374 66
102903 68
189333 7
122912 77
58559 83
5218 73
249|20
110350 70
102903 75
2167 73
94959 83
84601 73
2395 78
97306 76
3408 77
89047 70
91500 76
91542 80
40815 83
69844 84
904 94
46723 78
3826 54
68791 75
88812 66
67695 16
50 93
250|6
1282 89
2407 75
318 103
1597 72
1246 93
8880 82
251|5
142115 102
293 94
356 96
318 102
1089 99
252|8
164179 85
89745 86
6377 87
164909 84
1682 83
166643 81
143355 73
78499 89
253|10
44555 94
916 94
608 93
2300 90
7099 90
4217 92
26366 70
1192 99
4642 97
3363 86
254|20
46578 85
44195 87
207 74
49278 72
6333 78
780 71
110 83
1210 85
49272 85
27846 84
32587 80
2571 87
44929 85
47 83
293 84
1580 72
5995 85
32 83
592 71
48394 80
255|9
1270 58
4467 57
2023 50
3501 40
1663 54
1394 57
3392 44
2542 58
2915 51
256|20
3247 67
88744 84
377 79
4973 96
53972 76
118696 74
95441 71
104841 82
71535 86
2953 61
81229 79
53121 63
30707 90
2571 93
68791 76
170 76
6942 85
90405 73
6537 72
33493 78
257|5
1500 70
594 68
2502 77
494 65
2406 65
258|5
4995 85
7147 81
72641 78
76093 84
47099 82
259|6
508 64
5945 57
1784 64
4886 67
1356 65
1584 63
260|20
7361 82
3556 73
162 82
903 79
5690 82
6337 73
4878 79
5617 78
342 64
5219 59
2997 78
8011 80
1206 80
3317 77
6709 61
8874 78
2348 74
3822 77
2959 83
8645 78
261|11
3897 80
16 80
2060 71
296 84
2723 67
1682 77
4085 70
2194 79
7361 86
4238 67
58559 85
262|12
708 60
539 62
457 70
322 65
339 61
85 70
26 66
17 67
213 52
273 52
593 74
728 61
263|20
223 79
150 78
500 70
2987 74
2953 56
110 82
4226 86
8370 82
1197 87
7458 71
708 70
1111 83
2125 78
6942 78
5013 79
163 74
457 81
8636 77
1967 80
2085 70
264|12
7841 91
1376 68
151 70
5816 73
1907 74
1320 63
1917 59
150 75
3578 78
1090 79
253 71
1876 59
265|20
3807 70
316 62
253 67
1302 69
724 59
1240 73
3504 77
230 65
3831 69
1956 75
3098 71
529 72
1270 77
3791 57
1177 79
2322 58
1488 59
2474 65
1198 81
1962 68
266|20
476 70
2812 70
2700 76
2278 70
24 63
2770 54
2702 60
64 40
1405 55
2580 80
1527 74
2167 66
457 77
1580 68
2300 79
1923 72
2094 63
132 64
2571 82
2097 60
267|12
2858 91
593 93
1175 93
3006 85
1302 82
3999 57
3113 63
1093 77
589 89
2571 93
923 91
3996 86
268|20
1641 69
587 63
1125 67
1911 50
2802 56
1036 71
1370 63
50 77
2064 72
1784 67
1912 70
1966 64
454 64
1234 75
2247 56
1394 74
2829 59
802 61
260 76
2858 74
269|6
724 66
743 53
95 63
1 84
63 58
648 74
270|8
661 60
62 65
79 50
628 66
14 65
1356 69
141 63
25 66
271|9
3897 69
32 70
2791 69
969 71
6787 72
2858 71
55765 68
1320 56
2288 69
272|7
177765 69
1240 73
51662 71
122922 72
49272 77
158238 73
6365 64
273|11
440 81
593 96
500 78
608 96
223 89
111 95
150 87
21 81
466 66
235 83
520 72
274|20
50147 70
2947 74
3037 82
1645 67
4951 68
2036 51
1359 54
35957 65
553 72
76293 62
3918 66
1503 50
45431 67
4816 68
54999 67
5667 70
4876 47
56805 68
1921 77
54004 71
275|20
1784 80
2289 86
5884 70
1171 76
357 76
1912 83
2539 68
235 78
4886 84
2572 79
2355 77
3253 77
1192 96
926 88
111 89
2100 69
3089 91
1393 78
1719 98
1392 74
276|9
673 74
356 108
466 74
104 88
631 76
648 90
2 91
1367 80
344 78
277|6
637 67
736 73
656 65
1 88
780 77
260 94
278|5
2371 70
1347 70
4002 81
318 96
2369 61
279|20
134130 74
1101 65
166528 73
90405 62
61132 67
79132 77
56782 83
97913 72
1608 64
4226 80
59315 72
88129 71
54286 72
1258 78
8665 71
58559 79
4993 79
8376 65
107406 67
1200 77
280|20
92535 94
344 66
262 85
3146 55
4239 83
4447 72
8638 82
919 84
72641 82
86817 57
8368 87
49530 82
6863 75
35836 77
55052 80
54503 86
4246 81
48516 93
1911 61
3916 81
281|5
46578 72
8361 54
35836 62
3897 70
3861 52
282|20
5995 88
3977 60
3263 66
25 78
6708 79
2683 70
4718 66
6711 89
5481 64
6863 74
5669 83
3752 70
588 82
80463 86
1921 86
1193 90
4369 66
48322 94
1194 82
784 61
283|7
1580 64
39 60
1704 74
356 75
586 56
2082 51
805 66
284|18
474 84
173 61
2 80
296 95
15 69
348 84
248 70
318 101
47 91
353 86
275 41
44 59
339 78
367 74
276 72
165 81
637 69
235 82
285|8
1193 82
949 76
1247 80
6978 65
113207 70
4447 64
441 77
296 81
286|20
454 72
778 83
5989 79
1333 75
165 72
500 69
7438 80
2294 65
4993 84
4995 82
7361 86
70 71
4980 62
1258 83
4963 78
1097 76
4848 80
539 71
377 71
110 81
287|20
3160 59
3578 61
223 60
2633 61
1059 59
586 47
3005 47
532 47
1193 65
2599 58
2028 63
1485 48
3826 37
2081 56
8949 59
2012 53
101 61
4034 62
2422 29
2115 57
288|20
4473 70
4966 70
1008 70
2867 68
42015 60
141 63
2571 76
13 61
53519 61
2407 59
5418 71
3916 68
2347 39
2528 58
30810 66
575 51
32587 71
587 62
2517 53
8361 57
289|24
3 70
16 70
235 70
266 70
594 70
708 70
750 70
1080 70
1101 70
1208 70
1220 70
1258 70
1917 70
2012 70
2174 70
2710 70
2797 70
4322 70
6125 70
6327 70
6453 70
7025 70
7028 70
26704 70
290|20
1228 90
1299 87
2494 89
2739 88
608 90
2130 78
908 91
341 70
1447 77
342 71
1056 68
1719 97
953 88
928 89
1394 87
2648 75
475 94
2731 85
1357 88
2385 47
291|7
40815 90
122892 83
106489 79
134853 94
7153 98
88125 91
1 92
292|20
520 60
103339 59
122900 69
4896 73
2291 72
474 70
85056 61
46972 62
95167 68
164909 73
3176 68
3476 69
1608 64
31221 38
1101 65
3985 66
3984 69
1017 67
69844 74
231 59
293|5
1682 60
1673 65
344 48
1617 65
1097 59
294|20
416 39
3869 60
1064 52
2794 44
610 62
2133 55
1391 52
3868 60
1129 59
520 49
3387 48
355 39
2378 54
3693 39
785 56
2193 60
2367 50
2458 44
348 58
3501 43
295|9
1221 85
3198 78
1287 80
1213 84
4351 68
1198 83
858 86
318 88
2329 85
296|6
160848 70
2028 83
169034 70
4144 83
50 86
2324 85
297|15
832 51
543 51
1645 52
111 62
454 53
1089 64
6 60
1249 64
1047 48
1370 52
1488 47
150 57
170 52
1092 49
866 63
298|20
57640 53
95510 47
6811 42
8370 56
8807 50
63131 48
6881 50
3785 41
122900 51
103042 45
6294 36
2167 47
2005 53
6006 44
653 44
55995 37
3018 49
69757 52
103772 49
3825 40
299|5
3793 79
1387 86
188 79
1198 90
1214 84
300|32
318 70
356 70
527 70
593 70
1172 70
1704 70
2028 70
2324 70
2329 70
2571 70
2762 70
2858 70
2959 70
4848 70
4973 70
5995 70
6016 70
6711 70
7361 70
8950 70
48394 70
56174 70
63082 70
79132 70
81591 70
92259 70
99114 70
109487 70
112183 70
112290 70
112552 70
112556 70
301|20
21 65
357 65
2490 64
6711 77
589 72
8949 70
837 63
3948 64
364 74
527 78
5989 73
4963 72
608 76
292 61
3578 73
3897 73
4226 78
3753 65
1393 66
1792 59
302|7
480 80
14 76
3 71
25 78
648 74
707 63
110 86
303|11
5378 65
3703 82
1127 75
5544 80
1196 86
3471 78
1580 73
1394 83
2683 66
920 75
1358 78
304|20
314 83
2571 91
2433 64
10 76
1376 77
480 83
1373 62
1777 75
1270 89
1517 79
151 77
356 90
208 63
474 80
1214 86
1375 73
640 58
1722 68
185 66
2701 49
305|20
74624 70
140627 70
87869 79
919 83
1197 91
106100 85
138210 77
788 59
7482 83
80590 63
103075 63
903 88
6537 68
93840 84
54736 81
592 73
2288 85
58803 79
55276 81
1272 92
306|20
5784 47
68954 75
69644 55
6377 75
95543 63
81847 72
111743 60
85367 68
168418 74
167018 64
72998 66
122904 72
69406 65
85788 47
4963 72
115664 69
134368 66
112852 75
161634 60
133419 63
307|20
2190 70
4181 70
31424 70
49314 70
5010 64
7845 55
3392 50
1220 64
6793 33
6483 16
2332 23
56003 46
1991 46
3273 42
4876 42
3421 65
1409 43
413 45
4447 55
52867 70
308|20
2959 54
45517 43
96821 50
72998 45
318 55
2 43
904 54
589 49
8961 49
56152 47
56367 48
5618 53
36 48
410 40
79132 51
4993 52
8464 47
1221 53
2248 48
6 50
309|20
2202 86
1645 66
898 86
1682 73
296 80
1089 81
1269 76
7153 80
6947 71
8340 70
1104 88
7218 70
25886 85
1219 78
8154 84
971 78
1944 75
6365 65
1262 81
2762 75
310|13
6863 68
6947 74
1101 68
6503 50
2524 71
2457 71
5899 77
733 71
246 85
3254 68
1223 89
1080 79
2671 71
311|6
6561 70
5992 49
1517 44
6461 47
1407 40
2706 42
312|20
5816 76
1375 68
3499 81
589 81
2454 69
1358 78
4878 84
4103 83
3793 76
2028 85
1371 64
4121 68
2366 75
2747 59
4105 78
5446 75
2699 61
2529 81
1350 81
1356 78
313|20
4980 59
170 65
3917 65
2455 68
5544 76
541 81
2193 69
2000 74
6 76
1968 75
1089 82
1301 73
1240 75
3175 71
4865 72
2005 72
2167 65
1375 65
2087 71
2530 56
314|20
7 54
1042 57
44 46
165 63
457 70
293 70
597 62
329 58
442 54
26 66
830 55
728 60
618 70
107 59
536 49
10 61
1376 62
153 51
208 51
150 67
315|7
1262 72
2729 65
2529 67
2067 72
2553 61
909 68
902 67
316|11
1748 70
253 63
3968 54
158 49
5445 65
3751 63
7438 70
6874 71
48 56
3882 49
2572 64
317|20
133115 70
73321 63
91529 79
74545 71
7445 69
1213 82
48774 76
4262 75
1884 78
5989 76
3578 77
4011 81
68358 76
1208 82
72011 72
3897 76
3499 76
96829 81
116797 78
56782 85
318|20
26713 70
81191 70
90245 70
111817 70
127180 70
145080 70
150696 70
7445 72
1090 79
116799 75
82459 79
48385 68
2294 66
64839 78
88125 78
109487 81
4021 90
33794 79
54286 77
89753 76
319|7
115617 86
6377 91
356 93
136864 51
1221 96
122904 87
110 90
320|5
72998 66
71535 71
31184 69
59315 70
1013 61
321|12
587 74
356 86
160 61
592 70
597 73
780 73
339 72
355 49
410 65
3 68
500 72
457 83
322|20
2882 37
1968 67
2542 72
58559 73
2788 74
2146 61
2617 55
2918 68
778 72
2599 66
4027 69
4993 72
1230 71
51540 67
1 69
1617 73
1923 64
4010 55
11 65
1035 71
323|20
377 61
480 65
356 72
1094 60
161 63
115569 70
1198 74
29 69
551 62
22 58
318 77
112183 62
253 62
111659 50
3257 52
260 73
150 67
329 58
342 57
266 58
324|5
2764 77
3972 72
3864 33
3949 73
3897 72
325|20
2848 70
235 70
2986 55
262 75
1573 66
2596 72
1584 71
1217 86
1676 65
4714 39
3770 50
3261 67
2894 70
2155 62
1279 82
1614 60
3994 68
2268 74
2915 70
5008 86
326|20
8665 77
47610 76
20 55
2858 84
86882 78
5418 79
4973 89
133771 81
48774 81
2324 86
1293 79
2692 83
72605 66
70159 55
54286 78
5446 74
6591 92
4226 87
105844 75
31410 80
327|10
3301 79
150 84
858 96
1923 81
51255 90
48516 94
1304 90
765 68
6888 48
2706 77
328|20
2687 58
112852 68
70286 65
1196 71
457 67
364 67
80463 67
3489 59
318 75
595 63
5349 61
2542 69
1219 68
35836 59
3751 61
79091 62
7153 70
596 60
2398 67
1148 73
329|5
130482 70
136850 70
858 55
1884 51
750 55
330|20
5378 62
316 64
1639 71
2918 76
919 76
3949 79
3535 76
5349 71
380 66
1676 65
2502 81
3703 78
1682 75
2683 63
1206 82
1721 67
2791 76
2081 72
8874 81
592 67
331|20
8874 81
6157 53
88125 77
6539 77
3897 78
4446 67
7361 84
50872 77
4995 80
4306 78
6874 80
5502 65
3911 73
608 82
4447 65
593 82
3751 70
8665 74
4367 58
2959 86
332|20
47 76
1653 77
1258 80
316 63
8983 71
431 73
97757 70
2291 73
1835 66
356 79
5502 63
4308 69
1203 82
1682 73
1249 81
76251 70
2905 82
318 85
2294 62
32 77
333|5
3785 50
3752 54
3616 55
3615 52
3646 35
334|20
55820 70
1196 74
1580 63
1291 73
3996 68
589 70
30810 64
4027 70
1 69
64957 63
1625 66
50601 49
44195 74
27416 71
6867 69
2997 72
293 72
480 67
5378 56
51935 68
335|6
780 69
592 69
356 84
296 85
2699 59
2001 66
336|12
1267 96
1 89
38798 72
33660 90
1784 84
2001 74
2268 87
293 91
1625 84
4886 88
50 96
150 86
337|16
318 109
47 97
16 97
805 91
1393 89
266 82
667 60
168 77
784 70
65 61
110 100
708 84
25 89
1356 95
277 77
786 80
338|8
189111 70
190207 70
190215 70
190219 70
7153 72
593 72
187541 52
185029 71
339|20
72641 79
5445 79
84152 84
96079 81
106072 72
69122 80
5617 86
41285 79
56869 70
48322 93
65216 82
91630 77
86504 87
91529 86
83613 65
4993 88
3470 90
102407 73
2028 88
5952 86
340|28
10 70
110 70
150 70
153 70
161 70
165 70
185 70
208 70
253 70
288 70
292 70
296 70
316 70
318 70
329 70
344 70
349 70
356 70
454 70
457 70
480 70
589 70
590 70
592 70
595 70
648 70
780 70
1356 70
341|11
2335 71
3624 68
130087 65
1370 75
135137 60
117529 71
5459 64
45672 67
1 84
47099 84
4025 65
342|14
2683 59
2598 54
2881 58
2369 52
1268 70
2605 56
2599 69
1198 78
3157 52
3826 46
2428 48
2827 41
3863 58
1959 69
343|12
858 89
3000 85
48394 79
4226 86
4878 84
3993 71
2571 86
1617 85
31658 84
55363 84
55820 81
296 86
344|14
111362 77
380 69
316 66
2628 63
4226 84
2571 84
4014 73
2012 70
4034 82
260 83
2541 69
4973 87
5418 77
2712 69
345|13
1019 76
2539 65
926 84
5902 85
8810 58
344 63
5707 65
2366 76
56949 68
3649 53
6658 67
3489 73
412 73
346|20
3174 68
778 77
608 79
6711 78
6286 77
306 80
7323 72
307 76
3535 73
1212 79
357 67
3949 76
714 73
7937 81
7396 77
5878 78
1120 69
1131 77
3627 76
7115 63
347|9
434 61
590 76
39 68
150 77
454 73
380 70
587 71
317 65
457 80
348|11
318 104
2324 99
4368 50
1213 100
6016 99
2959 102
6893 92
4973 101
1221 100
1960 89
2019 100
349|8
10 73
161 77
589 83
381 75
349 73
231 65
588 80
509 74
350|8
852 63
7 60
637 58
648 67
733 70
12 46
858 83
661 63
351|20
88932 70
87222 71
73344 89
52579 63
2231 78
88744 76
43836 57
79132 82
597 71
58559 84
12 48
8914 76
8950 79
63082 81
6214 80
90376 81
84152 80
480 73
4878 82
1193 84
352|20
72998 76
71745 57
1801 76
34319 71
2600 81
65682 76
1080 84
79695 66
110730 51
38038 82
130490 69
97752 78
1214 84
94864 70
41566 73
56587 75
44191 84
114935 82
59315 81
47610 79
353|18
552 66
25 75
267 63
216 74
367 67
288 69
144 69
186 59
333 78
266 70
112 67
198 71
234 52
145 66
293 84
158 59
163 76
296 87
354|20
1610 79
4306 80
2692 83
3147 84
47 81
903 84
733 73
3977 56
1225 86
35836 72
648 70
44191 80
8665 77
1917 61
7147 78
1923 75
589 81
2959 88
4718 62
1196 85
355|6
316 73
1580 78
3035 95
3175 80
317 71
916 95
356|20
2248 83
52435 89
52975 79
7122 70
44889 70
1641 81
2706 74
4011 89
802 72
7323 81
2502 88
56367 82
1223 95
55118 88
3949 86
3996 82
1246 86
1466 81
223 83
7153 89
357|20
4354 70
8998 70
27329 70
2804 83
595 78
529 81
4663 52
4091 69
1224 83
1242 87
34 75
208 61
58559 89
6296 80
30793 67
1042 68
2100 67
551 75
471 76
2067 89
358|9
26095 70
605 59
5066 72
52328 78
2226 70
42728 70
7361 88
69844 81
36525 54
359|15
405 44
1092 61
1101 63
51412 54
648 64
296 78
1097 70
2396 71
2424 60
593 78
2701 43
2942 51
1682 71
2530 54
4995 76
360|5
1422 64
1620 63
1488 64
1711 63
1414 62
361|20
47099 68
1580 61
377 61
1552 54
49272 71
1263 70
53125 62
589 69
49822 62
8360 64
318 77
2529 69
5218 64
6188 62
2422 35
3082 59
1732 71
1370 61
46972 57
7458 62
362|20
1945 95
592 75
6539 85
51540 84
5989 86
637 66
70 78
7153 92
1252 94
44665 85
407 75
6874 89
2959 95
1196 92
1208 94
8961 86
48516 93
7438 87
356 91
1201 94
363|6
1552 52
1732 70
1517 62
296 72
653 53
318 76
364|5
858 97
9 67
783 75
376 71
1 88
365|20
59315 58
81229 54
128975 45
6874 61
90345 56
158872 53
129354 50
103075 45
135536 45
70286 59
112852 62
76077 52
112818 57
1777 53
6502 61
155820 25
541 62
95720 45
93270 36
135569 53
366|7
116797 82
59315 77
33794 80
91529 83
2028 84
122882 79
7438 81
367|20
926 91
3061 81
1270 90
1287 90
486 62
3536 77
3824 60
2384 64
3072 82
898 101
3618 80
3225 53
2248 87
3157 64
3969 82
3717 72
1259 90
4023 68
1196 93
1258 92
368|20
3753 59
2112 52
1944 66
2986 49
3869 62
1214 68
2947 66
415 45
3035 73
832 58
50 71
2819 64
1801 61
2490 59
1917 50
1391 54
2193 61
225 59
161 62
2881 54
369|20
1256 71
785 63
47 73
2706 64
839 52
377 64
52973 68
743 45
4214 56
5418 71
3863 58
1372 62
27904 70
60069 74
2857 57
1967 72
150 69
2011 66
1580 64
3174 66
370|19
4011 76
4878 75
8961 72
6377 74
2628 57
1748 73
2116 61
589 72
2329 78
7438 73
3977 51
1676 61
593 76
4973 79
4226 77
1240 70
1089 78
8636 69
2716 70
371|9
2571 101
112512 70
1258 100
4090 87
56715 100
3000 100
4226 102
4993 100
1748 96
372|20
335 70
924 74
318 82
1603 48
1479 61
589 74
81 60
387 47
616 68
337 68
1220 71
1201 78
165 66
1243 80
1258 76
377 66
1401 64
450 58
1206 77
1306 57
373|20
216 67
60 60
169 42
350 63
585 51
44 49
371 64
163 69
616 68
198 65
265 70
25 68
6 74
733 67
47 75
2 65
736 59
305 53
357 67
141 65
374|7
296 86
208 60
1219 84
480 76
592 70
1258 85
1339 74
375|7
344 68
1027 69
32 90
2628 69
3256 79
4226 94
500 76
376|20
91535 68
2002 64
1214 85
1101 74
2916 79
33794 85
1198 92
349 75
1371 67
376 68
1240 83
1375 71
4993 89
858 93
457 85
4226 90
5952 88
344 65
2763 80
2797 81
377|20
4942 70
2793 49
1262 93
2791 87
748 70
1345 76
5027 67
5113 72
27692 70
3421 85
6021 70
3364 80
2072 68
8641 83
2163 51
92760 70
2858 90
1503 57
2124 76
2015 77
378|10
33794 78
7153 84
48516 85
3114 78
858 87
68954 80
91529 81
71535 77
90600 72
364 80
379|8
318 87
377 70
19 53
292 67
480 74
367 63
597 69
344 59
380|20
60818 70
172875 70
172881 70
172887 70
355 51
6979 77
5476 34
2735 60
68194 96
63433 72
72356 95
105731 47
1833 66
551 78
6731 83
27831 85
1665 69
393 58
140956 79
2791 86
381|20
2085 70
1088 70
3253 72
185 61
317 64
27808 67
1240 77
19 56
3753 71
4321 69
72011 76
3082 68
333 76
2140 72
1385 59
2273 65
1208 86
457 79
104 69
2716 76
382|20
1204 98
142372 46
135532 65
1201 96
112171 78
1198 95
912 95
81847 88
4638 64
63540 36
1681 50
170289 70
103042 72
72737 83
2496 71
357 79
81537 69
59501 77
101362 58
4890 70
383|7
2436 85
2541 72
2496 66
1584 77
2558 49
1246 83
903 86
384|14
3527 68
1388 55
2683 59
2502 75
4333 56
3098 69
4396 55
457 74
358 49
968 69
2724 52
296 76
3991 51
1204 81
385|20
736 61
1080 73
249 72
1219 75
1036 74
1136 79
282 60
1073 72
1200 76
1228 79
1022 66
1007 53
1201 79
1246 75
344 56
589 74
1023 67
1287 75
594 68
1303 77
386|14
110 63
410 50
112 51
165 56
223 62
648 54
185 48
608 66
485 49
305 45
44 41
585 44
349 55
10 55
387|20
4393 70
5156 70
5780 70
7336 70
26124 70
40966 70
2712 64
5062 73
1247 76
5489 70
4195 67
7132 77
2946 62
1387 71
3000 76
51939 53
4995 73
912 78
7938 70
1783 57
388|6
6158 70
63239 70
33615 65
86298 60
62999 68
8360 71
389|7
17 95
140 80
628 91
762 61
743 61
95 74
32 101
390|17
6344 70
64957 70
4239 75
5220 52
1193 83
2571 82
9010 81
2291 75
5296 55
4226 83
7254 72
6377 80
63062 73
1206 82
2329 84
4014 71
1784 73
391|20
5575 70
500 67
3994 69
1213 84
516 67
199 79
4027 78
150 74
1408 77
4014 71
1527 74
1059 75
2916 72
4973 86
357 70
555 75
5026 83
4936 70
1210 81
3067 71
392|5
3004 51
2858 77
707 56
1198 79
1125 69
393|20
91658 71
102125 72
48394 76
36517 73
8636 75
110102 76
44199 75
5388 66
54259 73
4848 79
5669 76
1291 81
68848 73
86190 70
2571 83
1206 82
122892 71
106642 89
1625 73
106489 67
394|5
588 64
316 55
344 51
225 58
457 66
395|13
329 59
1025 67
296 73
160 52
208 52
173 48
485 54
355 42
520 55
595 66
126 40
48 57
367 58
396|6
1276 78
1597 57
1777 64
44 48
204 48
2081 67
397|5
4017 76
8645 81
1701 80
8228 75
6993 80
398|10
6408 70
1197 91
5971 86
7022 86
1198 90
60069 86
2455 76
1136 90
48516 90
82459 84
399|8
1198 83
110 79
5445 73
1196 82
593 82
480 73
1270 79
2194 78
400|9
608 93
356 92
2571 93
2959 97
7153 93
1221 95
3578 89
858 97
59615 65
401|15
5952 76
6297 67
55768 60
48982 68
166461 70
49274 48
50872 73
32031 60
79091 70
170939 70
38038 72
8360 68
3114 73
33615 63
1136 79
402|10
1084 92
597 80
52 82
329 75
296 94
586 70
315 68
1036 89
434 69
527 94
403|7
110 79
2427 65
3210 71
296 83
61465 57
1663 75
180 69
404|12
204 50
349 67
474 70
34 70
364 76
508 71
105 62
593 79
509 67
277 59
315 57
185 58
405|20
70708 70
293 84
7254 76
37731 77
2959 91
345 78
1213 89
7134 70
64614 83
6023 65
1241 82
2329 88
1247 86
3052 77
68237 85
1199 89
27592 81
27664 66
3418 76
1215 87
406|5
1586 56
135 55
56949 63
46972 62
724 59
407|5
7153 84
2959 87
6539 78
1240 77
54286 76
408|20
1198 96
122904 88
44840 69
165101 60
6618 88
1291 93
1210 93
89745 90
1278 93
7324 74
44 59
8641 85
115210 87
103596 41
68554 76
2571 95
109487 91
63131 80
80489 88
4649 84
409|20
2485 61
2490 74
2028 88
3812 74
1278 88
2997 86
296 89
1078 73
3016 68
1073 82
2683 69
2289 85
3846 72
912 91
2013 65
1911 59
2352 81
1230 86
2541 73
3174 77
410|20
389 70
3224 100
318 93
2302 69
4002 78
1060 79
4297 78
3263 65
1859 77
111 87
58 86
2145 71
3255 75
2321 73
3504 88
3948 73
11 77
4019 80
3 69
597 74
411|20
508 72
261 73
586 61
432 53
353 72
431 73
194 70
318 85
272 74
515 73
356 80
266 65
257 67
349 69
10 67
31 63
344 58
227 53
455 48
122 52
412|20
2828 20
2384 59
2915 74
903 86
608 87
2720 43
2858 84
1883 66
1307 80
1214 82
1784 76
2239 100
1 81
930 90
1136 88
2710 59
915 79
2398 82
17 78
1079 85
413|12
2706 82
1198 100
3753 83
2424 76
593 98
128360 91
4993 97
16 93
5574 82
3948 81
64957 83
2959 102
414|20
4458 70
4666 70
5285 70
5635 70
6033 70
6493 70
6563 70
6628 70
6797 70
48319 70
58879 70
169992 70
3802 43
3599 73
1600 80
8666 29
4975 70
7444 67
4081 38
177593 96
415|19
296 88
1213 89
4321 72
3507 86
4308 76
47 84
1021 52
111 87
2617 66
1276 90
3861 61
4369 64
99114 84
1221 90
63082 85
1234 86
45722 76
1197 90
175 86
416|11
5952 62
5951 42
531 49
1296 60
1199 64
1721 52
830 48
1206 63
7323 57
4848 60
3677 64
417|14
778 92
4995 91
4975 78
7254 82
1198 95
106782 92
27773 92
168250 84
1625 83
7153 94
74458 89
110102 86
48394 86
4878 92
418|19
356 82
296 83
63082 80
104374 80
1276 85
1136 84
117176 76
1573 67
137337 81
1682 76
5816 73
88125 77
74458 79
367 63
89745 79
45672 61
87869 73
7361 85
54001 76
419|20
4093 70
111 85
46976 78
27822 51
2858 84
319 79
6287 64
3578 82
1213 88
64969 76
47 83
79592 69
34319 70
89580 70
60756 74
27704 70
90943 70
2412 43
1240 80
52245 64
420|20
1161 84
4993 84
45499 69
923 83
26693 70
48385 69
1927 85
5608 80
2052 61
6934 65
7022 82
3979 52
59295 70
2329 86
54259 75
1131 83
2762 80
4973 88
5669 78
527 85
421|8
2858 86
909 84
5008 93
953 86
1178 93
2313 80
2478 67
1203 89
422|19
2539 60
2710 55
4947 75
4971 62
5039 75
4925 70
2581 60
4916 59
1265 75
2804 76
3053 76
2665 70
1283 84
4835 71
2908 74
3943 62
1213 82
2670 77
858 83
423|5
1653 86
110 86
2194 85
5349 77
1320 68
424|20
1193 82
141 68
2804 78
40278 74
608 82
108729 71
293 80
69122 74
1092 64
54503 78
58559 83
3186 69
66097 74
778 81
5679 66
3176 70
2288 79
2174 70
71668 74
112556 77
425|20
45517 66
377 67
2329 82
733 69
6 76
1645 67
8368 77
2081 70
4306 76
1680 72
1909 66
367 61
46723 69
1625 71
1036 75
4901 68
750 84
2353 66
1342 56
145 61
426|18
59784 67
150 74
471 70
337 72
54001 75
1197 83
6378 72
72641 72
4886 75
8644 66
37729 70
597 69
5444 73
91325 41
588 74
3247 58
4022 72
79091 71
427|17
4887 54
5463 53
5015 66
110 76
58 78
5528 68
6348 49
5312 56
2710 55
5696 46
4993 79
5266 59
2683 61
5400 57
5816 70
1208 81
5574 66
428|20
2471 41
2762 62
3827 47
1089 68
2953 43
2916 58
1380 53
1997 61
3440 34
4022 59
317 50
4255 36
1208 67
1391 50
6377 64
2581 49
260 65
3285 48
588 59
653 49
429|12
339 84
421 76
150 94
225 85
165 87
266 82
329 80
252 82
279 67
317 78
237 81
204 64
430|12
923 85
2987 75
3745 73
6287 64
2858 85
6365 71
2571 87
4447 69
4014 75
329 68
2076 82
4446 71
431|5
172 48
1625 62
1376 58
3948 58
802 57
432|20
1831 49
5630 69
6870 76
8640 60
6539 78
3916 74
5989 79
84189 70
110 80
35836 71
4886 78
2762 78
1206 83
49272 81
19 55
318 88
58559 84
69481 80
7158 75
33660 80
433|5
91529 74
1089 77
50 77
5299 59
110 73
434|20
1136 86
3147 83
1090 82
1265 80
5989 80
1101 68
1779 61
586 61
344 61
3863 64
1208 87
3160 78
589 80
780 68
6796 77
2791 79
4226 86
2194 80
8665 76
1291 83
435|9
2353 77
44191 89
485 69
3510 78
34405 92
2302 74
158 63
82459 89
48780 90
436|20
204 50
435 47
440 69
432 51
161 70
480 73
377 68
531 63
536 53
502 47
364 77
235 69
371 66
344 58
2 68
585 54
450 61
587 68
437 47
227 53
437|20
748 67
318 93
5 61
640 57
1299 86
1120 78
1396 73
1246 85
454 74
1171 74
1225 90
1183 78
1097 79
1307 82
1268 81
592 72
198 73
155 46
112 68
246 90
438|20
7154 61
2501 76
8966 65
27801 80
1527 77
6711 84
3898 30
1784 75
8644 70
6367 64
2424 65
3889 42
223 80
1517 74
7361 85
2641 63
5009 65
2617 65
3753 71
2393 67
439|5
356 84
4022 75
7153 85
78499 84
1240 78
440|7
8690 70
541 84
29 81
1653 82
1274 81
3174 73
1235 87
441|9
589 91
2683 75
2959 101
4306 91
260 96
296 97
51255 94
47 92
68358 91
442|5
2908 23
2881 20
1186 23
3752 20
4361 22
443|8
2329 88
79132 85
296 87
48394 80
106487 75
108190 61
7153 87
63082 85
444|9
356 87
592 72
208 61
21 74
111 87
110 84
235 76
296 88
344 64
445|16
2028 80
590 72
34405 78
47 77
116897 82
780 66
4011 81
899 80
593 81
33794 76
1080 76
45722 69
17 72
1230 78
306 81
2710 55
446|17
237 60
339 62
300 64
296 76
480 69
368 65
288 60
172 52
17 68
16 72
357 64
150 69
434 55
153 53
648 63
593 76
337 67
447|16
257 77
293 91
337 84
531 74
382 69
589 89
552 72
253 81
362 81
532 69
292 77
31 74
474 83
540 61
442 69
160 66
448|373
2368 70
3284 70
3933 70
6302 70
6476 70
7245 70
48262 70
49688 70
75803 70
75816 70
78116 70
79590 70
86593 70
92198 70
98908 70
100326 70
102819 70
104760 70
108715 70
109191 70
111680 70
113416 70
116207 70
116985 70
129657 70
130083 70
133377 70
136654 70
138546 70
142424 70
151777 70
152658 70
157130 70
158022 70
161290 70
164375 70
53996 61
136778 70
5418 70
288 58
88356 36
2580 74
155358 70
2889 72
4034 76
148888 45
81156 73
2713 49
103335 65
95441 56
34048 58
80126 49
3057 70
1057 65
2794 49
33830 77
8665 68
6059 62
110553 47
90374 79
151501 70
3764 44
6143 69
103819 28
4361 68
104913 68
3986 53
5528 63
1196 80
105351 50
83349 57
3276 70
1090 74
5349 67
587 67
106330 35
4677 58
95508 70
109895 34
110611 70
671 61
2289 72
152077 68
80693 57
111360 53
170 61
87444 62
94323 53
8493 58
3671 73
91653 63
4981 70
2991 69
78034 70
119145 70
5099 43
4299 60
2567 55
6996 27
109864 28
6582 51
73017 70
370 60
543 61
115617 68
590 71
154065 70
5553 60
41569 60
3286 34
6645 77
589 76
1920 55
2857 59
111663 59
78499 74
2657 63
6537 57
1148 81
46974 51
48516 76
80241 62
445 52
4262 72
3689 28
114935 71
6428 66
127194 70
109673 49
127096 68
89388 70
4156 70
3793 67
33679 60
2014 57
64285 74
3968 55
49530 66
3450 59
160563 58
5502 58
8169 67
6314 36
122490 70
3386 69
140725 65
4896 70
2642 44
127136 78
2763 70
2520 70
457 75
48783 67
3263 55
5400 53
5541 61
4011 77
58351 70
127132 70
152091 62
3698 61
435 49
4799 54
84152 73
3401 48
2858 75
3174 67
7076 70
106542 70
6218 63
2860 48
1283 82
3618 66
2616 57
90439 68
2404 43
4660 70
2530 51
26386 70
4327 65
3030 77
71464 63
32 74
91529 74
4158 46
99114 72
98585 64
93326 49
2268 71
80489 73
130576 43
105504 73
2791 75
50601 50
7007 62
4234 59
3623 51
80727 72
78467 32
8641 67
4128 69
106782 74
2537 34
112138 66
3247 58
112818 67
2027 36
3101 55
5779 70
82202 49
1704 73
98296 70
6863 62
89305 58
4203 63
1201 75
6212 36
637 57
84954 57
6814 70
94864 59
67695 13
159077 70
92439 76
6812 36
3156 52
802 67
118354 70
134130 70
138036 66
65135 70
52975 67
4368 39
90717 59
45722 65
79259 70
68157 75
4233 35
74458 70
3258 57
1262 80
3949 72
101025 46
69526 42
1831 43
1083 58
1884 76
1476 67
156609 48
3755 60
111659 52
4734 58
161 67
95201 70
135887 63
2598 58
87232 68
4634 82
5334 44
5459 54
146730 70
72694 70
157432 70
132488 70
4558 48
1375 66
6424 70
71518 61
2716 74
94780 52
3593 28
129354 56
158 54
1409 52
6514 70
2881 58
51662 68
90522 59
68554 59
2126 51
122932 70
93510 68
137857 65
125916 10
2953 53
2090 60
1760 25
480 73
58803 67
2109 67
50792 36
46062 26
85510 58
80864 70
112171 64
122900 65
2587 51
1527 70
117529 59
4993 77
92264 54
5247 49
533 52
912 79
26464 70
2249 63
4678 64
103772 63
114601 65
96861 60
420 51
59615 54
2349 70
109372 53
95207 54
348 66
19 49
136020 57
4502 34
91094 54
138208 60
3511 44
79428 62
2643 37
109183 70
2139 69
4212 70
5942 56
96417 59
112852 73
99728 65
89470 64
142448 61
64983 60
2640 72
2046 59
4881 71
3882 51
3744 51
1032 63
116799 67
5 57
4040 44
157407 70
2115 67
1617 77
4367 52
105254 71
3388 47
3760 71
2146 64
2968 74
6281 58
466 53
96448 47
86332 67
64969 66
115170 70
1036 75
3397 68
2474 62
1408 72
155743 70
106920 71
8542 68
120466 64
2051 32
7143 71
7150 51
89087 50
34150 51
2253 52
2973 73
449|8
1917 54
2502 75
4034 74
1222 76
2770 50
762 44
2011 65
2324 76
450|11
3977 61
589 87
110 88
3363 85
3535 85
3948 76
3409 66
1035 89
3568 70
358 59
1259 89
451|7
733 77
593 91
7 67
5 64
494 75
25 79
17 82
452|20
4025 77
2858 103
2617 79
5292 97
1206 105
1676 84
3219 78
47 101
3101 82
163 92
1092 82
1917 76
2126 69
1356 96
552 80
2628 78
1200 102
608 105
2707 83
3273 65
453|20
208 65
858 97
2335 74
4022 83
3618 80
1617 93
3452 70
1357 91
112 72
2671 80
1884 90
1894 63
2294 72
318 99
1614 69
3534 73
2959 97
798 64
5266 69
780 77
454|9
7361 82
2692 79
7116 31
55820 76
6016 82
27773 79
2160 81
2858 79
26131 87
455|12
272 76
432 52
367 63
590 74
253 70
364 79
555 73
252 66
110 79
225 68
588 75
597 69
456|9
1407 77
634 48
135 67
5 69
724 73
780 81
733 84
260 98
706 70
457|10
329 66
3593 32
2692 81
1356 76
223 78
2394 70
2701 46
3608 62
733 72
2094 65
458|12
597 83
185 72
10 82
380 81
95 70
454 84
300 83
595 88
153 68
587 83
150 90
552 75
459|6
79132 92
5618 95
8961 88
48780 90
50872 87
260 93
460|17
89039 70
4886 86
4703 72
3831 82
1441 79
4878 90
3483 66
8970 82
1 86
49272 90
40815 85
85414 78
68237 89
76093 88
47610 82
63082 89
2571 92
461|6
74458 62
2762 61
1036 60
91500 55
3578 62
539 54
462|20
26838 70
89090 70
164655 70
188189 70
1136 75
1219 73
158966 83
1248 81
508 65
1653 71
1674 65
8917 60
8620 9
3424 75
2146 62
7044 70
3814 76
1213 74
82857 70
26131 80
463|7
6377 86
2028 88
4310 66
3753 75
2006 67
1092 70
5995 87
464|20
1370 74
58025 65
63853 54
296 88
2019 90
3527 78
5254 69
7007 72
1101 72
1779 64
377 74
1653 86
55820 83
648 73
33493 74
1610 82
65088 71
74727 88
1617 88
62374 75
465|20
2941 87
2987 80
1200 90
3448 82
5060 86
1299 90
3703 88
3649 56
1625 81
292 74
904 96
3101 71
1754 80
750 98
1256 85
593 92
3732 75
3740 88
3334 91
377 77
466|20
5418 82
30793 67
79091 79
92259 91
5989 84
5459 64
318 94
63082 87
59784 74
5010 82
74458 84
6281 69
5952 87
8529 71
64716 87
68954 86
4993 88
45447 68
81845 87
55247 85
467|22
41 70
58 70
389 70
466 70
527 70
593 70
780 70
1183 70
1233 70
1357 70
1365 70
1408 70
1721 70
2028 70
2125 70
2324 70
2334 70
2384 70
2390 70
2393 70
2394 70
2493 70
468|7
592 68
349 70
1 79
317 64
296 83
32 80
165 72
469|20
3658 70
3832 70
3507 82
3032 83
2736 83
2132 88
1958 79
910 84
1090 81
1485 63
1388 60
2321 70
1234 84
2081 74
1193 85
36 76
2908 77
909 81
2023 70
3255 72
470|16
253 71
318 88
110 81
588 76
282 65
5 61
597 71
32 80
595 75
592 68
500 70
26 75
356 83
357 71
434 62
300 70
471|6
2571 80
8874 78
527 80
1 74
8360 70
7147 74
472|6
58559 90
3450 72
3298 81
2840 59
1221 91
858 93
473|8
4979 74
2959 85
60 63
7147 76
6281 64
3897 78
48322 86
2596 73
474|422
638 70
2179 70
2697 70
4046 70
5114 70
5311 70
5353 70
5455 70
5601 70
6201 70
6273 70
6382 70
6407 70
6592 70
6912 70
7702 70
7826 70
7832 70
7839 70
8057 70
8446 70
8458 70
8459 70
8611 70
8650 70
8774 70
8938 70
1466 71
6708 69
2940 75
2616 55
2334 55
7139 74
4218 70
371 64
750 82
2935 78
8645 76
5481 55
6370 81
25865 70
2553 67
912 81
2467 73
5548 65
7301 81
52967 66
5945 62
480 70
1983 48
3462 71
1068 70
8600 77
6650 84
8482 70
6791 83
4016 70
1784 70
3668 71
3977 53
8961 74
4160 71
30820 64
6984 70
2750 64
5034 52
7716 70
2612 70
4419 87
1300 78
4187 77
1187 64
6565 73
272 73
5440 70
25937 62
1099 59
3125 70
5826 70
5649 70
7256 76
4912 73
6016 79
1208 80
2083 74
3385 58
2310 66
3360 71
3163 74
1413 76
4081 37
1643 69
968 71
2116 63
26965 78
5954 72
1263 76
5116 70
3536 64
8778 61
63433 62
2952 69
318 83
3394 51
1200 76
3384 84
4356 78
932 82
7698 71
516 64
4873 72
48385 64
39869 78
1902 70
2641 56
7036 59
2181 69
4638 54
31116 81
2455 68
2146 66
628 68
3897 74
1030 52
4022 70
344 57
3196 76
92 47
237 62
6770 68
3259 62
3368 61
26151 72
1293 73
34072 69
3044 69
1639 68
5944 60
6539 73
477 64
7361 80
55687 70
58 76
4014 68
3467 73
8154 82
4191 60
2134 62
4644 75
4293 58
5013 73
1399 58
1196 78
2918 73
5899 73
4465 66
100 54
361 57
3341 79
8921 70
195 62
3789 70
4709 62
1588 60
3468 81
4678 65
2723 63
2118 73
1939 80
7019 45
3147 77
1792 60
33903 76
1682 72
41566 66
1693 66
1957 73
5021 67
2313 73
3870 70
948 76
47099 74
3447 78
6614 62
216 67
5619 67
3987 47
5060 73
3111 84
45950 70
32584 56
5525 70
2567 56
5956 68
7 58
1172 78
3217 64
8331 70
587 66
5238 65
1189 76
2416 59
832 64
3095 77
7386 72
1223 83
7058 70
5246 33
5418 72
27803 80
26 71
4002 70
1135 61
45 65
6945 87
2411 54
2520 70
7347 64
5375 70
5673 71
3039 69
7833 70
33781 62
720 81
2103 52
33154 76
608 79
1327 51
101 74
7061 70
5451 58
5682 57
5434 71
6609 70
31658 77
4578 34
2009 65
4704 70
7572 70
4929 49
3306 74
6334 61
5379 79
5437 60
42418 65
4128 70
7451 73
2786 33
2243 66
27846 76
6197 61
3264 47
3608 59
5603 83
6124 60
1222 78
1663 71
3566 51
3755 60
2628 58
4815 55
2089 66
7102 52
27706 62
7013 79
1348 66
45666 49
5755 40
4055 88
2058 63
4462 20
1544 54
2405 56
4998 70
273 56
1977 49
1732 76
7822 70
7073 70
41527 74
4787 69
1676 63
3708 61
6669 68
317 60
25940 70
971 77
7366 58
3115 75
7026 51
2710 55
50685 74
2114 72
3809 65
3516 63
2770 53
535 62
4878 77
5992 76
41997 72
1083 61
4487 62
7293 68
1016 62
2006 60
1007 55
4993 77
3412 72
5007 70
3929 53
6639 59
8712 70
1876 57
3546 70
34359 70
7579 71
7325 65
6837 70
2634 60
7753 65
8943 20
8385 70
4308 68
3246 78
3745 66
1148 80
42002 64
50740 79
3952 59
1927 79
7581 62
910 78
3948 65
54881 77
1284 81
4007 71
5341 69
3675 78
52975 70
6244 70
965 74
454 67
1247 77
7215 66
1282 72
8207 81
6242 66
6502 75
4509 66
3528 70
2391 69
4262 73
4039 60
42018 10
3271 72
976 70
48394 72
5384 70
5168 70
1358 71
6534 51
8773 70
2384 54
48780 75
1269 74
4600 74
2642 45
111 78
933 81
3578 74
5297 38
944 72
6020 70
2123 54
748 60
4896 72
5380 75
53953 62
3712 56
25996 70
1997 72
4464 73
4085 64
51540 72
2707 63
2069 82
6710 72
1488 59
6378 70
928 78
3038 82
7116 32
44511 70
594 69
1962 69
421 59
4316 31
2761 75
4823 59
892 72
1345 65
5294 75
1408 73
6579 82
3272 67
3421 73
3844 69
6787 77
37736 71
2249 64
1610 72
2468 49
3498 75
4902 71
6268 74
5225 75
5404 87
929 70
25999 70
7835 70
805 68
4126 66
475|20
6539 95
4993 101
87232 93
40815 94
5816 91
8644 84
81564 89
4701 81
81834 97
6564 60
68791 83
111759 97
7153 102
1527 92
71530 70
4896 94
106487 87
112852 99
3578 98
82461 80
476|14
594 78
34 78
380 74
158 61
153 62
586 66
440 76
364 86
378 66
357 76
224 77
165 76
296 89
11 80
477|20
34 74
913 87
3100 83
2105 69
1271 75
1207 87
70687 20
2174 75
45672 65
4571 78
3973 36
4226 89
1103 89
5291 81
348 79
3593 34
1 81
1274 84
6502 84
59615 61
478|5
1917 51
3114 66
594 61
1584 62
1101 58
479|20
5365 70
4488 69
524 68
1025 74
3707 54
1220 75
4010 61
3244 71
3526 72
4092 50
1968 75
4700 65
4003 67
3671 77
2671 70
341 70
2012 67
2542 80
454 69
2384 56
480|20
43914 70
2700 73
8533 70
2193 66
2797 70
3484 51
2571 78
1210 76
2596 70
8866 58
47610 70
6306 82
5379 80
2018 66
7153 78
3911 70
44191 75
38061 78
5673 71
380 63
481|7
1608 55
1687 52
1629 49
1729 59
1620 50
1597 50
1485 51
482|20
2068 93
8985 59
1036 82
474 76
1042 66
4389 72
780 73
27706 67
3211 85
1610 81
4367 60
1374 80
1220 79
1602 45
653 64
592 70
30812 76
4862 49
8361 63
8529 67
483|20
105325 70
783 65
2541 70
2959 89
109971 70
45722 74
1199 87
50872 80
2000 73
4306 80
69757 79
2683 66
2273 66
1588 65
109487 83
66934 82
1721 69
2328 58
68522 70
8972 72
484|20
93320 70
1438 58
6155 72
6944 77
2706 75
33166 85
6874 87
3697 66
1059 82
76293 69
919 84
2762 84
1821 58
837 73
5810 74
1753 78
3254 74
4718 66
2413 79
3646 46
485|5
588 89
161 85
253 84
292 79
231 72
486|12
653 71
47 91
110 93
153 67
474 85
95 70
288 75
329 77
161 84
318 102
292 79
6 91
487|12
27611 61
8961 62
318 70
1198 68
31658 65
1197 68
6539 62
5445 59
116797 64
4027 63
8874 65
86377 72
488|20
720 85
838 77
608 83
1223 88
26 74
5135 76
2109 68
7720 61
7303 83
4014 71
5995 81
457 78
105 66
1136 84
272 78
1269 79
3176 71
1278 81
1125 74
910 82
489|20
79536 70
86000 70
4848 72
736 54
8387 11
4700 58
45666 45
4720 67
2683 57
2021 62
2389 34
1619 60
950 68
58559 75
2236 56
2167 58
1616 53
247 73
376 55
2717 52
490|20
46578 70
89492 67
81591 63
91077 70
60074 54
5816 63
4144 71
54001 66
1 67
1784 63
7153 72
4993 71
89759 88
86320 64
60128 59
76251 63
8368 69
69122 65
2006 54
78499 71
491|13
106782 96
69757 89
7293 86
27808 78
4246 87
3948 82
104374 95
86833 90
140110 84
8529 78
180231 70
4306 93
88405 74
492|20
736 81
784 70
628 88
858 106
852 80
64 53
990 69
830 77
743 61
62 88
52 88
1499 46
66 60
1210 101
881 51
1474 50
1405 68
724 78
1047 79
65 60
493|13
2985 66
4444 65
2916 70
1275 73
2571 80
1527 72
2028 79
3793 71
2167 64
1215 80
4701 63
2924 83
260 80
494|5
1196 88
4498 65
3578 84
2028 87
1210 87
495|20
140523 70
115149 87
1259 90
1721 77
136562 78
80489 87
19 61
50872 87
231 69
102123 75
52319 84
7254 81
7360 88
8528 84
1645 77
46578 91
30810 81
2918 87
148626 91
56775 73
496|6
1221 76
99149 65
858 77
904 78
8865 51
114713 56
497|11
1193 72
112556 67
112290 68
1916 62
92259 73
2329 72
112552 71
1258 71
2762 67
5349 62
111362 66
498|7
344 70
231 71
648 79
10 80
300 81
356 95
316 76
499|6
1202 78
2337 67
38304 92
327 61
56286 78
1304 85
500|18
2599 65
2987 63
543 58
2700 67
2542 71
1265 69
2916 63
356 71
3301 61
1784 64
1914 65
595 65
2355 62
3536 60
1885 57
322 63
838 67
720 74
501|9
6 72
62 67
93 55
45 63
3 60
637 56
11 70
18 68
662 60
502|7
7236 74
1077 75
4412 20
3469 70
2001 63
2520 70
1777 68
503|19
7455 70
7361 78
4878 75
356 76
91500 64
593 77
527 77
858 80
4226 77
1259 74
1342 54
2877 54
92509 61
90866 69
500 63
441 73
48516 78
2858 75
48394 70
504|18
4995 84
5812 79
2321 72
1 81
3556 78
7153 86
6708 75
1288 87
6927 70
4033 80
4700 68
6565 80
342 68
3408 74
6879 71
4361 77
5952 84
5955 74
505|7
1241 87
4105 84
1029 76
74685 83
273 65
6502 89
54999 77
506|9
59258 62
54272 67
37741 72
56782 80
62293 73
51834 56
49286 63
112556 71
61024 68
507|5
165 64
266 60
253 64
377 63
593 75
508|5
2872 42
2011 41
1952 48
1175 48
898 51
509|20
26958 70
130073 70
2028 74
87232 69
33830 78
5313 46
48 58
2090 64
2080 64
6942 69
8907 46
6156 58
5816 68
39 61
3988 56
6807 73
7458 64
1196 75
45447 58
616 66
510|20
1882 33
7026 42
35836 55
494 55
1198 67
514 56
457 62
2935 64
858 68
2699 47
317 49
8949 60
2918 61
145 49
1262 66
6787 64
1208 67
372 45
1242 65
40819 62
511|11
2959 96
53953 71
115149 85
164179 86
6534 59
99114 88
92259 94
318 98
2324 93
1653 89
56757 82
512|10
480 77
150 79
349 72
47 83
350 71
442 63
457 82
50 89
317 66
593 87
513|7
5952 83
318 90
2174 73
235 73
1304 83
1220 78
1080 81
514|20
1335 70
5704 70
62586 70
168358 70
180263 70
1704 79
2005 73
2792 64
2013 60
1673 81
134130 76
76093 77
1333 73
58998 73
68157 79
2406 68
3210 70
54503 76
4855 75
1644 43
515|6
33794 95
2028 100
527 102
91529 98
58559 102
2959 105
516|26
260 70
457 70
480 70
647 70
708 70
1042 70
1090 70
1197 70
1198 70
1954 70
1958 70
2021 70
2259 70
2268 70
3052 70
3471 70
4027 70
4291 70
4306 70
4321 70
4322 70
4333 70
4337 70
4349 70
4361 70
4429 70
517|20
4306 53
53125 46
1265 54
165489 70
97938 50
88744 50
86880 45
4148 41
26761 70
3398 50
1293 53
3988 41
2858 55
4963 51
1204 59
1704 54
47629 52
7669 59
1206 55
46578 54
518|5
3101 63
2657 65
783 64
1876 57
6365 65
519|6
1704 98
356 99
140110 85
6378 89
7445 85
1968 92
520|20
7266 70
318 95
1049 74
59315 81
4995 87
32 86
2716 83
4333 65
1291 88
1732 88
4085 75
2723 71
3081 75
3994 76
33493 75
135 62
2393 70
60516 49
2406 75
1584 80
521|8
661 71
112 69
86 82
104 73
58 88
79 60
52 78
852 69
522|20
99114 80
81932 77
89492 77
63113 69
2959 87
1193 84
1375 66
4993 82
223 78
27611 77
76060 70
180 69
59315 75
1617 83
10 70
67255 81
2023 70
6187 80
318 88
127098 86
523|15
168252 100
8970 89
5989 95
318 106
91529 98
1721 82
293 97
65261 102
4270 73
3147 99
27731 91
134130 94
31696 80
527 101
101962 86
524|20
1356 75
150 74
552 61
748 62
344 58
442 60
253 69
1225 81
20 50
589 78
1242 81
544 58
173 52
1302 71
380 67
457 77
1020 65
788 56
193 46
466 56
525|20
120807 70
317 61
6863 66
8622 70
33004 68
7147 74
2396 74
40815 74
137337 79
1639 70
1968 74
91869 70
45880 66
2100 62
339 66
4886 75
50872 75
86332 70
8983 72
3996 74
526|12
593 87
55247 82
46578 85
176415 70
1295 68
90430 84
4014 75
2352 78
176413 70
215 85
81845 85
51255 85
527|20
2137 80
3114 89
3210 81
3016 72
2161 81
4571 84
2118 86
3421 86
455 55
2867 85
2450 45
1909 78
1214 89
4299 74
736 74
2477 63
588 86
4016 83
1259 91
2533 69
528|15
4886 70
2278 64
80906 76
4037 69
1240 69
64614 71
3821 43
150 69
1291 74
80463 71
593 75
99813 74
85342 73
48516 76
58559 75
529|5
653 60
135 56
65 48
62 70
733 70
530|6
292 73
500 74
300 76
586 67
593 90
11 80
531|5
593 90
590 81
919 83
480 81
1215 89
532|10
1721 77
4863 100
457 88
290 90
1245 96
1242 92
2023 78
2329 94
1304 90
517 71
533|8
1200 95
6502 94
79132 96
46578 96
93840 93
4973 102
2455 84
66934 93
534|20
116724 70
97913 84
94953 75
2003 78
2167 74
7569 83
153 64
1485 70
65514 84
104218 66
344 67
2571 92
5445 82
95875 67
112818 82
82461 72
96610 81
2987 80
138036 80
1566 77
535|6
2571 73
2581 54
2700 67
2688 53
2583 72
2882 37
536|8
232 74
272 72
356 77
335 70
225 64
150 71
434 56
589 73
537|10
80906 91
367 68
7153 89
53322 75
104218 65
97304 84
6539 83
318 94
89745 85
105504 87
538|8
595 85
3671 90
80549 89
4039 73
69757 87
5047 76
44889 70
66934 91
539|8
4306 79
6753 71
5218 74
50872 78
88 64
3301 71
4886 78
69122 75
540|9
2598 66
2959 98
1073 87
8874 92
1681 51
2183 85
2841 80
2747 65
1196 94
541|18
590 74
457 79
413 55
15 59
110 79
595 74
597 69
480 75
356 81
203 66
529 76
357 69
22 66
345 73
546 43
586 61
281 73
350 68
542|20
6539 76
30793 62
5299 63
2542 81
34319 66
33679 65
4963 76
5481 58
1997 76
4025 59
3623 55
924 78
4369 60
6378 73
2571 82
7254 71
41566 68
37733 71
7361 83
45517 67
543|16
73881 99
1702 67
595 89
3301 84
231 73
2378 75
2379 57
86882 91
6377 96
588 91
377 85
48385 81
2571 100
4526 65
4388 62
92259 102
544|22
1 70
3 70
14 70
32 70
40 70
62 70
68 70
95 70
116 70
619 70
626 70
648 70
650 70
694 70
736 70
780 70
839 70
1042 70
1047 70
1059 70
1105 70
1356 70
545|5
1438 54
1267 85
2763 74
1367 62
44 52
546|13
1270 80
3328 83
480 74
1970 57
2456 49
1976 40
589 78
2657 67
1673 81
3941 70
3959 70
3566 53
1977 52
547|5
1211 79
2859 81
2917 83
1394 82
1288 85
548|26
69 70
260 70
356 70
733 70
1196 70
1393 70
1477 70
1621 70
2571 70
2716 70
3263 70
3578 70
3916 70
4776 70
4899 70
5955 70
6874 70
7458 70
8531 70
49910 70
58559 70
74532 70
80862 70
122904 70
125916 70
168712 70
549|5
2571 74
2028 73
4226 75
1210 73
589 70
550|6
167296 70
102125 79
106782 89
116797 88
112852 89
122882 85
551|20
5010 75
34162 69
60069 79
1544 57
45186 70
103772 68
51935 76
4226 82
2353 67
7153 82
5989 77
135569 68
115149 76
88129 73
134130 77
6934 63
47 78
4701 65
2959 85
98809 75
552|20
2916 66
3317 72
1405 50
2953 49
2245 59
2944 70
2890 67
2125 69
508 67
3948 62
5349 65
2959 78
2857 57
173 48
2991 67
2871 71
2628 56
4308 65
4878 73
3101 58
553|17
55765 88
3481 84
1923 83
2571 94
4011 94
50 96
3949 91
1089 96
44199 85
5513 70
2231 88
2395 81
3052 82
61257 70
1221 96
33166 89
2959 98
554|18
1196 91
1022 78
2820 70
1207 91
1517 79
1282 84
1210 90
1760 30
2282 63
1225 92
907 69
1358 83
2096 76
1028 88
593 91
608 91
953 89
2324 92
555|20
790 70
3664 70
1 83
3111 96
3395 72
104 72
1334 66
2506 67
2072 65
4002 79
1266 88
2641 64
2256 63
2791 84
2701 49
1333 79
1320 68
337 78
1393 77
3526 77
556|7
162600 82
122890 74
3081 80
88125 88
588 86
72998 82
74789 68
557|6
648 68
231 61
1291 81
260 82
1210 81
150 76
558|12
5329 72
5064 86
4903 77
2297 80
2568 66
4993 93
4306 89
367 72
5283 69
1097 85
4164 94
5294 91
559|20
552 62
608 83
355 46
329 66
544 58
1527 74
173 53
377 70
745 80
174 55
529 77
350 67
349 70
533 58
836 56
1210 82
420 54
786 63
227 54
253 71
560|20
5839 70
91535 60
136018 49
67997 84
79132 79
3253 68
142558 70
2355 69
39435 59
1527 72
40414 74
64614 77
48744 75
56587 68
593 80
76251 71
84944 70
109313 70
5878 79
40819 76
561|20
168174 70
5308 56
78469 57
3703 76
60069 75
91535 57
2105 65
73017 72
5445 69
2000 73
83134 71
79132 75
79592 61
80463 75
89745 74
527 79
8972 63
353 71
33162 66
68157 77
562|20
27140 70
6870 85
6377 89
2580 90
1249 94
4776 84
36529 82
1259 90
1982 81
2268 85
2133 78
83134 84
3210 80
48394 84
30707 90
33836 52
2692 90
88163 88
99191 70
1240 86
563|20
61071 70
70932 70
80858 70
919 75
74450 62
588 74
5943 51
118997 56
86833 74
1197 83
128832 70
85397 67
45221 44
33499 53
7380 69
96821 78
81784 61
95307 48
65585 67
55250 47
564|20
50942 70
356 84
31685 65
131013 67
61024 76
79224 53
87869 75
500 69
108156 65
81784 64
93270 46
6188 72
106918 80
65230 67
67087 71
80693 67
94677 72
8984 68
73266 63
2671 72
565|6
590 76
231 62
19 55
21 71
50 86
539 70
566|15
648 69
10 69
231 61
329 66
342 66
141 69
203 67
345 74
39 66
497 79
265 74
588 76
708 68
353 75
2 70
567|20
8189 70
26743 70
92681 70
109897 70
152071 70
5690 57
136602 50
122888 70
6333 50
1274 53
122922 52
153070 70
151687 70
117877 70
108928 41
954 56
122924 44
27773 55
648 46
135887 47
568|23
50 70
147 70
296 70
356 70
480 70
593 70
765 70
1103 70
1104 70
1257 70
1298 70
1895 70
2313 70
2359 70
2863 70
3053 70
3148 70
3261 70
3363 70
8169 70
46723 70
63853 70
65088 70
569|5
231 73
50 101
380 82
588 91
592 81
570|20
208 54
8636 70
48516 78
1225 77
586 57
2683 59
457 73
1196 77
110 74
4993 76
7361 78
1198 78
1079 75
10 64
3793 68
1391 58
589 73
380 63
527 77
185 56
571|20
1331 70
2982 70
2366 65
1128 49
610 64
2902 50
1998 27
3696 65
1980 70
1987 70
70 63
1924 55
2279 44
1327 48
3732 61
1972 41
1278 74
1644 41
2327 81
1978 37
572|20
1961 85
2570 65
2788 91
2321 75
111 89
904 95
2987 78
2302 71
1834 88
2539 68
2917 89
1307 84
1 85
161 79
3421 83
838 84
1356 83
2006 68
3167 74
1953 85
573|20
89745 91
72998 82
3752 75
356 95
7293 84
6754 80
8665 87
32587 88
1073 88
88744 86
1127 84
68954 92
98809 88
2640 84
48516 97
71535 88
59369 82
60069 93
88140 83
1562 52
574|23
47 70
110 70
150 70
153 70
161 70
185 70
225 70
231 70
292 70
296 70
300 70
316 70
318 70
329 70
339 70
344 70
380 70
410 70
434 70
588 70
592 70
593 70
595 70
575|8
2566 58
2580 85
296 87
2581 64
2572 76
2542 86
2574 43
2598 60
576|5
849 49
1321 57
1373 47
1479 55
2289 66
577|20
2415 70
1183 71
1288 81
1129 67
2944 75
2194 76
733 69
1213 81
2076 74
2020 78
1262 81
1931 78
1391 61
2987 70
952 75
1909 66
260 80
919 74
2248 74
1270 78
578|6
6751 70
52668 94
45668 80
830 76
72407 61
75446 70
579|15
3174 81
2485 64
1022 80
2018 79
838 87
1917 67
1391 71
596 80
1573 76
2965 70
1653 91
2599 84
892 86
2687 78
595 84
580|20
5767 70
6583 70
480 71
8844 70
6989 69
3809 65
41569 65
3699 64
4041 68
33166 76
356 79
508 72
8376 66
3578 77
608 80
3785 59
3089 81
1320 61
54286 74
1201 83
581|8
7153 90
5995 88
4973 94
116797 87
3949 87
4306 86
109487 87
6377 87
582|12
91529 86
2959 92
116797 85
4993 87
5618 89
2571 88
76251 77
69844 82
104841 78
48516 90
97752 78
76093 84
583|12
8533 70
88405 60
2706 66
117590 74
317 60
60756 67
6942 72
595 71
46578 77
104 65
2694 61
7451 73
584|17
288 79
22 81
203 81
315 73
500 84
316 80
539 85
234 60
296 100
257 83
434 74
586 75
338 70
349 85
282 79
480 92
590 91
585|13
3173 68
1228 92
54503 86
2959 95
428 82
1405 61
7254 79
441 86
1805 66
296 91
27373 70
5325 80
79132 89
586|20
34332 69
4016 89
111659 68
106002 79
149406 81
167036 91
45499 80
136556 70
5445 89
117851 77
1291 97
71264 89
106489 80
135436 75
3753 83
2640 85
3147 98
122916 93
3793 88
101362 62
587|20
1234 90
628 79
2012 75
534 80
2002 65
1641 83
236 72
1376 78
2622 75
1541 59
3260 87
497 86
3082 72
445 66
3448 82
2574 45
765 68
691 65
329 73
3406 73
588|12
50 79
16 73
20 49
356 76
350 62
198 64
593 77
364 74
163 67
253 66
223 72
3 61
589|8
1092 72
318 98
590 83
373 81
586 68
587 78
527 93
337 82
590|20
924 76
8807 67
2371 61
38061 79
81834 74
40815 72
4890 58
903 78
5 57
3624 59
555 71
4047 74
51662 70
2085 65
419 51
595 71
329 62
2376 63
3635 67
2398 74
591|11
2908 73
2706 67
2712 66
2355 69
3615 59
3578 76
2394 67
3798 61
356 79
223 75
2724 54
592|19
514 79
2 77
153 64
415 58
110 89
177 66
420 60
380 76
44 57
788 62
588 84
163 79
204 57
610 79
39 73
419 60
253 78
432 59
240 64
593|20
1196 73
1073 68
1086 72
1617 73
4034 72
41566 61
1197 75
344 53
8368 70
339 60
2959 76
8961 69
5816 65
2797 66
4896 67
588 67
595 66
5952 72
377 62
141 61
594|20
7031 70
2671 88
7115 82
1616 77
5943 65
1188 91
2269 76
1733 115
4902 94
6996 36
780 87
1429 85
6140 97
7046 71
39 83
595 93
799 89
2028 103
8482 70
7169 89
595|5
265 85
50 97
1186 85
1199 97
1966 80
596|20
33649 70
43744 70
182793 70
129397 47
128908 70
1 75
142488 83
122922 74
4310 60
71838 61
4025 59
2501 73
110102 74
149406 66
2774 70
5502 64
8665 73
6537 62
2571 80
345 71
597|20
1799 79
490 68
3040 74
2529 88
2858 91
903 93
3039 83
2000 83
1291 91
357 79
1228 94
1845 93
2411 62
1580 78
1148 95
1198 95
2723 74
485 68
592 76
2692 91
598|5
56367 75
8360 72
593 82
114265 70
103543 42
599|496
26142 70
26567 70
26590 70
26676 70
26854 70
27595 70
34800 70
53450 70
60803 70
69131 70
74696 70
79895 70
84523 70
87960 70
92674 70
98799 70
102735 70
102852 70
104017 70
105020 70
122433 70
157865 70
158874 70
160978 70
161044 70
174727 70
179053 70
1801 56
6035 66
3387 47
33437 57
112 52
5995 64
167706 70
4394 70
836 46
7235 58
8809 65
102749 70
89087 45
42011 38
432 43
471 56
5628 58
1015 47
2 54
2269 49
69 60
3947 53
79091 57
104837 70
4037 61
7587 63
6881 57
1449 62
7225 59
81229 54
68952 65
4728 49
5081 48
33966 70
1779 48
3669 70
87197 70
170297 70
79057 55
95965 70
55207 70
4007 59
1220 61
80831 57
46723 55
71282 63
7757 59
3259 52
92309 59
1376 58
7192 47
4654 44
101423 70
53468 51
62662 70
3174 57
3698 53
2882 34
2359 57
1183 59
2792 53
1095 59
8387 16
53125 54
115713 61
2949 60
2471 43
3 51
1231 64
3861 47
240 47
1480 58
2301 61
1445 38
8045 70
586 48
2942 42
1185 63
4594 70
2474 55
3671 63
3196 64
64839 62
98697 70
2606 44
1777 55
5309 42
7022 64
4873 60
541 67
27311 65
43921 58
67734 55
4240 70
5026 67
168 47
33493 54
4125 18
7354 52
207 55
1094 54
742 49
1609 43
1042 51
3362 64
4553 59
4632 50
2278 57
468 52
122904 60
75416 70
42718 60
4285 43
79274 65
1794 70
45081 50
108192 70
3489 55
3503 66
89804 54
163809 70
577 35
3071 56
1204 71
3981 38
95771 70
45382 68
6548 49
59387 61
166528 60
168492 74
6691 70
605 45
424 32
2991 58
248 49
97950 70
3865 59
1216 57
342 50
35836 56
27772 44
176419 67
151781 70
277 49
6320 17
39381 61
5111 70
4090 56
2450 33
2676 54
2356 43
79702 59
1597 51
410 50
1721 55
3702 56
183301 70
1387 67
2072 49
26729 65
2393 52
4247 39
4591 47
1032 55
3087 52
1895 54
634 35
210 52
2074 66
51575 42
3505 64
5247 43
481 52
4215 37
1355 30
2657 54
2028 66
4011 66
420 43
552 49
1196 68
2395 56
5303 55
1752 41
3186 54
4310 49
1784 58
3200 72
7254 56
688 43
473 39
1079 66
1552 48
1148 69
1544 45
63113 54
2325 53
26649 70
6804 70
161 57
4109 45
34332 44
1653 65
4808 39
7707 70
3468 67
502 38
1221 68
1792 49
68319 46
6787 64
2119 26
3884 24
4254 35
3973 28
103609 70
8934 70
5377 60
42632 65
55290 58
4506 52
7840 59
5568 46
1689 41
7005 70
103228 56
59947 70
786 53
4351 52
172253 70
4679 50
1411 65
117630 70
1590 47
112623 55
3146 41
8984 52
1920 47
519 37
179817 67
3979 43
3741 64
44020 44
26630 70
7285 61
3030 67
1021 38
8638 58
87 50
7153 65
2877 46
2018 56
3173 50
5198 70
7101 50
7701 31
3213 65
26159 59
2339 70
33896 62
2000 60
4006 55
136562 55
37382 47
6645 66
171763 68
8528 60
27008 70
4017 59
4167 51
86142 64
1249 68
3255 57
736 52
2779 54
84414 67
27773 64
2083 61
98499 44
4034 64
119828 70
1993 37
94864 51
6631 25
2321 55
26242 53
3703 64
41566 55
2529 62
1968 61
8914 59
3257 47
159403 70
1036 62
76093 61
5103 55
6947 58
1952 66
2124 54
4084 46
6016 66
778 64
81 51
2171 54
1253 64
4275 50
7982 43
3723 65
849 48
2681 52
6565 60
39414 51
122916 61
6440 63
8917 54
72011 58
1605 48
1240 63
923 65
68157 64
5961 70
5053 70
3571 63
2403 58
3871 69
44238 70
72226 65
7004 46
2054 48
62970 50
5159 50
354 58
122924 50
48774 62
1394 65
3763 54
70286 61
1904 50
3969 57
81562 57
102590 70
233 57
4155 52
1031 57
76 53
459 40
1097 60
1178 70
60291 64
3328 66
1232 59
3036 60
5283 48
4327 57
610 59
2726 66
4732 35
5970 54
2396 61
594 58
1247 63
45499 52
3476 58
2399 40
137218 70
1997 61
3271 61
27801 62
6365 53
1799 57
580 44
122900 57
2803 50
80219 52
466 45
110882 63
3997 33
26176 70
2378 51
117895 29
26662 65
90603 64
119218 70
44 42
809 41
1960 60
4519 53
1959 60
414 41
1073 61
61236 52
1479 52
4019 60
1245 68
37857 61
161032 70
371 55
3020 58
88593 70
6774 62
2005 59
90405 52
26285 70
6793 34
627 56
1617 65
6734 30
108090 70
2427 51
51024 57
122922 59
3440 36
6874 63
4919 56
338 46
81591 56
1704 63
1499 32
357 55
62155 55
144 52
34148 60
53519 52
4504 70
2796 46
216 54
6827 19
1429 55
7445 56
1385 48
90471 54
8425 70
10 56
26542 52
7387 62
72998 56
89470 56
3629 67
1297 61
3424 63
1672 55
44761 65
196 44
70703 70
2383 33
180 56
4040 38
6333 59
4440 69
5291 61
88235 58
1639 58
4580 10
153236 70
86190 55
4477 32
103027 70
32291 55
34811 70
5171 45
122260 70
8784 59
5954 61
8798 59
707 47
880 44
314 60
61323 57
600|20
3269 51
1394 70
3785 51
2717 51
5569 62
4306 68
1206 72
56775 56
2015 59
7 53
2013 53
262 67
1210 70
1060 65
2431 58
2077 61
2423 61
4641 63
527 72
5076 50
601|20
141846 70
68157 91
1262 92
106782 90
60069 89
49272 90
5445 82
1193 92
1207 92
79132 90
904 96
166024 95
1917 66
7153 92
2324 93
170697 81
31658 90
5989 87
88810 90
2571 92
602|20
161 69
19 51
350 65
494 66
14 67
471 67
125 71
434 58
235 68
481 62
315 57
371 65
474 70
527 79
21 66
349 66
440 67
339 65
480 72
163 68
603|20
602 70
803 70
2008 70
2577 70
3459 70
4787 71
2912 76
1769 57
485 59
4420 70
920 72
1 73
2706 65
1844 80
3787 85
1222 79
190 64
2716 72
3983 85
101 77
604|20
220 70
292 72
151 74
329 69
410 66
426 68
435 52
316 69
22 71
235 75
181 48
332 62
273 61
637 63
285 70
173 57
588 80
23 65
553 78
1 82
605|20
35347 70
6787 77
1197 80
5667 70
42738 59
51662 71
7373 64
596 66
780 65
4571 70
2316 66
7454 53
150 71
60040 62
8977 45
3269 55
72982 70
1210 77
62376 49
60937 47
606|20
263 70
563 70
583 70
3808 70
4671 70
4840 70
5856 70
6111 70
6573 70
8685 70
32728 70
55805 70
3147 83
4392 73
2311 72
6308 47
50842 86
6591 90
8270 77
2025 84
607|20
891 70
1610 81
448 74
3147 86
1094 72
1307 81
592 71
204 55
1552 63
527 88
3476 76
296 87
2313 80
3440 46
423 62
1518 69
2118 80
2193 75
380 72
2028 87
608|20
52245 59
2997 76
3793 71
2763 69
174 51
2000 67
1214 73
919 72
2700 72
4161 62
5146 63
1639 68
541 77
473 44
2529 73
522 71
4343 57
1909 64
2431 64
1220 73
609|8
296 77
833 37
356 76
339 62
454 65
318 81
208 53
292 62
610|20
5953 70
58975 70
70206 70
78626 70
82765 70
97988 70
107447 70
107462 70
110591 70
110746 70
118082 70
139655 70
160341 70
86644 61
56801 55
61024 80
77561 73
4816 75
62434 77
3972 85
