1|20
260 99
1927 101
804 84
3 78
1009 74
2406 86
1587 78
3671 95
2617 78
3053 96
2571 100
1222 101
2137 86
1377 77
2395 85
2761 100
2641 74
2872 90
1258 101
2700 93
2|6
333 71
122882 75
71535 75
46970 66
58559 84
80489 76
3|8
5764 70
647 36
6835 70
5919 38
2851 32
2288 41
5048 27
4518 35
4|20
106 70
1291 78
3408 67
265 72
52 68
4347 72
2467 73
908 80
345 71
1304 77
1923 70
2959 82
368 66
1219 79
4765 72
1199 83
4166 36
1732 78
21 67
2858 77
5|9
515 71
1 76
364 77
608 81
290 80
261 74
34 71
318 86
21 67
6|20
349 78
318 96
775 70
141 78
348 76
104 75
327 65
410 68
165 78
87 66
366 68
17 77
1084 84
222 71
16 84
416 53
277 71
460 65
867 12
316 72
7|20
8528 69
3623 51
8636 68
8360 65
1517 65
466 53
8373 41
1220 70
7155 55
8808 49
6863 62
31878 66
1610 69
1219 72
4700 60
45668 60
8970 67
27741 75
6333 67
8865 53
8|10
356 85
47 82
231 62
318 92
454 73
292 68
32 81
141 72
380 71
252 68
9|10
5451 61
923 80
5890 85
2901 62
922 86
6044 70
1987 70
5378 64
3735 79
5447 58
10|20
597 64
33679 59
8533 66
8969 58
72720 67
88810 73
136020 58
6377 72
5943 49
109374 71
113394 70
61250 49
82167 52
140110 64
5377 69
77841 70
6942 69
1028 72
72330 70
66203 53
11|13
733 79
1584 80
1210 90
170 73
1438 57
648 76
1918 64
493 80
10 76
457 86
1693 74
150 83
1923 79
12|7
2717 78
2100 79
838 101
2072 80
1876 76
2581 79
6942 98
13|7
3717 69
3624 69
3798 69
2174 78
47 86
3893 75
305 66
14|10
344 61
477 71
110 83
540 55
597 72
153 61
592 70
4 50
539 73
105 67
15|20
91529 76
7438 73
111759 73
2329 79
1 73
1909 64
1240 72
115713 73
1200 73
293 75
2571 77
3949 76
120466 63
1198 78
2028 77
2011 67
158 53
160980 64
4306 73
4022 68
16|20
1230 72
78499 75
913 75
1136 77
1299 76
1617 74
1203 77
3429 80
2858 73
608 76
3683 73
4002 68
1199 77
912 77
2707 60
5782 76
1260 65
319 70
27773 73
2109 62
17|20
260 86
64839 83
296 88
5952 86
527 89
1193 86
3681 88
1240 82
2717 66
2858 84
1093 75
81932 82
5618 89
50 90
5971 83
2959 91
1201 89
541 87
82459 80
1 83
18|20
8117 70
65596 70
88094 70
145283 70
157110 70
166015 70
171023 70
103253 63
60684 77
44199 76
2 68
86628 73
59784 70
2918 77
109374 80
4226 85
53129 87
139385 79
47 81
1291 83
19|20
3692 70
3662 6
54 38
2733 38
1702 46
1240 65
1270 64
3712 47
1881 51
216 54
3 52
1834 66
2184 59
3017 59
2044 32
2354 40
2005 60
3146 39
3387 56
2694 52
20|20
1566 76
5419 60
4014 81
2140 78
586 65
661 73
3189 77
5014 86
1333 80
4161 72
3784 65
1030 60
5313 51
2804 86
2054 60
34 80
1097 81
6358 70
4519 73
1722 65
21|20
107013 70
117922 70
140301 70
57640 70
2985 61
2990 64
2717 60
5418 73
31433 59
112175 71
7153 78
30793 58
4446 67
52973 68
45186 67
2023 68
79185 62
1721 64
102125 67
5459 59
22|20
8961 55
2723 47
60950 50
64575 49
1193 58
70286 54
4993 58
2160 57
39183 51
7147 54
3996 56
3481 55
55765 55
48780 56
7361 59
51540 53
6711 58
2968 53
3949 58
48394 52
23|20
6234 70
3996 71
293 73
1206 76
1136 76
1960 68
7587 71
3424 75
3181 78
2467 70
1248 87
1617 74
6807 74
1952 74
6440 74
1258 75
1243 70
1080 72
8228 66
1711 58
24|20
1784 71
2617 62
111759 76
134853 76
58998 72
1265 76
1198 81
3147 80
1197 81
1220 75
2424 63
5418 74
72011 71
54286 72
27773 77
64957 68
356 80
44191 76
1682 74
68358 76
25|6
58559 104
60069 98
74458 95
79132 99
527 102
260 99
26|21
10 70
34 70
47 70
150 70
153 70
165 70
185 70
208 70
225 70
288 70
296 70
300 70
344 70
349 70
356 70
380 70
434 70
454 70
457 70
592 70
593 70
27|20
1196 84
2478 64
2640 73
3508 87
3555 71
1201 85
3519 63
969 79
2080 72
673 59
2886 19
2529 77
1387 80
1101 71
1947 72
1250 87
1276 85
3114 78
1083 66
3809 71
28|20
27450 70
60943 70
61011 70
63033 70
5617 64
59369 61
60046 70
507 54
3300 59
55094 56
59018 70
26695 70
2951 69
3006 64
2231 65
5418 64
26812 47
2058 56
353 64
61167 70
29|17
98961 86
7379 73
1250 91
1201 90
111362 82
48516 89
1100 53
26554 87
3441 80
4327 71
2872 78
2301 81
1617 86
3681 88
55820 81
4223 78
99114 84
30|7
5952 99
108932 96
1200 94
91529 99
116823 91
112852 98
1198 101
31|10
1198 95
1200 89
648 79
1363 73
1073 86
1036 89
1197 96
377 80
1246 91
1270 92
32|20
236 71
314 81
1356 79
357 74
224 75
627 74
1079 84
1084 84
318 92
761 57
1197 89
849 62
912 88
880 56
1198 87
58 85
203 70
608 87
497 82
410 65
33|20
110 79
17 75
2396 77
2272 59
448 71
428 74
265 77
1280 79
1177 84
1617 83
50 86
261 76
11 72
452 52
345 75
608 85
150 76
1188 76
800 79
2690 75
34|18
780 64
2273 63
3717 61
26606 73
45499 65
3996 75
4310 58
3624 61
31685 60
1721 66
5146 57
7090 78
70 66
2006 60
3000 78
4306 75
27728 9
3997 38
35|5
11 86
185 73
595 84
21 77
300 79
36|12
5171 43
3066 62
552 46
4025 44
1262 63
2735 45
2359 55
1372 50
1278 60
2194 57
3347 63
1704 59
37|5
344 69
356 96
661 76
329 78
457 91
38|16
434 58
39 61
223 70
161 70
246 78
168 58
273 53
480 69
356 77
457 73
364 73
50 76
500 65
300 64
551 63
21 62
39|20
2571 84
2391 76
1921 82
1862 44
1219 83
1907 75
2081 75
2459 70
924 81
2529 79
1729 74
47 82
260 84
2080 72
592 70
296 85
3213 83
610 73
589 80
596 71
40|20
440 80
454 78
588 86
339 76
158 63
432 55
431 86
186 62
616 82
514 81
21 78
592 78
1 88
223 88
585 62
216 79
104 76
371 80
111 95
267 67
41|20
96829 72
64839 67
122882 66
6287 51
1569 60
106920 70
86781 79
3160 64
1721 59
2028 70
6763 37
5418 66
53519 57
122904 67
55247 68
924 68
4011 72
2324 72
35836 61
5995 71
42|20
3869 81
4654 56
1021 53
2423 79
3248 44
4477 44
2500 41
1431 58
195 67
3326 77
2407 70
1090 84
2735 65
3693 54
1020 71
4545 75
4132 59
2263 59
3535 81
2805 61
43|20
225 93
296 114
596 95
588 104
587 95
420 74
158 76
631 77
5 78
597 94
168 82
355 61
47 109
367 88
519 63
594 101
236 92
1 106
60 85
259 77
44|10
36 78
663 68
12 46
661 68
94 78
1 80
104 69
112 66
494 71
889 70
45|20
2718 76
1036 87
2028 92
1653 90
1682 86
2396 86
3249 71
261 85
4308 82
329 76
1367 68
2890 81
593 93
1127 81
2431 78
6377 91
569 68
1197 94
1060 81
2858 88
46|9
590 86
588 85
315 70
208 66
1 86
432 58
225 80
434 70
339 79
47|20
508 60
68932 55
72395 64
2420 59
597 57
148626 66
5989 64
96588 64
69122 62
6155 56
4975 57
30749 63
106100 65
45950 61
2028 67
4018 53
1259 66
6373 55
33166 63
2407 53
48|7
4886 91
1320 76
1527 89
1193 98
3793 88
48 76
1653 96
49|5
2028 89
1214 85
139385 84
318 96
527 91
50|20
8143 70
114335 70
136564 70
142074 70
171759 70
175693 70
179073 70
175707 70
71264 55
82848 70
1377 45
44555 65
8157 61
6807 62
95543 49
8253 52
96610 56
924 62
32875 70
4896 57
51|20
7040 70
5620 67
2613 60
4437 92
2023 80
1500 86
522 85
858 100
4508 87
2951 92
1014 84
1407 78
2282 79
2420 81
3388 55
260 94
3186 79
3994 82
3501 57
2371 69
52|20
152081 89
51255 96
74458 92
1923 85
7438 91
40583 84
59784 80
55765 93
112852 95
86892 90
55363 100
112138 85
49272 96
52245 71
69481 93
50794 67
1704 97
54736 90
44665 91
47200 80
53|5
481 86
1100 68
249 108
1125 100
916 117
54|7
296 66
593 68
639 52
1 63
205 49
161 62
500 57
55|5
2407 50
673 45
3275 65
2890 56
4011 64
56|10
786 70
253 80
165 80
110 91
589 88
370 68
434 69
410 70
69 86
185 71
57|20
2140 71
942 79
920 70
3175 71
1784 71
3429 83
933 83
1193 82
3446 31
160 49
1499 35
2640 69
892 73
11 66
2947 76
6 76
2478 61
2291 74
1688 65
2301 74
58|20
588 86
282 73
185 71
419 60
367 74
277 71
48 72
280 90
337 82
345 84
3 73
357 80
527 95
587 80
218 75
500 78
508 83
368 79
364 90
353 86
59|20
1696 45
6460 111
3489 79
1188 86
1222 94
2076 88
3448 85
1263 90
1247 93
527 95
1244 93
904 98
903 93
965 91
2616 71
1953 88
608 95
105 73
912 96
3471 87
60|5
832 65
58559 80
805 68
455 48
858 81
61|8
266 72
1101 73
7438 83
173 57
555 80
2012 73
4878 86
3949 87
62|20
99114 89
176371 83
3793 82
56757 84
73017 85
30793 71
179819 65
68554 74
185135 92
168248 94
5903 85
4878 90
2028 91
5502 75
6058 67
344 67
1721 76
45499 76
41566 78
78105 70
63|20
5669 72
4246 71
48780 76
500 64
6016 80
31658 77
2858 76
64285 70
85414 67
1221 80
106696 70
4963 73
50 81
1097 71
260 78
110 76
1222 79
4979 73
5952 78
77561 66
64|20
5878 86
3101 72
2640 75
2959 90
8784 82
2054 59
4239 78
4025 63
5026 85
40819 83
266 71
2699 60
27266 83
3969 77
1805 65
6296 79
4776 79
3148 83
4262 81
356 86
65|7
1246 82
33660 82
7458 70
2329 86
4993 84
91542 75
3147 84
66|20
593 93
47 89
5418 85
922 95
2139 82
2956 62
3745 77
1956 89
4581 70
5349 80
1210 91
1094 76
2001 73
380 76
6539 86
671 74
1 86
6378 83
7766 93
296 93
67|8
99114 79
4306 78
27193 75
79132 81
60069 80
2012 69
4886 76
4993 82
68|20
47978 70
95218 70
6534 51
48696 65
67267 75
30825 57
1799 63
3556 63
8622 65
4351 64
63113 64
58295 66
7151 65
2413 68
6287 58
653 57
41566 66
5541 67
260 73
48043 65
69|10
4370 77
4848 95
3671 92
2476 89
1193 98
356 98
553 90
4022 87
260 97
3994 86
70|13
1193 91
1097 82
1914 87
1269 86
4995 87
318 97
8949 84
1968 84
1210 90
89492 83
1250 95
1235 94
2366 78
71|7
494 69
647 68
736 64
95 60
733 72
589 77
7 59
72|9
1047 69
150 83
858 94
2490 76
1357 89
260 89
50 93
1198 91
1196 91
73|20
1193 86
45720 77
105037 51
6333 78
59315 80
76293 65
138204 6
2706 74
152081 79
45221 41
68135 72
150 78
8376 76
93510 80
59784 72
116823 78
106072 72
1682 81
52245 63
35836 75
74|20
31522 70
2594 83
2908 82
30749 85
6870 82
3006 83
52281 82
49772 86
55118 87
2997 88
6305 81
608 92
4546 83
41863 88
27773 87
6001 92
1251 93
6552 80
46976 83
44555 93
75|14
5445 64
1240 67
5952 70
2193 60
6870 65
2529 67
168 53
541 71
3176 61
1962 64
2078 64
1889 67
1266 72
1374 67
76|20
48877 46
5956 59
2918 60
58803 58
1247 65
74458 62
7669 68
79132 64
8957 52
858 69
55820 61
1258 65
63436 40
1201 67
1208 67
48 49
288 52
34405 63
1 60
1196 66
77|6
3996 75
4973 83
7361 81
8636 73
3578 77
33794 75
78|13
296 77
165 66
3809 64
589 73
546 39
27904 71
260 76
590 71
480 70
68791 63
344 56
44974 69
380 65
79|13
3266 106
3029 78
589 88
1916 79
307 90
4005 77
260 92
1189 90
1345 76
2000 83
1374 87
2659 70
2076 86
80|20
7445 85
96691 75
84189 70
91630 86
49530 87
8950 92
6539 91
4223 87
5630 77
3527 88
76251 85
80363 64
52604 90
6502 95
34048 78
1221 98
60684 89
6952 66
5989 92
77561 81
81|26
10 70
32 70
47 70
110 70
150 70
153 70
161 70
165 70
208 70
231 70
288 70
296 70
316 70
318 70
329 70
344 70
356 70
364 70
367 70
377 70
380 70
457 70
480 70
588 70
589 70
592 70
82|20
6886 70
2381 51
2378 62
6566 46
368 70
6536 69
3253 73
4310 62
1608 69
1372 66
145 63
356 84
6708 72
1485 63
4369 64
6564 54
6888 44
5803 46
4015 55
364 80
83|20
56367 68
7143 69
7323 68
6539 70
161 67
586 55
2115 68
1270 74
6874 73
2324 76
1537 68
7153 75
68954 72
48774 71
30749 70
8014 75
1222 74
3753 62
1223 80
64983 60
84|20
55 70
987 70
912 86
1096 79
420 56
1227 84
113 56
580 55
5060 78
1293 77
900 72
1097 77
62 70
368 70
1305 74
1247 82
1296 80
11 74
1073 78
1094 70
85|7
1519 70
1624 6
1140 70
1694 51
1643 80
1747 68
1635 79
86|14
4993 88
4310 64
6947 79
2411 60
457 83
5418 82
3996 83
4901 73
1835 71
33794 83
1196 89
3555 75
1097 79
2687 72
87|5
4023 68
2009 75
3504 91
671 73
2139 81
88|12
7312 70
74795 76
4993 90
68157 89
5952 89
1193 90
223 84
8665 81
4262 84
56782 95
8677 6
58559 93
89|104
26645 70
32060 70
44851 70
53280 70
53578 70
67888 70
69211 70
81087 70
84246 70
103602 70
108078 70
109596 70
118894 70
121007 70
128089 70
128944 70
131098 70
131439 70
134847 70
140481 70
146684 70
148632 70
150554 70
164226 70
30793 59
169912 42
87869 67
1923 65
4015 48
950 69
173253 70
2324 70
27826 70
92259 74
11 57
3977 49
86298 53
8154 74
77688 70
2997 66
170837 70
49274 39
157775 70
1 63
142196 70
99117 58
62008 70
72624 70
108156 54
3752 60
2059 54
128520 72
3175 64
133879 70
48649 70
126088 70
5529 41
65588 70
99130 70
40962 46
1732 81
68659 47
91666 70
2683 59
3751 58
750 76
6650 76
149508 70
2395 61
51575 42
65230 59
171751 70
85881 70
139157 70
6863 63
4246 63
108949 62
1230 68
160567 69
73319 41
177185 70
130520 54
5220 44
121338 70
153386 70
50872 70
149566 70
145491 70
4890 55
129354 37
32243 70
84944 61
6402 70
1288 74
140133 70
119141 50
947 78
176621 70
4973 71
158398 70
69469 70
54503 74
141928 70
102481 54
90|11
1137 70
1144 70
581 90
81 70
892 84
1073 85
116 67
896 44
17 82
7 65
613 67
91|20
3013 70
6395 70
8147 70
7153 81
3360 71
2791 74
3897 78
1080 77
4850 54
3429 84
7000 63
2060 65
2916 72
1391 61
2100 59
318 84
2146 66
1225 83
1246 77
8501 66
92|5
2572 82
2114 87
1015 70
2454 73
1801 83
93|20
736 81
1917 75
552 79
1721 86
539 88
480 94
1372 84
368 88
2355 91
1923 90
2193 87
2006 79
339 87
1097 93
1591 74
260 102
2968 94
1676 85
593 105
558 75
94|12
231 53
377 64
367 57
364 68
288 55
19 47
10 61
586 53
590 67
380 62
589 66
318 76
95|20
18 82
4878 90
6979 78
4732 47
3019 94
5246 39
32 88
2952 81
1247 90
1198 93
5283 70
3361 86
1513 65
2009 76
539 78
122 60
1584 82
1240 87
4262 86
5349 80
96|16
527 87
1094 71
272 80
3819 93
150 80
2021 73
2571 85
1214 82
2058 71
1220 80
733 76
2340 59
1721 71
2396 79
367 68
1291 85
97|8
4701 75
4306 90
3578 91
4993 95
4963 89
4299 75
3981 59
4161 76
98|19
81845 88
8961 83
122912 81
5299 68
63992 51
187541 64
56152 78
134853 85
69644 66
6863 74
5618 90
56801 55
3499 84
134130 84
74789 64
82461 69
1258 88
88810 87
79132 87
99|11
318 111
161 96
420 72
592 85
196 66
122 69
145 79
150 98
316 82
236 87
588 96
100|20
497 84
296 88
1393 78
95 65
592 73
605 59
6059 76
28 87
2245 69
62 76
4308 78
1777 74
838 84
2125 78
1288 87
234 54
1197 90
2005 80
4014 79
4623 76
101|13
2580 83
3285 62
2723 70
2700 79
2908 78
2390 83
3175 75
2395 73
358 56
2702 66
3394 57
2997 84
2502 87
102|12
158 57
588 74
150 75
592 66
253 68
480 72
344 58
539 69
553 73
593 80
586 59
223 74
103|20
86014 70
1954 83
60040 69
1968 82
77206 70
2161 77
1732 88
81834 87
608 90
2384 61
4254 51
104 72
139642 73
56782 94
2096 74
101 86
6534 60
374 48
60069 86
30793 69
104|20
4740 70
743 48
5218 72
8643 65
1288 79
47997 70
468 66
76251 71
8533 73
4018 63
38038 78
1566 69
7361 83
6060 46
3034 73
1641 73
4641 72
108190 57
616 71
7034 77
105|20
4788 70
69685 70
95311 70
95313 70
110586 70
141816 70
141818 70
170597 70
172587 70
172793 70
173351 70
173535 70
6433 41
4974 60
70286 83
108981 70
95175 70
69122 83
1243 83
3916 80
106|7
69844 89
72998 85
59501 82
86880 80
5349 84
53125 81
59784 80
107|7
231 69
253 78
590 88
165 81
434 72
208 68
318 100
108|16
800 88
6022 85
4995 90
2585 7
5316 69
4975 79
3978 73
5349 81
2926 74
4246 84
4878 92
4994 80
1968 86
1684 71
497 89
5380 89
109|20
380 65
1033 66
231 56
364 74
589 73
480 69
62 65
31 64
587 66
1032 64
586 57
778 75
540 50
256 53
163 69
252 62
223 72
553 70
537 61
168 57
110|11
26171 78
2468 54
1198 82
1089 84
1222 82
1208 84
4881 77
47 79
527 83
1193 82
2428 49
111|20
100194 70
162602 70
171251 70
2145 66
96588 75
65088 69
66203 56
84772 70
2081 72
91529 81
6365 66
45666 47
3255 72
1282 74
6539 78
86833 73
122882 74
59143 78
86911 66
5283 65
112|13
788 54
161 73
1917 59
16 77
21 67
208 57
434 58
39 64
3717 63
19 54
110 79
32 78
70286 76
113|20
4083 70
39 65
3168 71
932 86
2331 55
3359 82
1086 82
3504 83
1339 70
904 87
3546 70
4063 38
4062 65
1077 77
1589 72
2475 63
3831 72
46 61
1733 93
4007 75
114|7
141718 70
54001 66
2291 64
167732 70
122886 64
8961 66
3147 70
115|20
1580 77
2804 87
1387 88
2792 73
3146 55
3273 54
3052 81
2841 77
2719 56
595 81
2700 83
383 67
2027 47
2148 64
2770 57
3785 67
2916 82
3175 79
588 84
1377 69
116|18
2716 71
858 78
1299 76
62383 58
1339 63
1276 77
597 66
1029 62
1101 65
2797 70
2657 62
1961 71
1407 60
5995 75
1704 77
165 67
2115 71
8360 67
117|20
708 66
587 70
589 75
151 69
36 72
1036 75
595 71
288 63
596 66
48 62
315 60
454 71
353 72
474 71
10 67
60 62
805 69
491 63
616 68
485 59
118|5
1221 81
1625 72
153 55
1961 75
1810 65
119|20
95441 77
117176 89
1092 77
91529 94
74458 91
4387 86
79132 95
168252 96
44022 79
78499 95
122904 91
106782 95
442 72
4993 96
31685 74
6365 78
141004 49
4148 71
88744 85
8644 78
120|5
260 74
32 71
5 53
631 52
52 66
121|12
497 70
440 64
161 69
527 76
292 61
344 54
186 53
316 60
1 71
19 50
163 66
337 66
122|20
27660 87
69784 85
7022 98
148652 73
4816 85
56174 85
94959 92
81591 89
71535 93
30810 88
2997 98
1732 100
108932 96
780 82
1090 96
3253 87
106782 100
72226 105
1200 96
1214 97
123|12
68554 68
115569 80
79132 83
109487 80
1196 85
4226 84
296 84
7153 85
143458 70
47 81
96829 85
2858 80
124|10
56145 82
2161 77
260 88
175 92
1358 79
6377 87
4226 90
3147 89
608 89
1223 96
125|20
5088 70
86721 70
110330 70
54503 84
72011 76
162578 88
119145 83
176371 78
55247 82
1240 81
86332 75
68157 86
112623 72
4082 40
160567 86
3342 70
109487 82
88140 74
98607 70
81562 81
126|8
364 70
349 64
231 54
380 63
410 55
300 61
253 61
457 71
127|5
2915 52
903 62
55276 56
5060 58
272 58
128|7
904 91
965 85
926 84
1066 82
1721 73
1080 84
1198 89
129|20
4370 70
480 80
3698 72
2692 86
2138 89
1968 82
8368 85
653 67
7143 82
316 70
6874 87
239 63
2916 80
733 79
4896 82
2028 88
3977 59
3000 87
1907 79
31658 86
130|6
208 59
316 65
292 66
110 80
590 76
296 79
131|14
2273 58
6947 65
58559 76
908 74
4878 72
89745 69
7256 71
68237 71
2722 49
2028 73
48516 75
3178 64
64614 70
969 71
132|20
6251 70
3275 70
4995 67
2987 62
7444 55
3262 58
4168 47
31658 67
44191 65
1089 69
3967 64
5502 56
50 70
58559 71
5992 66
2108 57
1844 69
2657 55
47 66
2470 54
133|7
454 59
356 68
589 65
150 63
153 48
380 57
527 70
134|7
442 64
595 76
349 74
380 73
367 68
509 71
296 84
135|20
592 71
4084 61
893 59
3994 75
2004 70
608 88
1358 77
3852 70
3489 72
1614 63
1198 87
4128 76
1883 65
2302 68
1291 85
410 64
1261 89
4022 76
4881 81
1077 81
136|20
161 77
193 50
585 57
338 57
277 65
380 71
181 39
337 73
437 50
165 72
611 75
151 72
340 65
252 69
432 52
552 65
350 71
280 80
273 58
150 79
137|20
6787 83
2716 78
1198 84
750 90
919 77
1270 80
318 89
150 76
2997 82
1200 80
6986 70
7153 84
1242 83
110 79
33493 71
1197 86
2959 87
1237 90
903 84
7762 87
138|5
2707 62
1960 70
1959 68
849 56
3996 73
139|20
4025 39
7445 45
60684 47
4865 45
68319 37
7090 50
5502 42
260 51
8371 40
53953 39
58025 39
106782 51
6957 44
7163 36
3827 38
3624 40
52722 39
54259 45
4367 38
115617 47
140|20
5699 70
5299 63
1393 71
356 81
609 63
32596 61
4795 68
34072 70
1617 79
5256 47
5943 53
1084 77
4337 70
3108 73
43396 79
4719 53
1005 43
4321 65
5812 75
4259 73
141|20
5418 72
54503 76
4963 73
2478 60
71535 73
317 61
68954 76
54286 70
6365 63
54272 70
4447 61
5502 64
6377 76
6373 64
1265 76
91529 77
2502 78
441 74
1517 68
48516 80
142|8
434 65
384 74
588 80
50 88
527 88
356 88
337 76
377 76
143|15
1721 69
61250 53
6942 76
7169 67
8533 73
106696 72
3421 75
87232 75
78316 68
69069 72
59421 52
2144 72
96821 78
7173 62
500 69
144|20
589 78
541 82
8368 79
597 70
590 76
410 62
1246 80
527 84
356 83
500 68
19 55
2700 75
434 60
733 72
780 67
1036 78
5377 78
552 63
586 60
2081 73
145|5
344 57
339 66
380 66
318 84
588 73
146|7
7293 68
3257 56
32 73
1367 57
3686 57
410 58
47610 68
147|5
1234 82
168 62
552 64
555 76
2395 70
148|10
88125 77
5618 82
108932 77
81847 74
72998 71
5816 72
8368 77
7153 81
81834 79
4993 81
149|12
1097 63
1374 65
1831 41
1527 63
260 69
173 45
1206 70
1200 66
2021 60
1580 59
1391 53
1375 55
150|6
3 66
1356 77
5 61
95 63
733 75
1073 77
151|12
786 73
562 93
780 80
837 78
747 65
1265 93
828 71
1073 90
1 91
648 82
1393 85
1359 63
152|13
50 85
2959 85
116897 86
89492 76
1193 82
69481 79
85774 68
115713 78
111 82
92259 86
1234 81
79132 81
318 89
153|20
134853 47
1732 48
8533 45
4014 46
81456 39
106782 49
8528 46
6863 41
87194 39
2617 37
1246 49
106100 47
1954 45
7458 41
4226 49
89904 46
72998 43
133780 70
586 36
36535 48
154|7
114662 89
119145 97
81834 98
122904 95
106072 83
76093 96
77561 84
155|10
153 60
3286 37
1200 82
260 86
141 73
2355 76
2384 59
2948 78
432 52
2959 90
156|20
26313 70
31038 70
1230 80
1711 61
3341 82
6296 74
762 46
2361 60
2076 77
4784 54
661 66
2926 66
8571 70
47 78
3176 71
58 78
848 59
866 81
1485 60
923 81
157|5
785 65
3617 59
2720 40
2770 49
527 80
158|6
1093 74
2605 64
2872 78
2723 70
2428 53
66320 70
159|20
2959 76
60069 71
45720 65
597 63
4022 65
89864 68
49286 62
140110 63
84954 56
4447 58
1197 75
68954 71
6942 68
1961 69
106696 65
480 66
539 63
166643 66
40819 70
63082 71
160|20
126 33
1371 51
1198 69
196 42
3408 59
5349 60
3213 68
2408 42
839 48
3593 25
2748 26
533 49
1975 44
1676 55
3745 58
2011 58
733 59
3826 41
778 68
2840 46
161|8
4980 63
7247 76
47610 76
1223 92
38038 82
3429 90
2144 75
2336 77
162|8
150 92
225 85
168 74
50 101
300 83
266 82
31 83
62 85
163|5
1608 61
1810 60
1747 60
1777 61
1837 46
164|8
1036 90
2916 85
110 92
589 90
3527 86
1101 79
1201 97
2167 75
165|13
2353 67
3624 63
110 81
5505 65
5527 71
3256 69
5956 73
5418 76
5530 48
5450 69
1127 72
3409 58
5881 64
166|20
33794 84
1721 74
4011 90
5378 69
3481 83
49530 80
2353 72
47644 58
54272 80
8961 84
1198 90
2542 88
1036 84
608 88
434 64
5219 68
5418 82
2396 82
349 74
2324 91
167|20
33493 66
4886 71
778 76
3052 69
7147 73
6857 70
45501 56
6480 70
1682 71
2231 74
784 54
33794 72
2083 72
2413 66
6333 69
8961 72
2139 69
150 69
6773 72
35836 66
168|19
3730 94
1248 108
1201 95
1089 95
296 94
923 90
1222 93
5291 83
3543 86
1302 80
3362 88
1148 95
3101 77
57669 94
2076 86
1729 81
908 93
85354 63
80463 89
169|20
3536 83
2028 100
364 97
953 99
4886 93
5400 73
8644 81
524 85
2795 91
1022 86
3114 93
3967 94
1517 86
1035 98
8641 89
6365 82
661 81
457 97
3287 56
1416 84
170|10
318 82
296 76
586 57
377 68
34 69
592 64
277 60
500 66
266 63
588 71
171|17
485 74
1220 93
1025 88
801 73
1259 95
1079 96
828 72
317 77
869 90
380 83
1136 101
1225 101
661 80
318 106
47 95
1198 100
1208 100
172|6
3087 63
3578 79
7438 77
2072 63
3793 73
2762 76
173|5
10 73
329 71
586 64
597 74
588 81
174|14
553 77
520 64
224 72
648 73
161 79
317 67
158 60
780 72
315 64
485 63
282 68
440 74
350 72
10 72
175|5
531 71
8911 70
43904 36
38388 7
8362 60
176|8
165 79
434 69
39 74
368 77
380 78
780 77
47 87
471 80
177|20
42002 60
91542 72
6332 60
3668 73
45672 60
783 63
27706 65
2657 65
114662 71
1206 79
83132 77
5218 71
508 71
3114 73
1321 66
2176 75
8798 71
88140 68
2012 67
339 66
178|16
7361 89
527 90
2329 89
5995 88
6502 85
4235 87
1198 88
208 61
6539 81
296 88
349 74
10 73
4226 88
1240 82
2579 82
318 94
179|14
367 72
589 85
161 83
231 66
288 71
743 53
1061 81
317 72
786 68
592 74
671 72
296 89
434 68
364 86
180|5
1261 83
260 78
1748 76
1242 78
2140 69
181|20
157 59
593 74
596 62
353 66
539 66
516 64
132 59
169 42
25 65
31 63
542 48
6 71
707 53
185 61
464 54
502 45
415 50
480 68
592 61
344 54
182|20
4879 70
6969 70
3911 76
2728 78
4313 68
8042 86
1291 80
3113 57
3578 76
1590 59
161 71
4452 51
224 72
4980 63
4262 77
2353 65
2890 71
1127 71
541 84
6041 75
183|12
480 77
380 72
1196 86
2951 84
2534 38
4085 71
1287 81
2194 80
3247 61
1233 87
2662 66
1408 78
184|20
158035 70
181413 70
193565 70
97304 84
74754 61
168250 74
191005 70
106072 73
166291 85
127152 87
86332 77
80463 84
5816 77
122898 62
81845 87
5810 74
170813 82
174479 70
112852 85
148626 85
185|10
1685 70
2396 75
5377 76
1721 67
5952 80
1393 71
595 72
2085 65
4995 78
899 80
186|20
2605 69
1214 90
1291 94
3745 79
1269 88
2527 79
2532 66
4361 79
1307 88
2968 86
4306 89
2541 78
1702 67
480 85
1097 85
3977 63
919 85
3527 86
593 95
1196 95
187|20
26122 70
3949 81
49272 79
231 56
1206 82
6874 81
1729 71
1209 83
48394 74
6502 78
2701 43
4027 76
288 65
2542 80
7153 82
39427 50
6890 79
1222 82
8949 76
1748 78
188|10
2346 70
1212 95
594 85
1282 89
3469 84
2396 88
1091 58
3341 91
1264 87
2206 90
189|5
48516 85
4993 83
79132 82
2959 86
58559 86
190|14
6711 84
4776 76
8784 79
4995 82
5630 66
4306 80
30749 79
1221 86
4975 71
8961 79
858 88
8464 76
69844 77
7438 80
191|17
496 70
21 73
72 71
175 91
494 73
417 86
17 80
6 85
85 86
292 67
314 82
58 86
235 75
213 48
161 76
160 55
162 90
192|5
356 89
288 68
316 70
349 76
432 56
193|7
44555 79
55442 76
4878 76
6016 78
307 75
1270 75
5618 79
194|5
163 73
1396 69
1500 73
1288 80
5060 76
195|20
3424 80
2770 51
1041 87
1653 79
1923 71
3160 72
4723 48
1863 50
2336 74
2166 47
4308 72
1909 67
260 80
2028 81
3252 72
2908 73
1392 68
1365 77
70 68
190 63
196|7
70286 79
3578 82
59315 77
58559 87
364 82
1214 80
110 84
197|7
1513 63
1240 84
1882 46
786 66
2167 70
153 60
1784 80
198|20
3894 70
3499 78
920 73
1213 83
3949 81
1994 69
1485 62
2572 72
4019 71
1089 83
110 80
593 82
4128 72
1270 81
4886 76
1079 78
2117 76
912 82
1573 67
1682 76
199|20
5464 65
2165 65
2280 6
736 55
5673 68
349 61
5502 59
482 70
8532 70
1172 78
300 63
50068 68
4881 71
3175 67
7445 63
2973 71
34338 64
41997 68
1956 74
377 62
200|20
3809 74
7022 85
50802 54
3968 66
2485 64
500 75
5610 46
590 82
1029 72
53996 74
2572 78
4993 88
4041 78
57640 78
1302 77
1784 78
6383 56
1653 85
1569 75
1517 75
201|20
1748 91
1527 86
1584 86
2858 92
339 80
589 91
2717 69
994 96
788 65
1196 97
2797 88
733 85
1259 93
2174 84
1198 97
2455 80
1569 81
1213 98
160 66
24 74
202|20
3329 70
924 84
29 84
2289 83
1197 89
1196 88
2966 80
161 77
608 88
1209 88
1296 82
3194 73
1784 77
469 77
923 84
2000 77
1587 66
1719 92
3147 86
32 81
203|9
56174 71
8665 77
2407 67
5952 83
590 78
49272 83
40815 78
333 74
296 85
204|17
1136 91
3949 88
33794 83
48394 80
27075 70
1080 85
79008 88
6104 94
8874 87
81591 78
4878 87
91658 78
711 66
2313 82
86320 73
55820 82
5218 78
205|6
912 82
99114 78
91542 73
5816 72
95167 70
96079 75
206|5
36 87
608 95
733 82
140 72
141 78
207|5
2991 58
2428 39
2707 51
3740 63
100 44
208|6
1210 77
2628 58
380 64
2353 63
2278 66
2762 72
209|7
60684 78
1291 86
68157 85
74458 81
185029 85
122886 79
88125 82
210|20
123553 70
34405 93
166203 70
3147 96
31696 77
7649 66
58559 99
2105 77
6365 78
34397 70
4625 46
84772 78
122926 94
76093 92
62836 70
33493 82
1584 85
47610 85
108932 91
122918 90
211|18
58559 87
63113 70
90405 61
57669 85
60684 76
7153 85
73017 78
2105 67
4367 61
356 84
2642 49
1556 40
318 90
44665 78
85414 72
1198 85
1136 85
260 83
212|20
170697 69
122920 70
122892 68
2571 77
5218 68
48394 70
3578 75
1196 78
135143 68
74795 66
179401 64
79132 77
77800 82
108932 74
110102 70
96821 75
8874 77
65261 77
59784 65
2291 70
213|17
3285 65
87520 50
80363 60
76251 79
8957 71
2860 58
1234 88
5419 63
51935 83
69844 82
39446 61
4132 59
858 92
69526 54
4558 56
49530 81
58559 92
214|5
83 70
628 59
743 40
1363 53
802 57
215|20
1172 86
4973 85
63082 80
1291 82
2028 82
3252 74
3210 72
1968 77
1247 81
49272 82
1089 84
72407 58
5650 79
318 89
1208 84
2000 74
1197 85
1196 84
1297 72
4019 73
216|20
104 64
21 69
3996 77
3946 60
2946 61
3993 67
3897 78
2599 75
34 72
3994 70
4034 77
3363 75
1965 69
3422 64
3555 68
3253 67
2087 70
3986 54
2018 68
1923 71
217|20
1867 70
3434 70
1275 68
2468 48
3197 51
1912 66
2302 55
1876 52
380 60
1221 73
2471 44
1918 49
1385 52
3165 61
1590 52
1562 40
1703 37
2056 70
1831 41
160 47
218|6
2657 59
2692 72
1380 59
1198 74
6934 58
5349 64
219|20
60072 58
2115 70
59315 70
6539 71
442 55
30707 74
1704 76
180 64
1219 76
1005 41
27773 75
56156 56
6188 64
6721 68
30825 59
2997 75
1552 55
1500 69
2890 67
1921 75
220|20
3996 85
733 79
1198 91
3994 79
6539 85
1258 90
1917 66
4545 76
33794 85
165 77
71264 81
4623 78
53464 51
5218 80
6365 73
3751 78
32 86
1036 86
5502 73
1591 65
221|20
4338 70
7013 86
8529 70
1080 85
3246 87
2871 85
1208 93
7063 92
2702 68
4029 86
5954 84
2352 83
922 93
2997 88
1278 89
2858 87
1212 89
1959 78
1961 83
3671 83
222|20
81831 70
100498 42
48516 75
1249 73
99813 72
91529 73
59900 51
93287 73
1721 62
2706 63
3273 44
2411 51
64622 65
7143 68
87869 64
778 73
30825 56
42011 42
673 52
64839 70
223|15
55854 70
6711 72
1 67
736 54
1961 68
457 67
2716 67
48394 65
608 72
8784 68
48516 74
3863 56
4306 68
260 71
2683 55
224|11
3496 70
3044 81
356 89
2915 75
289 68
3668 81
1270 88
2797 82
1721 74
2716 83
1259 86
225|15
2423 74
1285 76
588 77
1717 57
2791 78
1321 69
1136 84
1197 84
1753 75
2004 67
2371 62
1407 65
785 69
1060 73
3024 52
226|20
6938 70
32666 70
3552 79
542 54
1240 79
3098 77
2804 80
3668 76
3653 78
2231 80
145 63
2253 47
3052 75
2628 64
762 49
53129 87
4816 71
16 79
2144 74
46948 61
227|19
46976 82
52319 80
81845 88
109487 85
134130 84
215 85
48738 86
47099 85
1196 90
32587 82
912 91
55721 90
1682 83
750 95
778 88
40629 80
97913 80
70286 83
150 81
228|5
2571 88
1373 60
362 76
318 95
3113 61
229|13
34 78
589 82
377 77
45 68
587 77
5 64
475 88
442 66
597 74
364 84
213 45
110 86
527 88
230|20
34330 70
52715 70
47 66
7438 63
527 69
3147 68
45499 56
6537 55
2291 61
1387 63
6863 58
1485 52
595 61
4022 61
2096 56
588 62
4034 65
1676 56
8644 56
2641 50
231|5
92259 87
858 87
593 85
1198 85
109487 79
232|20
31867 70
41769 70
57526 70
70336 53
8644 68
1586 62
44972 44
4019 70
43928 41
30883 30
65802 58
8376 71
39292 70
1035 77
66198 63
66097 73
32011 47
6564 54
7451 73
33164 42
233|20
48394 65
3751 62
48516 73
1721 60
356 71
106100 69
162600 62
608 72
7153 72
134214 61
57669 72
122920 64
2329 73
4239 64
7371 74
3977 47
3147 72
3948 60
49272 70
5418 66
234|20
2616 70
2140 79
172 61
126 44
1562 52
4519 74
153 64
2710 62
3624 70
3483 69
1391 69
438 56
1460 7
2987 81
65 55
260 90
1359 60
3175 79
588 83
2080 77
235|13
480 75
736 65
500 70
454 72
592 68
235 69
595 74
32 78
527 84
648 70
223 77
588 77
377 72
236|30
1214 70
1278 70
1345 70
1350 70
1387 70
1388 70
1982 70
1997 70
1998 70
2447 70
2459 70
2490 70
2496 70
2502 70
2505 70
2542 70
2572 70
2580 70
2596 70
2598 70
2606 70
2657 70
2683 70
2694 70
2718 70
2770 70
2806 70
2858 70
3024 70
3052 70
237|10
32 69
4254 41
94959 66
293 71
1371 55
1193 73
7361 74
7980 72
43936 51
1374 68
238|9
4954 76
3528 74
4265 60
4901 70
4238 67
593 86
4499 84
4957 45
1193 83
239|20
58559 93
5459 66
4085 76
380 76
95 65
7445 79
608 89
7147 85
6378 82
2115 84
4896 84
36529 80
3994 79
33679 73
47 87
590 84
4022 80
208 64
733 80
51662 82
240|20
368 83
543 79
480 89
367 78
810 58
500 82
546 50
110 96
173 64
1 93
542 63
104 81
34 88
174 67
204 58
225 84
383 72
262 92
434 73
420 67
241|16
81786 70
71899 86
527 84
1206 82
1193 82
99114 79
100714 72
8981 73
53123 81
116897 85
56367 76
3910 82
106782 81
115569 79
4235 81
48780 79
242|7
39 67
380 70
231 61
457 80
592 69
454 72
111 83
243|8
112 78
353 92
62 88
588 93
193 60
586 75
181 47
376 80
244|19
3090 87
1049 72
110 82
257 71
165 72
151 73
1090 81
3755 65
2278 72
648 71
1580 71
1957 80
1610 79
1196 87
3256 72
1573 71
1242 84
3753 70
2243 72
245|5
3196 61
2739 62
3114 57
3274 52
1361 60
246|20
1304 90
616 81
1680 83
6016 95
3081 80
44191 90
60684 86
4973 98
1732 93
1298 86
53125 79
2291 86
2692 92
293 92
4011 95
5013 90
60069 92
48082 91
82202 64
95167 82
247|20
48516 80
593 79
2858 75
49272 78
1961 73
44191 75
527 80
116797 76
68358 74
122886 72
480 70
223 73
1265 76
2078 71
1198 79
1682 73
6377 76
1089 80
953 78
919 71
248|11
4886 76
1198 83
166528 77
176371 74
316 64
147374 66
102903 69
189333 74
122912 75
58559 85
5218 72
249|20
110350 70
102903 76
2167 73
94959 82
84601 73
2395 73
97306 77
3408 76
89047 70
91500 76
91542 82
40815 84
69844 83
904 91
46723 78
3826 57
68791 76
88812 73
67695 92
50 92
250|6
1282 91
2407 76
318 104
1597 75
1246 94
8880 77
251|5
142115 7
293 92
356 96
318 103
1089 98
252|8
164179 85
89745 86
6377 89
164909 84
1682 85
166643 82
143355 71
78499 90
253|10
44555 97
916 97
608 96
2300 90
7099 92
4217 82
26366 70
1192 100
4642 97
3363 88
254|20
46578 83
44195 86
207 75
49278 71
6333 77
780 70
110 83
1210 85
49272 84
27846 83
32587 79
2571 84
44929 81
47 82
293 83
1580 71
5995 85
32 81
592 71
48394 77
255|9
1270 60
4467 63
2023 52
3501 37
1663 54
1394 57
3392 49
2542 59
2915 50
256|20
3247 67
88744 82
377 80
4973 94
53972 76
118696 71
95441 74
104841 81
71535 85
2953 56
81229 79
53121 66
30707 88
2571 91
68791 77
170 74
6942 86
90405 67
6537 74
33493 79
257|5
1500 67
594 67
2502 74
494 63
2406 64
258|5
4995 84
7147 81
72641 80
76093 83
47099 82
259|6
508 66
5945 60
1784 66
4886 69
1356 68
1584 66
260|20
7361 83
3556 70
162 81
903 78
5690 83
6337 74
4878 80
5617 76
342 70
5219 62
2997 78
8011 80
1206 81
3317 76
6709 64
8874 80
2348 76
3822 79
2959 84
8645 78
261|11
3897 82
16 81
2060 69
296 86
2723 68
1682 80
4085 71
2194 80
7361 87
4238 68
58559 88
262|12
708 62
539 63
457 71
322 65
339 62
85 72
26 69
17 67
213 40
273 52
593 76
728 62
263|20
223 79
150 79
500 71
2987 77
2953 51
110 83
4226 85
8370 83
1197 87
7458 71
708 71
1111 81
2125 75
6942 79
5013 81
163 76
457 81
8636 77
1967 78
2085 69
264|12
7841 6
1376 69
151 69
5816 72
1907 72
1320 62
1917 58
150 74
3578 77
1090 76
253 70
1876 58
265|20
3807 70
316 62
253 67
1302 68
724 58
1240 73
3504 78
230 66
3831 68
1956 75
3098 71
529 73
1270 77
3791 63
1177 78
2322 57
1488 62
2474 67
1198 79
1962 70
266|20
476 70
2812 70
2700 74
2278 67
24 61
2770 50
2702 62
64 45
1405 60
2580 77
1527 73
2167 63
457 75
1580 68
2300 77
1923 71
2094 63
132 61
2571 80
2097 59
267|12
2858 88
593 92
1175 89
3006 84
1302 79
3999 53
3113 63
1093 77
589 87
2571 90
923 88
3996 86
268|20
1641 69
587 61
1125 65
1911 49
2802 54
1036 70
1370 59
50 76
2064 71
1784 65
1912 69
1966 62
454 61
1234 74
2247 58
1394 73
2829 48
802 61
260 74
2858 73
269|6
724 66
743 53
95 65
1 85
63 51
648 76
270|8
661 61
62 63
79 51
628 65
14 65
1356 69
141 64
25 67
271|9
3897 72
32 70
2791 69
969 71
6787 73
2858 71
55765 70
1320 57
2288 70
272|7
177765 70
1240 73
51662 70
122922 71
49272 76
158238 74
6365 63
273|11
440 81
593 97
500 78
608 96
223 89
111 96
150 87
21 79
466 66
235 80
520 73
274|20
50147 70
2947 74
3037 81
1645 68
4951 66
2036 54
1359 53
35957 66
553 73
76293 60
3918 56
1503 72
45431 67
4816 68
54999 68
5667 70
4876 42
56805 69
1921 78
54004 72
275|20
1784 80
2289 87
5884 70
1171 77
357 76
1912 83
2539 67
235 76
4886 82
2572 76
2355 79
3253 76
1192 94
926 88
111 91
2100 68
3089 96
1393 77
1719 96
1392 74
276|9
673 75
356 107
466 75
104 88
631 73
648 90
2 90
1367 79
344 77
277|6
637 67
736 72
656 65
1 89
780 77
260 93
278|5
2371 66
1347 69
4002 80
318 95
2369 61
279|20
134130 75
1101 66
166528 75
90405 58
61132 67
79132 78
56782 84
97913 72
1608 65
4226 80
59315 73
88129 71
54286 72
1258 79
8665 72
58559 83
4993 80
8376 70
107406 69
1200 76
280|20
92535 95
344 65
262 85
3146 55
4239 82
4447 71
8638 80
919 81
72641 84
86817 56
8368 87
49530 81
6863 76
35836 78
55052 80
54503 88
4246 81
48516 92
1911 62
3916 82
281|5
46578 71
8361 55
35836 63
3897 72
3861 51
282|20
5995 89
3977 59
3263 69
25 79
6708 78
2683 68
4718 64
6711 89
5481 63
6863 75
5669 82
3752 70
588 83
80463 86
1921 86
1193 89
4369 68
48322 84
1194 85
784 63
283|7
1580 62
39 58
1704 73
356 73
586 54
2082 50
805 64
284|18
474 86
173 62
2 81
296 95
15 67
348 84
248 71
318 103
47 91
353 88
275 42
44 64
339 81
367 76
276 71
165 82
637 68
235 80
285|8
1193 85
949 79
1247 84
6978 61
113207 70
4447 65
441 79
296 85
286|20
454 71
778 82
5989 78
1333 73
165 71
500 69
7438 78
2294 65
4993 83
4995 81
7361 85
70 69
4980 62
1258 83
4963 77
1097 75
4848 80
539 70
377 71
110 81
287|20
3160 59
3578 60
223 59
2633 62
1059 59
586 45
3005 46
532 47
1193 64
2599 59
2028 63
1485 47
3826 37
2081 57
8949 60
2012 52
101 62
4034 61
2422 30
2115 56
288|20
4473 70
4966 70
1008 70
2867 66
42015 53
141 62
2571 77
13 62
53519 61
2407 60
5418 71
3916 69
2347 40
2528 58
30810 68
575 47
32587 70
587 62
2517 58
8361 58
289|24
3 70
16 70
235 70
266 70
594 70
708 70
750 70
1080 70
1101 70
1208 70
1220 70
1258 70
1917 70
2012 70
2174 70
2710 70
2797 70
4322 70
6125 70
6327 70
6453 70
7025 70
7028 70
26704 70
290|20
1228 92
1299 90
2494 78
2739 87
608 92
2130 78
908 91
341 70
1447 69
342 77
1056 69
1719 95
953 89
928 87
1394 87
2648 75
475 92
2731 83
1357 87
2385 49
291|7
40815 87
122892 83
106489 76
134853 91
7153 96
88125 91
1 90
292|20
520 61
103339 55
122900 68
4896 73
2291 71
474 71
85056 62
46972 60
95167 68
164909 73
3176 66
3476 75
1608 66
31221 40
1101 67
3985 62
3984 67
1017 68
69844 72
231 59
293|5
1682 60
1673 63
344 47
1617 63
1097 58
294|20
416 40
3869 61
1064 53
2794 47
610 56
2133 57
1391 54
3868 58
1129 59
520 51
3387 56
355 37
2378 50
3693 40
785 57
2193 59
2367 46
2458 47
348 62
3501 42
295|9
1221 88
3198 83
1287 82
1213 88
4351 71
1198 87
858 90
318 92
2329 88
296|6
160848 70
2028 88
169034 70
4144 87
50 91
2324 90
297|15
832 53
543 53
1645 55
111 66
454 55
1089 68
6 63
1249 66
1047 50
1370 54
1488 52
150 59
170 53
1092 53
866 65
298|20
57640 54
95510 48
6811 43
8370 55
8807 51
63131 48
6881 48
3785 44
122900 52
103042 45
6294 37
2167 47
2005 54
6006 42
653 42
55995 38
3018 51
69757 51
103772 46
3825 39
299|5
3793 80
1387 86
188 74
1198 90
1214 85
300|32
318 70
356 70
527 70
593 70
1172 70
1704 70
2028 70
2324 70
2329 70
2571 70
2762 70
2858 70
2959 70
4848 70
4973 70
5995 70
6016 70
6711 70
7361 70
8950 70
48394 70
56174 70
63082 70
79132 70
81591 70
92259 70
99114 70
109487 70
112183 70
112290 70
112552 70
112556 70
301|20
21 65
357 68
2490 67
6711 80
589 75
8949 74
837 65
3948 66
364 77
527 82
5989 75
4963 74
608 80
292 63
3578 76
3897 77
4226 80
3753 66
1393 70
1792 62
302|7
480 81
14 77
3 70
25 80
648 75
707 63
110 87
303|11
5378 63
3703 78
1127 71
5544 76
1196 82
3471 74
1580 68
1394 78
2683 62
920 71
1358 71
304|20
314 85
2571 89
2433 66
10 76
1376 77
480 82
1373 61
1777 75
1270 89
1517 78
151 78
356 91
208 65
474 81
1214 85
1375 71
640 58
1722 66
185 69
2701 51
305|20
74624 70
140627 70
87869 77
919 80
1197 91
106100 86
138210 76
788 59
7482 82
80590 63
103075 49
903 86
6537 71
93840 82
54736 82
592 74
2288 84
58803 80
55276 80
1272 95
306|20
5784 46
68954 75
69644 58
6377 75
95543 59
81847 71
111743 60
85367 77
168418 74
167018 66
72998 68
122904 73
69406 64
85788 35
4963 72
115664 69
134368 67
112852 75
161634 61
133419 61
307|20
2190 70
4181 70
31424 70
49314 70
5010 66
7845 55
3392 58
1220 67
6793 38
6483 17
2332 23
56003 46
1991 49
3273 41
4876 36
3421 65
1409 44
413 46
4447 53
52867 70
308|20
2959 56
45517 46
96821 52
72998 48
318 58
2 44
904 55
589 51
8961 50
56152 48
56367 50
5618 55
36 48
410 41
79132 54
4993 55
8464 48
1221 54
2248 50
6 52
309|20
2202 87
1645 67
898 87
1682 73
296 81
1089 82
1269 76
7153 80
6947 71
8340 70
1104 89
7218 70
25886 74
1219 79
8154 84
971 82
1944 76
6365 63
1262 83
2762 75
310|13
6863 69
6947 75
1101 68
6503 49
2524 84
2457 71
5899 83
733 71
246 87
3254 68
1223 89
1080 80
2671 71
311|6
6561 70
5992 47
1517 42
6461 46
1407 39
2706 41
312|20
5816 75
1375 68
3499 81
589 81
2454 66
1358 77
4878 84
4103 81
3793 76
2028 85
1371 65
4121 65
2366 74
2747 62
4105 79
5446 75
2699 60
2529 81
1350 83
1356 78
313|20
4980 61
170 65
3917 67
2455 68
5544 77
541 82
2193 70
2000 73
6 77
1968 75
1089 84
1301 75
1240 77
3175 71
4865 73
2005 73
2167 64
1375 65
2087 71
2530 52
314|20
7 53
1042 56
44 49
165 62
457 69
293 70
597 61
329 60
442 54
26 67
830 52
728 60
618 70
107 59
536 49
10 61
1376 62
153 51
208 52
150 67
315|7
1262 77
2729 70
2529 70
2067 75
2553 63
909 70
902 71
316|11
1748 72
253 65
3968 56
158 52
5445 68
3751 65
7438 71
6874 74
48 58
3882 52
2572 66
317|20
133115 70
73321 63
91529 79
74545 67
7445 70
1213 82
48774 77
4262 75
1884 76
5989 76
3578 77
4011 81
68358 76
1208 80
72011 71
3897 78
3499 76
96829 81
116797 78
56782 85
318|20
26713 70
81191 70
90245 70
111817 70
127180 70
145080 70
150696 70
7445 73
1090 78
116799 70
82459 77
48385 71
2294 67
64839 78
88125 79
109487 80
4021 99
33794 80
54286 76
89753 75
319|7
115617 86
6377 91
356 93
136864 54
1221 95
122904 88
110 90
320|5
72998 65
71535 69
31184 73
59315 67
1013 59
321|12
587 77
356 88
160 64
592 70
597 74
780 74
339 75
355 52
410 65
3 68
500 75
457 84
322|20
2882 37
1968 68
2542 72
58559 75
2788 73
2146 61
2617 57
2918 69
778 72
2599 66
4027 68
4993 73
1230 69
51540 67
1 69
1617 72
1923 64
4010 56
11 66
1035 72
323|20
377 60
480 64
356 71
1094 59
161 64
115569 68
1198 72
29 70
551 62
22 58
318 77
112183 61
253 62
111659 50
3257 52
260 71
150 66
329 58
342 62
266 59
324|5
2764 74
3972 74
3864 33
3949 73
3897 72
325|20
2848 70
235 70
2986 55
262 76
1573 70
2596 70
1584 72
1217 87
1676 65
4714 38
3770 46
3261 68
2894 70
2155 67
1279 81
1614 61
3994 71
2268 73
2915 67
5008 85
326|20
8665 76
47610 75
20 54
2858 81
86882 76
5418 78
4973 87
133771 79
48774 81
2324 86
1293 77
2692 82
72605 64
70159 65
54286 75
5446 71
6591 91
4226 84
105844 74
31410 77
327|10
3301 79
150 86
858 95
1923 81
51255 91
48516 94
1304 88
765 69
6888 48
2706 79
328|20
2687 57
112852 67
70286 65
1196 71
457 66
364 67
80463 67
3489 59
318 75
595 62
5349 61
2542 69
1219 69
35836 60
3751 60
79091 63
7153 71
596 59
2398 67
1148 72
329|5
130482 70
136850 70
858 59
1884 54
750 60
330|20
5378 63
316 63
1639 73
2918 76
919 74
3949 81
3535 74
5349 72
380 67
1676 67
2502 82
3703 79
1682 77
2683 62
1206 82
1721 67
2791 77
2081 72
8874 81
592 68
331|20
8874 81
6157 51
88125 78
6539 76
3897 79
4446 70
7361 84
50872 76
4995 79
4306 77
6874 81
5502 66
3911 73
608 82
4447 63
593 82
3751 70
8665 74
4367 59
2959 85
332|20
47 77
1653 78
1258 80
316 63
8983 71
431 73
97757 70
2291 73
1835 65
356 80
5502 65
4308 72
1203 82
1682 74
1249 80
76251 70
2905 76
318 86
2294 63
32 76
333|5
3785 51
3752 53
3616 54
3615 51
3646 34
334|20
55820 67
1196 74
1580 62
1291 73
3996 69
589 70
30810 64
4027 68
1 69
64957 63
1625 66
50601 49
44195 73
27416 70
6867 67
2997 71
293 71
480 67
5378 57
51935 68
335|6
780 67
592 69
356 82
296 84
2699 56
2001 65
336|12
1267 93
1 89
38798 73
33660 92
1784 85
2001 76
2268 88
293 92
1625 86
4886 87
50 97
150 87
337|16
318 110
47 98
16 97
805 90
1393 90
266 84
667 62
168 78
784 72
65 62
110 101
708 86
25 91
1356 95
277 79
786 79
338|8
189111 70
190207 70
190215 70
190219 70
7153 70
593 71
187541 51
185029 69
339|20
72641 81
5445 80
84152 85
96079 81
106072 73
69122 81
5617 83
41285 83
56869 70
48322 83
65216 79
91630 78
86504 87
91529 86
83613 64
4993 88
3470 90
102407 70
2028 88
5952 86
340|28
10 70
110 70
150 70
153 70
161 70
165 70
185 70
208 70
253 70
288 70
292 70
296 70
316 70
318 70
329 70
344 70
349 70
356 70
454 70
457 70
480 70
589 70
590 70
592 70
595 70
648 70
780 70
1356 70
341|11
2335 72
3624 69
130087 65
1370 74
135137 54
117529 69
5459 65
45672 68
1 84
47099 85
4025 66
342|14
2683 59
2598 55
2881 58
2369 52
1268 71
2605 57
2599 69
1198 78
3157 50
3826 48
2428 46
2827 43
3863 59
1959 68
343|12
858 88
3000 84
48394 77
4226 85
4878 84
3993 75
2571 85
1617 83
31658 83
55363 88
55820 79
296 86
344|14
111362 77
380 69
316 65
2628 63
4226 82
2571 81
4014 74
2012 69
4034 79
260 81
2541 68
4973 84
5418 76
2712 68
345|13
1019 74
2539 65
926 84
5902 85
8810 55
344 63
5707 58
2366 75
56949 68
3649 48
6658 67
3489 74
412 69
346|20
3174 66
778 77
608 80
6711 78
6286 73
306 85
7323 71
307 77
3535 71
1212 79
357 66
3949 78
714 75
7937 7
7396 80
5878 78
1120 69
1131 80
3627 66
7115 63
347|9
434 62
590 76
39 66
150 78
454 73
380 70
587 72
317 65
457 79
348|11
318 105
2324 100
4368 56
1213 100
6016 100
2959 102
6893 98
4973 101
1221 100
1960 88
2019 100
349|8
10 73
161 79
589 82
381 78
349 74
231 63
588 80
509 74
350|8
852 63
7 58
637 57
648 68
733 71
12 45
858 82
661 64
351|20
88932 70
87222 69
73344 89
52579 62
2231 80
88744 74
43836 58
79132 83
597 71
58559 87
12 47
8914 71
8950 80
63082 82
6214 80
90376 88
84152 81
480 75
4878 82
1193 83
352|20
72998 77
71745 57
1801 78
34319 72
2600 78
65682 76
1080 84
79695 68
110730 51
38038 85
130490 66
97752 78
1214 83
94864 71
41566 75
56587 75
44191 84
114935 84
59315 80
47610 78
353|18
552 66
25 76
267 62
216 73
367 68
288 69
144 67
186 59
333 75
266 71
112 68
198 71
234 53
145 66
293 84
158 60
163 78
296 87
354|20
1610 78
4306 80
2692 83
3147 85
47 82
903 82
733 75
3977 56
1225 87
35836 73
648 72
44191 81
8665 77
1917 62
7147 80
1923 74
589 81
2959 88
4718 61
1196 86
355|6
316 72
1580 77
3035 96
3175 79
317 72
916 95
356|20
2248 82
52435 86
52975 77
7122 70
44889 70
1641 80
2706 74
4011 89
802 74
7323 81
2502 88
56367 81
1223 95
55118 86
3949 87
3996 83
1246 86
1466 80
223 82
7153 89
357|20
4354 70
8998 70
27329 70
2804 84
595 78
529 82
4663 85
4091 73
1224 85
1242 86
34 77
208 62
58559 91
6296 79
30793 68
1042 67
2100 65
551 76
471 78
2067 89
358|9
26095 70
605 58
5066 74
52328 78
2226 70
42728 71
7361 89
69844 79
36525 55
359|15
405 44
1092 61
1101 64
51412 50
648 64
296 77
1097 69
2396 71
2424 61
593 77
2701 43
2942 49
1682 71
2530 47
4995 74
360|5
1422 61
1620 62
1488 64
1711 62
1414 60
361|20
47099 68
1580 62
377 63
1552 53
49272 70
1263 65
53125 61
589 68
49822 58
8360 63
318 77
2529 66
5218 64
6188 60
2422 36
3082 59
1732 69
1370 61
46972 55
7458 60
362|20
1945 96
592 76
6539 85
51540 85
5989 86
637 64
70 77
7153 93
1252 94
44665 85
407 86
6874 91
2959 96
1196 93
1208 94
8961 86
48516 94
7438 87
356 90
1201 94
363|6
1552 53
1732 70
1517 63
296 73
653 55
318 78
364|5
858 100
9 71
783 78
376 77
1 92
365|20
59315 57
81229 54
128975 44
6874 61
90345 55
158872 61
129354 40
103075 35
135536 45
70286 57
112852 61
76077 54
112818 56
1777 51
6502 61
155820 24
541 60
95720 44
93270 37
135569 52
366|7
116797 80
59315 75
33794 78
91529 82
2028 83
122882 77
7438 79
367|20
926 88
3061 85
1270 92
1287 88
486 61
3536 77
3824 59
2384 62
3072 79
898 99
3618 78
3225 54
2248 86
3157 61
3969 81
3717 73
1259 89
4023 69
1196 93
1258 92
368|20
3753 57
2112 53
1944 66
2986 48
3869 63
1214 71
2947 67
415 43
3035 71
832 58
50 73
2819 66
1801 61
2490 58
1917 46
1391 56
2193 62
225 58
161 64
2881 52
369|20
1256 71
785 64
47 74
2706 65
839 55
377 65
52973 68
743 46
4214 55
5418 71
3863 59
1372 62
27904 71
60069 75
2857 60
1967 71
150 70
2011 68
1580 65
3174 67
370|19
4011 77
4878 75
8961 71
6377 74
2628 58
1748 72
2116 59
589 72
2329 78
7438 71
3977 50
1676 62
593 77
4973 78
4226 76
1240 71
1089 77
8636 69
2716 71
371|9
2571 98
112512 70
1258 99
4090 86
56715 97
3000 98
4226 99
4993 99
1748 94
372|20
335 70
924 74
318 83
1603 50
1479 61
589 73
81 59
387 45
616 67
337 68
1220 71
1201 78
165 66
1243 72
1258 76
377 68
1401 65
450 58
1206 76
1306 49
373|20
216 66
60 60
169 43
350 63
585 52
44 54
371 68
163 74
616 69
198 66
265 75
25 71
6 77
733 68
47 78
2 65
736 57
305 60
357 67
141 65
374|7
296 83
208 59
1219 81
480 75
592 69
1258 83
1339 69
375|7
344 66
1027 66
32 87
2628 68
3256 77
4226 93
500 75
376|20
91535 67
2002 66
1214 83
1101 75
2916 80
33794 83
1198 90
349 76
1371 66
376 70
1240 83
1375 69
4993 88
858 91
457 85
4226 88
5952 87
344 65
2763 82
2797 81
377|20
4942 70
2793 46
1262 95
2791 86
748 69
1345 76
5027 69
5113 70
27692 70
3421 84
6021 70
3364 80
2072 69
8641 82
2163 53
92760 70
2858 89
1503 82
2124 75
2015 75
378|10
33794 78
7153 84
48516 85
3114 77
858 86
68954 81
91529 82
71535 77
90600 72
364 80
379|8
318 87
377 73
19 54
292 68
480 74
367 65
597 70
344 59
380|20
60818 70
172875 70
172881 70
172887 70
355 51
6979 77
5476 33
2735 69
68194 92
63433 72
72356 96
105731 46
1833 68
551 79
6731 82
27831 85
1665 64
393 57
140956 71
2791 85
381|20
2085 68
1088 72
3253 73
185 63
317 66
27808 65
1240 78
19 56
3753 70
4321 68
72011 74
3082 68
333 74
2140 73
1385 61
2273 67
1208 83
457 79
104 69
2716 78
382|20
1204 95
142372 46
135532 64
1201 95
112171 76
1198 93
912 94
81847 84
4638 64
63540 36
1681 53
170289 70
103042 72
72737 77
2496 72
357 78
81537 71
59501 77
101362 57
4890 68
383|7
2436 76
2541 70
2496 67
1584 76
2558 50
1246 84
903 82
384|14
3527 69
1388 55
2683 59
2502 76
4333 55
3098 70
4396 60
457 73
358 50
968 70
2724 52
296 77
3991 50
1204 79
385|20
736 59
1080 74
249 73
1219 76
1036 74
1136 79
282 60
1073 72
1200 74
1228 80
1022 66
1007 58
1201 79
1246 75
344 56
589 74
1023 69
1287 74
594 70
1303 75
386|14
110 64
410 50
112 52
165 56
223 62
648 56
185 49
608 67
485 50
305 49
44 45
585 45
349 56
10 56
387|20
4393 70
5156 70
5780 70
7336 70
26124 70
40966 70
2712 66
5062 71
1247 79
5489 70
4195 52
7132 77
2946 57
1387 79
3000 77
51939 54
4995 70
912 82
7938 70
1783 60
388|6
6158 70
63239 70
33615 64
86298 58
62999 65
8360 69
389|7
17 89
140 79
628 87
762 62
743 60
95 76
32 96
390|17
6344 70
64957 71
4239 77
5220 50
1193 82
2571 83
9010 84
2291 75
5296 58
4226 83
7254 74
6377 81
63062 72
1206 83
2329 86
4014 75
1784 75
391|20
5575 70
500 64
3994 71
1213 83
516 67
199 66
4027 76
150 73
1408 74
4014 73
1527 74
1059 76
2916 74
4973 85
357 69
555 75
5026 80
4936 71
1210 80
3067 71
392|5
3004 54
2858 78
707 56
1198 82
1125 71
393|20
91658 73
102125 71
48394 75
36517 76
8636 75
110102 75
44199 76
5388 66
54259 74
4848 80
5669 75
1291 83
68848 73
86190 69
2571 83
1206 83
122892 72
106642 89
1625 75
106489 66
394|5
588 62
316 53
344 49
225 56
457 63
395|13
329 62
1025 66
296 73
160 54
208 54
173 50
485 56
355 45
520 57
595 67
126 37
48 59
367 60
396|6
1276 77
1597 58
1777 63
44 51
204 44
2081 67
397|5
4017 73
8645 79
1701 78
8228 73
6993 78
398|10
6408 70
1197 93
5971 86
7022 88
1198 92
60069 88
2455 77
1136 93
48516 93
82459 83
399|8
1198 83
110 81
5445 75
1196 84
593 84
480 74
1270 83
2194 77
400|9
608 92
356 92
2571 92
2959 96
7153 93
1221 94
3578 88
858 96
59615 65
401|15
5952 77
6297 68
55768 59
48982 68
166461 65
49274 44
50872 73
32031 59
79091 71
170939 70
38038 76
8360 68
3114 72
33615 63
1136 79
402|10
1084 86
597 77
52 80
329 75
296 89
586 67
315 68
1036 85
434 68
527 92
403|7
110 79
2427 63
3210 71
296 82
61465 55
1663 74
180 67
404|12
204 46
349 69
474 71
34 70
364 75
508 70
105 62
593 78
509 64
277 62
315 60
185 64
405|20
70708 70
293 84
7254 77
37731 78
2959 90
345 78
1213 89
7134 70
64614 83
6023 7
1241 79
2329 89
1247 85
3052 78
68237 84
1199 89
27592 83
27664 67
3418 74
1215 85
406|5
1586 61
135 57
56949 65
46972 63
724 61
407|5
7153 89
2959 91
6539 82
1240 82
54286 79
408|20
1198 96
122904 90
44840 74
165101 60
6618 88
1291 95
1210 95
89745 91
1278 94
7324 77
44 65
8641 85
115210 83
103596 42
68554 78
2571 94
109487 91
63131 82
80489 89
4649 86
409|20
2485 61
2490 72
2028 87
3812 70
1278 87
2997 85
296 88
1078 74
3016 68
1073 81
2683 67
2289 84
3846 70
912 89
2013 68
1911 59
2352 81
1230 84
2541 71
3174 74
410|20
389 70
3224 94
318 93
2302 69
4002 79
1060 78
4297 77
3263 65
1859 77
111 89
58 85
2145 71
3255 73
2321 74
3504 88
3948 72
11 74
4019 76
3 67
597 71
411|20
508 72
261 74
586 60
432 51
353 72
431 71
194 72
318 86
272 73
515 71
356 82
266 66
257 69
349 71
10 68
31 68
344 58
227 54
455 49
122 54
412|20
2828 20
2384 58
2915 71
903 85
608 87
2720 42
2858 83
1883 65
1307 80
1214 82
1784 76
2239 100
1 80
930 89
1136 87
2710 59
915 79
2398 82
17 76
1079 84
413|12
2706 86
1198 102
3753 84
2424 81
593 102
128360 94
4993 101
16 95
5574 84
3948 85
64957 86
2959 104
414|20
4458 70
4666 70
5285 70
5635 70
6033 70
6493 70
6563 70
6628 70
6797 70
48319 70
58879 70
169992 70
3802 48
3599 68
1600 7
8666 28
4975 70
7444 66
4081 39
177593 96
415|19
296 88
1213 88
4321 70
3507 85
4308 77
47 84
1021 51
111 87
2617 67
1276 88
3861 60
4369 66
99114 83
1221 88
63082 84
1234 86
45722 76
1197 89
175 89
416|11
5952 64
5951 44
531 50
1296 62
1199 67
1721 54
830 46
1206 65
7323 60
4848 63
3677 59
417|14
778 93
4995 91
4975 79
7254 82
1198 94
106782 93
27773 90
168250 79
1625 85
7153 94
74458 88
110102 84
48394 84
4878 92
418|19
356 82
296 82
63082 79
104374 80
1276 83
1136 84
117176 75
1573 67
137337 81
1682 76
5816 72
88125 78
74458 77
367 64
89745 77
45672 61
87869 70
7361 84
54001 77
419|20
4093 70
111 85
46976 79
27822 60
2858 82
319 80
6287 64
3578 83
1213 88
64969 73
47 83
79592 67
34319 71
89580 70
60756 74
27704 70
90943 70
2412 43
1240 80
52245 63
420|20
1161 85
4993 85
45499 70
923 81
26693 70
48385 69
1927 84
5608 82
2052 62
6934 68
7022 82
3979 52
59295 70
2329 87
54259 75
1131 85
2762 79
4973 87
5669 77
527 86
421|8
2858 83
909 81
5008 91
953 85
1178 90
2313 79
2478 65
1203 87
422|19
2539 60
2710 55
4947 75
4971 62
5039 71
4925 70
2581 59
4916 59
1265 77
2804 76
3053 75
2665 70
1283 83
4835 65
2908 72
3943 62
1213 81
2670 79
858 83
423|5
1653 83
110 84
2194 80
5349 74
1320 66
424|20
1193 82
141 69
2804 78
40278 77
608 82
108729 74
293 80
69122 75
1092 66
54503 80
58559 85
3186 70
66097 74
778 81
5679 67
3176 70
2288 78
2174 72
71668 73
112556 76
425|20
45517 68
377 68
2329 83
733 71
6 78
1645 69
8368 77
2081 71
4306 76
1680 70
1909 66
367 63
46723 70
1625 73
1036 76
4901 67
750 84
2353 66
1342 56
145 61
426|18
59784 65
150 76
471 71
337 71
54001 75
1197 82
6378 72
72641 74
4886 73
8644 65
37729 69
597 69
5444 73
91325 41
588 75
3247 58
4022 71
79091 73
427|17
4887 55
5463 51
5015 65
110 75
58 77
5528 69
6348 45
5312 58
2710 54
5696 44
4993 78
5266 60
2683 60
5400 56
5816 69
1208 80
5574 64
428|20
2471 42
2762 61
3827 47
1089 67
2953 40
2916 58
1380 52
1997 62
3440 33
4022 57
317 49
4255 36
1208 67
1391 49
6377 63
2581 47
260 65
3285 47
588 58
653 47
429|12
339 85
421 70
150 93
225 86
165 85
266 81
329 82
252 81
279 67
317 79
237 80
204 58
430|12
923 84
2987 78
3745 74
6287 63
2858 85
6365 71
2571 87
4447 68
4014 78
329 71
2076 81
4446 75
431|5
172 45
1625 61
1376 58
3948 56
802 56
432|20
1831 50
5630 65
6870 75
8640 56
6539 77
3916 75
5989 78
84189 70
110 80
35836 71
4886 76
2762 76
1206 82
49272 82
19 56
318 88
58559 85
69481 80
7158 74
33660 80
433|5
91529 77
1089 80
50 81
5299 61
110 76
434|20
1136 86
3147 83
1090 80
1265 82
5989 78
1101 69
1779 63
586 60
344 59
3863 64
1208 86
3160 76
589 79
780 64
6796 77
2791 79
4226 85
2194 79
8665 75
1291 83
435|9
2353 77
44191 89
485 71
3510 81
34405 91
2302 74
158 65
82459 86
48780 91
436|20
204 47
435 47
440 68
432 48
161 72
480 71
377 68
531 61
536 54
502 47
364 76
235 67
371 67
344 57
2 67
585 54
450 61
587 68
437 47
227 52
437|20
748 66
318 94
5 61
640 57
1299 89
1120 80
1396 75
1246 86
454 73
1171 76
1225 92
1183 79
1097 81
1307 83
1268 81
592 73
198 73
155 54
112 69
246 92
438|20
7154 62
2501 77
8966 64
27801 82
1527 77
6711 84
3898 28
1784 75
8644 69
6367 63
2424 68
3889 46
223 79
1517 73
7361 86
2641 62
5009 66
2617 66
3753 71
2393 66
439|5
356 85
4022 75
7153 86
78499 84
1240 80
440|7
8690 70
541 85
29 83
1653 82
1274 81
3174 73
1235 88
441|9
589 91
2683 73
2959 100
4306 91
260 95
296 97
51255 95
47 93
68358 91
442|5
2908 24
2881 21
1186 24
3752 21
4361 22
443|8
2329 92
79132 88
296 90
48394 81
106487 78
108190 63
7153 90
63082 87
444|9
356 84
592 71
208 59
21 71
111 87
110 81
235 73
296 87
344 61
445|16
2028 79
590 73
34405 77
47 77
116897 83
780 65
4011 81
899 80
593 81
33794 75
1080 76
45722 70
17 71
1230 76
306 87
2710 54
446|17
237 60
339 63
300 64
296 77
480 68
368 64
288 61
172 51
17 68
16 72
357 65
150 70
434 56
153 52
648 64
593 77
337 67
447|16
257 78
293 90
337 82
531 72
382 71
589 89
552 72
253 80
362 80
532 69
292 75
31 78
474 84
540 61
442 70
160 65
448|373
2368 70
3284 70
3933 70
6302 70
6476 70
7245 70
48262 70
49688 70
75803 70
75816 70
78116 70
79590 70
86593 70
92198 70
98908 70
100326 70
102819 70
104760 70
108715 70
109191 70
111680 70
113416 70
116207 70
116985 70
129657 70
130083 70
133377 70
136654 70
138546 70
142424 70
151777 70
152658 70
157130 70
158022 70
161290 70
164375 70
53996 62
136778 70
5418 69
288 63
88356 43
2580 73
155358 70
2889 73
4034 73
148888 45
81156 75
2713 45
103335 67
95441 61
34048 58
80126 49
3057 70
1057 67
2794 55
33830 59
8665 67
6059 65
110553 46
90374 79
151501 70
3764 43
6143 68
103819 28
4361 66
104913 68
3986 52
5528 68
1196 78
105351 50
83349 57
3276 70
1090 74
5349 66
587 66
106330 37
4677 62
95508 70
109895 12
110611 70
671 61
2289 75
152077 69
80693 64
111360 54
170 60
87444 61
94323 55
8493 59
3671 72
91653 64
4981 70
2991 68
78034 70
119145 72
5099 46
4299 59
2567 54
6996 25
109864 27
6582 55
73017 71
370 55
543 64
115617 70
590 69
154065 70
5553 58
41569 60
3286 34
6645 79
589 72
1920 57
2857 62
111663 6
78499 75
2657 62
6537 59
1148 83
46974 57
48516 78
80241 67
445 56
4262 71
3689 31
114935 73
6428 65
127194 70
109673 54
127096 76
89388 70
4156 70
3793 65
33679 58
2014 58
64285 68
3968 57
49530 66
3450 63
160563 59
5502 61
8169 68
6314 35
122490 70
3386 70
140725 66
4896 70
2642 44
127136 75
2763 67
2520 70
457 73
48783 69
3263 57
5400 54
5541 59
4011 78
58351 70
127132 70
152091 62
3698 60
435 47
4799 56
84152 75
3401 48
2858 75
3174 64
7076 70
106542 70
6218 65
2860 49
1283 81
3618 64
2616 56
90439 69
2404 40
4660 70
2530 49
26386 70
4327 63
3030 77
71464 65
32 72
91529 75
4158 52
99114 72
98585 63
93326 51
2268 70
80489 70
130576 45
105504 72
2791 74
50601 50
7007 62
4234 59
3623 49
80727 53
78467 32
8641 67
4128 68
106782 74
2537 30
112138 68
3247 53
112818 68
2027 40
3101 65
5779 70
82202 53
1704 74
98296 70
6863 62
89305 60
4203 66
1201 79
6212 39
637 54
84954 58
6814 70
94864 59
67695 79
159077 70
92439 75
6812 35
3156 51
802 64
118354 70
134130 70
138036 67
65135 70
52975 65
4368 43
90717 50
45722 65
79259 70
68157 76
4233 35
74458 73
3258 55
1262 80
3949 75
101025 48
69526 42
1831 44
1083 60
1884 73
1476 64
156609 45
3755 59
111659 53
4734 58
161 69
95201 70
135887 59
2598 50
87232 69
4634 79
5334 40
5459 52
146730 70
72694 70
157432 70
132488 70
4558 47
1375 61
6424 70
71518 65
2716 74
94780 51
3593 27
129354 48
158 53
1409 50
6514 70
2881 57
51662 68
90522 59
68554 63
2126 49
122932 70
93510 71
137857 65
125916 10
2953 46
2090 62
1760 20
480 68
58803 69
2109 63
50792 35
46062 26
85510 63
80864 70
112171 63
122900 65
2587 52
1527 68
117529 59
4993 77
92264 55
5247 51
533 54
912 81
26464 70
2249 59
4678 66
103772 64
114601 66
96861 57
420 50
59615 53
2349 81
109372 55
95207 50
348 73
19 50
136020 57
4502 36
91094 58
138208 59
3511 48
79428 64
2643 32
109183 70
2139 70
4212 70
5942 50
96417 58
112852 72
99728 65
89470 65
142448 61
64983 60
2640 65
2046 61
4881 72
3882 51
3744 53
1032 65
116799 64
5 54
4040 52
157407 70
2115 68
1617 78
4367 52
105254 6
3388 47
3760 56
2146 65
2968 70
6281 60
466 54
96448 46
86332 65
64969 64
115170 70
1036 73
3397 65
2474 65
1408 70
155743 70
106920 76
8542 60
120466 62
2051 30
7143 70
7150 52
89087 52
34150 50
2253 43
2973 72
449|8
1917 53
2502 76
4034 73
1222 76
2770 48
762 44
2011 64
2324 77
450|11
3977 60
589 86
110 88
3363 85
3535 82
3948 76
3409 64
1035 89
3568 70
358 59
1259 88
451|7
733 79
593 92
7 65
5 63
494 76
25 80
17 80
452|20
4025 78
2858 100
2617 81
5292 96
1206 104
1676 86
3219 82
47 101
3101 86
163 94
1092 84
1917 76
2126 69
1356 96
552 80
2628 80
1200 99
608 104
2707 83
3273 62
453|20
208 66
858 95
2335 76
4022 82
3618 78
1617 90
3452 69
1357 92
112 72
2671 80
1884 88
1894 60
2294 72
318 100
1614 68
3534 71
2959 95
798 62
5266 71
780 77
454|9
7361 80
2692 76
7116 29
55820 72
6016 79
27773 75
2160 77
2858 75
26131 79
455|12
272 73
432 49
367 63
590 74
253 67
364 76
555 72
252 65
110 78
225 69
588 73
597 68
456|9
1407 76
634 58
135 65
5 68
724 71
780 78
733 84
260 95
706 70
457|10
329 66
3593 30
2692 80
1356 74
223 76
2394 69
2701 45
3608 59
733 71
2094 63
458|12
597 79
185 73
10 78
380 79
95 70
454 82
300 78
595 83
153 68
587 82
150 88
552 72
459|6
79132 91
5618 94
8961 86
48780 89
50872 86
260 91
460|17
89039 70
4886 84
4703 74
3831 79
1441 80
4878 89
3483 70
8970 82
1 85
49272 89
40815 83
85414 77
68237 87
76093 87
47610 80
63082 88
2571 90
461|6
74458 60
2762 59
1036 60
91500 54
3578 61
539 54
462|20
26838 70
89090 70
164655 70
188189 70
1136 76
1219 75
158966 85
1248 84
508 65
1653 72
1674 67
8917 62
8620 7
3424 74
2146 61
7044 72
3814 83
1213 75
82857 70
26131 74
463|7
6377 85
2028 87
4310 64
3753 73
2006 67
1092 70
5995 87
464|20
1370 74
58025 65
63853 47
296 88
2019 89
3527 79
5254 71
7007 71
1101 74
1779 67
377 76
1653 85
55820 81
648 74
33493 75
1610 81
65088 76
74727 6
1617 86
62374 73
465|20
2941 81
2987 83
1200 90
3448 83
5060 87
1299 93
3703 90
3649 53
1625 82
292 74
904 98
3101 76
1754 76
750 101
1256 85
593 95
3732 72
3740 89
3334 90
377 78
466|20
5418 81
30793 67
79091 80
92259 91
5989 83
5459 64
318 94
63082 85
59784 72
5010 81
74458 83
6281 69
5952 86
8529 71
64716 85
68954 85
4993 88
45447 67
81845 87
55247 83
467|22
41 70
58 70
389 70
466 70
527 70
593 70
780 70
1183 70
1233 70
1357 70
1365 70
1408 70
1721 70
2028 70
2125 70
2324 70
2334 70
2384 70
2390 70
2393 70
2394 70
2493 70
468|7
592 68
349 71
1 78
317 65
296 82
32 78
165 71
469|20
3658 70
3832 70
3507 83
3032 78
2736 80
2132 87
1958 78
910 84
1090 80
1485 61
1388 57
2321 71
1234 85
2081 74
1193 85
36 77
2908 77
909 80
2023 70
3255 69
470|16
253 71
318 90
110 83
588 78
282 67
5 61
597 72
32 79
595 75
592 69
500 72
26 77
356 85
357 73
434 64
300 70
471|6
2571 77
8874 77
527 79
1 73
8360 68
7147 73
472|6
58559 92
3450 72
3298 82
2840 61
1221 90
858 92
473|8
4979 74
2959 84
60 62
7147 76
6281 64
3897 79
48322 76
2596 71
474|422
638 70
2179 70
2697 70
4046 70
5114 70
5311 70
5353 70
5455 70
5601 70
6201 70
6273 70
6382 70
6407 70
6592 70
6912 70
7702 70
7826 70
7832 70
7839 70
8057 70
8446 70
8458 70
8459 70
8611 70
8650 70
8774 70
8938 70
1466 65
6708 65
2940 75
2616 57
2334 62
7139 73
4218 70
371 66
750 90
2935 82
8645 73
5481 52
6370 80
25865 70
2553 67
912 86
2467 70
5548 62
7301 77
52967 70
5945 66
480 69
1983 39
3462 75
1068 70
8600 8
6650 80
8482 70
6791 81
4016 68
1784 70
3668 70
3977 52
8961 75
4160 82
30820 64
6984 70
2750 56
5034 53
7716 70
2612 70
4419 93
1300 69
4187 77
1187 71
6565 74
272 75
5440 70
25937 63
1099 69
3125 70
5826 70
5649 70
7256 73
4912 77
6016 78
1208 93
2083 74
3385 67
2310 67
3360 71
3163 81
1413 77
4081 38
1643 76
968 79
2116 61
26965 74
5954 73
1263 85
5116 70
3536 62
8778 8
63433 61
2952 74
318 81
3394 54
1200 82
3384 80
4356 82
932 77
7698 75
516 62
4873 71
48385 64
39869 77
1902 70
2641 61
7036 52
2181 70
4638 50
31116 78
2455 66
2146 65
628 70
3897 76
1030 50
4022 66
344 54
3196 78
92 46
237 58
6770 66
3259 63
3368 60
26151 71
1293 72
34072 68
3044 75
1639 76
5944 59
6539 66
477 63
7361 78
55687 70
58 73
4014 67
3467 72
8154 81
4191 65
2134 65
4644 76
4293 55
5013 70
1399 60
1196 80
2918 80
5899 76
4465 65
100 52
361 57
3341 88
8921 70
195 55
3789 70
4709 61
1588 61
3468 82
4678 66
2723 67
2118 67
1939 77
7019 44
3147 77
1792 51
33903 77
1682 68
41566 63
1693 62
1957 73
5021 65
2313 72
3870 70
948 74
47099 69
3447 8
6614 60
216 59
5619 67
3987 48
5060 74
3111 83
45950 73
32584 58
5525 70
2567 50
5956 71
7 55
1172 80
3217 65
8331 70
587 64
5238 8
1189 79
2416 63
832 61
3095 77
7386 71
1223 85
7058 70
5246 34
5418 70
27803 79
26 69
4002 76
1135 64
45 67
6945 82
2411 47
2520 70
7347 63
5375 70
5673 72
3039 68
7833 70
33781 61
720 84
2103 48
33154 77
608 90
1327 50
101 76
7061 70
5451 60
5682 55
5434 70
6609 70
31658 72
4578 33
2009 72
4704 70
7572 70
4929 45
3306 74
6334 63
5379 80
5437 57
42418 63
4128 72
7451 71
2786 38
2243 62
27846 74
6197 64
3264 49
3608 63
5603 78
6124 59
1222 80
1663 75
3566 44
3755 61
2628 51
4815 46
2089 67
7102 52
27706 64
7013 73
1348 68
45666 50
5755 39
4055 82
2058 64
4462 20
1544 49
2405 53
4998 70
273 52
1977 49
1732 82
7822 70
7073 70
41527 73
4787 68
1676 62
3708 56
6669 66
317 55
25940 70
971 80
7366 58
3115 78
7026 50
2710 61
50685 68
2114 73
3809 61
3516 62
2770 48
535 70
4878 73
5992 75
41997 69
1083 60
4487 59
7293 68
1016 70
2006 56
1007 54
4993 76
3412 69
5007 70
3929 51
6639 62
8712 70
1876 57
3546 70
34359 70
7579 48
7325 61
6837 70
2634 51
7753 64
8943 20
8385 70
4308 72
3246 77
3745 68
1148 86
42002 57
50740 77
3952 60
1927 80
7581 62
910 86
3948 62
54881 74
1284 80
4007 66
5341 68
3675 75
52975 66
6244 68
965 75
454 63
1247 83
7215 68
1282 78
8207 84
6242 64
6502 74
4509 63
3528 72
2391 74
4262 74
4039 60
42018 11
3271 74
976 70
48394 69
5384 70
5168 70
1358 77
6534 54
8773 70
2384 56
48780 74
1269 84
4600 73
2642 43
111 84
933 83
3578 69
5297 37
944 73
6020 70
2123 52
748 54
4896 68
5380 74
53953 62
3712 56
25996 70
1997 79
4464 76
4085 59
51540 69
2707 65
2069 78
6710 69
1488 61
6378 68
928 77
3038 81
7116 40
44511 70
594 73
1962 74
421 57
4316 29
2761 75
4823 46
892 72
1345 69
5294 67
1408 71
6579 78
3272 58
3421 72
3844 69
6787 74
37736 73
2249 59
1610 77
2468 51
3498 74
4902 68
6268 73
5225 74
5404 87
929 70
25999 70
7835 70
805 63
4126 63
475|20
6539 95
4993 101
87232 93
40815 93
5816 90
8644 82
81564 89
4701 80
81834 99
6564 64
68791 84
111759 96
7153 102
1527 92
71530 70
4896 94
106487 89
112852 98
3578 97
82461 79
476|14
594 80
34 79
380 74
158 61
153 61
586 65
440 76
364 85
378 68
357 76
224 77
165 75
296 89
11 79
477|20
34 76
913 87
3100 85
2105 70
1271 79
1207 88
70687 20
2174 77
45672 66
4571 77
3973 48
4226 89
1103 83
5291 78
348 80
3593 32
1 82
1274 86
6502 85
59615 62
478|5
1917 49
3114 62
594 60
1584 60
1101 56
479|20
5365 70
4488 70
524 68
1025 73
3707 53
1220 76
4010 62
3244 70
3526 71
4092 6
1968 76
4700 67
4003 67
3671 76
2671 71
341 70
2012 67
2542 81
454 68
2384 55
480|20
43914 70
2700 73
8533 70
2193 67
2797 70
3484 51
2571 77
1210 77
2596 68
8866 53
47610 69
6306 79
5379 81
2018 66
7153 79
3911 70
44191 74
38061 79
5673 71
380 62
481|7
1608 55
1687 50
1629 50
1729 59
1620 51
1597 51
1485 50
482|20
2068 80
8985 60
1036 82
474 78
1042 66
4389 60
780 73
27706 70
3211 74
1610 79
4367 63
1374 81
1220 80
1602 46
653 66
592 72
30812 74
4862 44
8361 65
8529 69
483|20
105325 70
783 66
2541 69
2959 89
109971 70
45722 75
1199 87
50872 80
2000 76
4306 80
69757 76
2683 65
2273 67
1588 65
109487 81
66934 81
1721 70
2328 60
68522 70
8972 67
484|20
93320 70
1438 57
6155 77
6944 80
2706 77
33166 85
6874 88
3697 66
1059 82
76293 67
919 81
2762 83
1821 60
837 74
5810 76
1753 82
3254 77
4718 65
2413 79
3646 45
485|5
588 87
161 87
253 79
292 77
231 69
486|12
653 72
47 91
110 94
153 68
474 86
95 70
288 76
329 78
161 88
318 102
292 77
6 92
487|12
27611 63
8961 60
318 69
1198 65
31658 62
1197 66
6539 60
5445 58
116797 62
4027 60
8874 63
86377 66
488|20
720 84
838 77
608 82
1223 89
26 75
5135 74
2109 66
7720 62
7303 84
4014 74
5995 82
457 77
105 65
1136 84
272 77
1269 77
3176 70
1278 81
1125 72
910 81
489|20
79536 70
86000 70
4848 72
736 54
8387 15
4700 61
45666 44
4720 68
2683 56
2021 63
2389 35
1619 64
950 69
58559 76
2236 56
2167 56
1616 57
247 74
376 57
2717 53
490|20
46578 70
89492 66
81591 64
91077 73
60074 52
5816 63
4144 71
54001 67
1 67
1784 64
7153 72
4993 72
89759 87
86320 59
60128 58
76251 63
8368 69
69122 66
2006 53
78499 71
491|13
106782 97
69757 87
7293 86
27808 75
4246 87
3948 82
104374 95
86833 90
140110 83
8529 78
180231 70
4306 92
88405 74
492|20
736 78
784 71
628 87
858 105
852 79
64 57
990 74
830 72
743 59
62 84
52 88
1499 46
66 51
1210 99
881 52
1474 50
1405 76
724 76
1047 77
65 60
493|13
2985 61
4444 62
2916 68
1275 71
2571 76
1527 69
2028 76
3793 68
2167 60
1215 75
4701 60
2924 81
260 76
494|5
1196 92
4498 73
3578 87
2028 90
1210 90
495|20
140523 70
115149 84
1259 89
1721 76
136562 66
80489 87
19 62
50872 86
231 67
102123 75
52319 83
7254 82
7360 83
8528 84
1645 79
46578 90
30810 81
2918 85
148626 90
56775 74
496|6
1221 75
99149 65
858 77
904 77
8865 53
114713 6
497|11
1193 72
112556 67
112290 68
1916 61
92259 75
2329 74
112552 70
1258 72
2762 67
5349 63
111362 67
498|7
344 67
231 68
648 80
10 79
300 78
356 95
316 74
499|6
1202 79
2337 65
38304 78
327 64
56286 68
1304 83
500|18
2599 67
2987 65
543 59
2700 67
2542 71
1265 71
2916 65
356 71
3301 62
1784 65
1914 69
595 64
2355 64
3536 60
1885 56
322 63
838 69
720 75
501|9
6 73
62 67
93 56
45 60
3 61
637 55
11 73
18 68
662 61
502|7
7236 77
1077 78
4412 20
3469 74
2001 66
2520 70
1777 70
503|19
7455 70
7361 77
4878 75
356 75
91500 63
593 77
527 78
858 79
4226 76
1259 74
1342 55
2877 63
92509 60
90866 69
500 62
441 72
48516 77
2858 73
48394 68
504|18
4995 83
5812 80
2321 73
1 81
3556 74
7153 86
6708 74
1288 85
6927 70
4033 80
4700 69
6565 80
342 74
3408 74
6879 71
4361 72
5952 84
5955 74
505|7
1241 83
4105 84
1029 74
74685 93
273 62
6502 88
54999 76
506|9
59258 64
54272 68
37741 72
56782 81
62293 73
51834 58
49286 65
112556 71
61024 69
507|5
165 65
266 62
253 64
377 67
593 76
508|5
2872 41
2011 41
1952 45
1175 45
898 49
509|20
26958 70
130073 70
2028 75
87232 70
33830 59
5313 44
48 59
2090 61
2080 65
6942 71
8907 47
6156 57
5816 67
39 61
3988 55
6807 75
7458 63
1196 76
45447 58
616 66
510|20
1882 33
7026 41
35836 55
494 53
1198 64
514 55
457 59
2935 62
858 69
2699 45
317 47
8949 60
2918 61
145 48
1262 66
6787 64
1208 67
372 45
1242 64
40819 61
511|11
2959 95
53953 69
115149 82
164179 85
6534 61
99114 88
92259 95
318 98
2324 93
1653 89
56757 84
512|10
480 77
150 79
349 73
47 81
350 71
442 64
457 81
50 86
317 67
593 86
513|7
5952 82
318 90
2174 73
235 71
1304 80
1220 79
1080 80
514|20
1335 70
5704 70
62586 70
168358 70
180263 70
1704 80
2005 73
2792 65
2013 64
1673 80
134130 76
76093 77
1333 73
58998 72
68157 80
2406 68
3210 70
54503 79
4855 77
1644 43
515|6
33794 95
2028 100
527 103
91529 99
58559 104
2959 104
516|26
260 70
457 70
480 70
647 70
708 70
1042 70
1090 70
1197 70
1198 70
1954 70
1958 70
2021 70
2259 70
2268 70
3052 70
3471 70
4027 70
4291 70
4306 70
4321 70
4322 70
4333 70
4337 70
4349 70
4361 70
4429 70
517|20
4306 53
53125 47
1265 54
165489 70
97938 51
88744 49
86880 46
4148 43
26761 70
3398 50
1293 51
3988 42
2858 52
4963 53
1204 57
1704 57
47629 52
7669 59
1206 54
46578 53
518|5
3101 69
2657 67
783 67
1876 60
6365 67
519|6
1704 97
356 98
140110 84
6378 88
7445 85
1968 90
520|20
7266 70
318 95
1049 76
59315 81
4995 86
32 85
2716 83
4333 63
1291 89
1732 87
4085 75
2723 71
3081 75
3994 78
33493 76
135 60
2393 70
60516 49
2406 75
1584 80
521|8
661 71
112 69
86 80
104 72
58 87
79 60
52 78
852 69
522|20
99114 79
81932 77
89492 76
63113 69
2959 85
1193 82
1375 65
4993 82
223 77
27611 81
76060 68
180 68
59315 75
1617 81
10 69
67255 80
2023 71
6187 79
318 88
127098 86
523|15
168252 100
8970 91
5989 95
318 108
91529 99
1721 83
293 97
65261 100
4270 74
3147 101
27731 83
134130 95
31696 81
527 102
101962 85
524|20
1356 75
150 76
552 62
748 60
344 58
442 61
253 69
1225 82
20 50
589 76
1242 79
544 56
173 53
1302 70
380 69
457 78
1020 65
788 55
193 49
466 57
525|20
120807 70
317 63
6863 67
8622 70
33004 68
7147 75
2396 74
40815 73
137337 79
1639 71
1968 74
91869 70
45880 71
2100 60
339 67
4886 73
50872 74
86332 69
8983 71
3996 76
526|12
593 87
55247 82
46578 84
176415 70
1295 75
90430 84
4014 77
2352 80
176413 70
215 82
81845 85
51255 85
527|20
2137 80
3114 86
3210 83
3016 73
2161 82
4571 83
2118 90
3421 86
455 57
2867 84
2450 46
1909 78
1214 90
4299 74
736 73
2477 79
588 86
4016 87
1259 91
2533 71
528|15
4886 71
2278 66
80906 77
4037 70
1240 72
64614 74
3821 44
150 72
1291 76
80463 74
593 78
99813 75
85342 75
48516 78
58559 79
529|5
653 59
135 54
65 47
62 67
733 69
530|6
292 72
500 75
300 74
586 65
593 89
11 81
531|5
593 94
590 84
919 84
480 83
1215 91
532|10
1721 76
4863 93
457 87
290 90
1245 95
1242 90
2023 79
2329 93
1304 88
517 72
533|8
1200 92
6502 95
79132 96
46578 94
93840 90
4973 100
2455 82
66934 91
534|20
116724 70
97913 82
94953 76
2003 78
2167 71
7569 82
153 64
1485 69
65514 82
104218 91
344 66
2571 90
5445 83
95875 69
112818 81
82461 71
96610 82
2987 83
138036 80
1566 78
535|6
2571 71
2581 54
2700 66
2688 54
2583 72
2882 37
536|8
232 72
272 72
356 77
335 70
225 66
150 71
434 57
589 73
537|10
80906 89
367 70
7153 90
53322 74
104218 89
97304 86
6539 84
318 96
89745 85
105504 85
538|8
595 84
3671 88
80549 88
4039 72
69757 84
5047 75
44889 70
66934 89
539|8
4306 80
6753 72
5218 75
50872 78
88 65
3301 72
4886 78
69122 77
540|9
2598 64
2959 96
1073 85
8874 91
1681 52
2183 78
2841 78
2747 65
1196 93
541|18
590 77
457 80
413 56
15 58
110 81
595 74
597 70
480 75
356 84
203 66
529 76
357 71
22 67
345 72
546 41
586 61
281 74
350 70
542|20
6539 74
30793 60
5299 61
2542 77
34319 65
33679 63
4963 74
5481 56
1997 73
4025 60
3623 55
924 74
4369 60
6378 71
2571 78
7254 69
41566 67
37733 68
7361 80
45517 67
543|16
73881 96
1702 71
595 90
3301 86
231 73
2378 74
2379 58
86882 90
6377 98
588 93
377 86
48385 81
2571 99
4526 68
4388 61
92259 104
544|22
1 70
3 70
14 70
32 70
40 70
62 70
68 70
95 70
116 70
619 70
626 70
648 70
650 70
694 70
736 70
780 70
839 70
1042 70
1047 70
1059 70
1105 70
1356 70
545|5
1438 55
1267 84
2763 78
1367 64
44 58
546|13
1270 85
3328 88
480 79
1970 60
2456 52
1976 48
589 83
2657 70
1673 86
3941 70
3959 75
3566 58
1977 55
547|5
1211 81
2859 89
2917 87
1394 86
1288 88
548|26
69 70
260 70
356 70
733 70
1196 70
1393 70
1477 70
1621 70
2571 70
2716 70
3263 70
3578 70
3916 70
4776 70
4899 70
5955 70
6874 70
7458 70
8531 70
49910 70
58559 70
74532 70
80862 70
122904 70
125916 70
168712 70
549|5
2571 82
2028 82
4226 83
1210 82
589 79
550|6
167296 70
102125 77
106782 89
116797 87
112852 88
122882 84
551|20
5010 76
34162 69
60069 79
1544 57
45186 71
103772 67
51935 76
4226 81
2353 67
7153 82
5989 77
135569 68
115149 74
88129 72
134130 77
6934 67
47 79
4701 65
2959 84
98809 73
552|20
2916 67
3317 71
1405 56
2953 45
2245 57
2944 71
2890 65
2125 65
508 66
3948 62
5349 66
2959 79
2857 60
173 46
2991 67
2871 72
2628 54
4308 67
4878 74
3101 62
553|17
55765 89
3481 86
1923 82
2571 93
4011 94
50 96
3949 93
1089 95
44199 85
5513 70
2231 89
2395 78
3052 84
61257 70
1221 94
33166 88
2959 97
554|18
1196 95
1022 81
2820 70
1207 95
1517 82
1282 88
1210 94
1760 24
2282 80
1225 97
907 62
1358 83
2096 79
1028 92
593 95
608 94
953 93
2324 96
555|20
790 70
3664 70
1 84
3111 95
3395 73
104 70
1334 73
2506 67
2072 63
4002 82
1266 89
2641 66
2256 59
2791 84
2701 46
1333 82
1320 69
337 78
1393 77
3526 77
556|7
162600 81
122890 72
3081 79
88125 90
588 86
72998 82
74789 68
557|6
648 71
231 61
1291 83
260 82
1210 83
150 78
558|12
5329 70
5064 85
4903 74
2297 73
2568 65
4993 90
4306 85
367 71
5283 69
1097 81
4164 77
5294 85
559|20
552 62
608 83
355 46
329 67
544 56
1527 75
173 53
377 70
745 80
174 55
529 77
350 67
349 69
533 59
836 56
1210 82
420 55
786 61
227 53
253 71
560|20
5839 70
91535 61
136018 49
67997 86
79132 78
3253 70
142558 70
2355 71
39435 64
1527 74
40414 79
64614 78
48744 75
56587 69
593 81
76251 70
84944 71
109313 70
5878 79
40819 76
561|20
168174 70
5308 59
78469 57
3703 77
60069 77
91535 58
2105 64
73017 73
5445 72
2000 71
83134 72
79132 78
79592 61
80463 76
89745 75
527 81
8972 62
353 74
33162 66
68157 78
562|20
27140 70
6870 83
6377 89
2580 88
1249 90
4776 83
36529 80
1259 88
1982 81
2268 85
2133 78
83134 83
3210 79
48394 82
30707 88
33836 50
2692 88
88163 87
99191 70
1240 85
563|20
61071 70
70932 70
80858 70
919 74
74450 60
588 75
5943 53
118997 56
86833 74
1197 83
128832 70
85397 66
45221 39
33499 53
7380 70
96821 77
81784 60
95307 49
65585 66
55250 44
564|20
50942 70
356 84
31685 64
131013 67
61024 75
79224 52
87869 71
500 69
108156 64
81784 62
93270 48
6188 69
106918 78
65230 65
67087 71
80693 69
94677 69
8984 70
73266 61
2671 71
565|6
590 75
231 59
19 54
21 68
50 84
539 68
566|15
648 69
10 69
231 60
329 67
342 71
141 70
203 66
345 73
39 66
497 76
265 76
588 75
708 68
353 74
2 70
567|20
8189 70
26743 70
92681 70
109897 70
152071 70
5690 59
136602 51
122888 70
6333 51
1274 54
122922 53
153070 70
151687 70
117877 70
108928 42
954 61
122924 47
27773 55
648 46
135887 47
568|23
50 70
147 70
296 70
356 70
480 70
593 70
765 70
1103 70
1104 70
1257 70
1298 70
1895 70
2313 70
2359 70
2863 70
3053 70
3148 70
3261 70
3363 70
8169 70
46723 70
63853 70
65088 70
569|5
231 72
50 99
380 84
588 90
592 80
570|20
208 55
8636 69
48516 77
1225 77
586 57
2683 57
457 72
1196 77
110 75
4993 76
7361 77
1198 77
1079 72
10 65
3793 68
1391 57
589 72
380 64
527 77
185 59
571|20
1331 70
2982 70
2366 64
1128 52
610 62
2902 49
1998 27
3696 64
1980 70
1987 70
70 60
1924 54
2279 42
1327 48
3732 57
1972 55
1278 74
1644 39
2327 80
1978 36
572|20
1961 85
2570 64
2788 90
2321 77
111 91
904 94
2987 81
2302 71
1834 85
2539 68
2917 88
1307 85
1 85
161 82
3421 83
838 86
1356 83
2006 68
3167 70
1953 85
573|20
89745 91
72998 85
3752 75
356 96
7293 85
6754 81
8665 87
32587 88
1073 88
88744 85
1127 84
68954 93
98809 86
2640 84
48516 98
71535 89
59369 85
60069 93
88140 84
1562 56
574|23
47 70
110 70
150 70
153 70
161 70
185 70
225 70
231 70
292 70
296 70
300 70
316 70
318 70
329 70
339 70
344 70
380 70
410 70
434 70
588 70
592 70
593 70
595 70
575|8
2566 56
2580 82
296 86
2581 63
2572 75
2542 84
2574 42
2598 59
576|5
849 50
1321 56
1373 46
1479 55
2289 64
577|20
2415 70
1183 71
1288 79
1129 68
2944 74
2194 75
733 70
1213 81
2076 74
2020 78
1262 82
1931 78
1391 60
2987 71
952 73
1909 66
260 78
919 72
2248 74
1270 78
578|6
6751 70
52668 90
45668 80
830 71
72407 70
75446 70
579|15
3174 82
2485 67
1022 79
2018 79
838 88
1917 69
1391 70
596 78
1573 77
2965 70
1653 90
2599 83
892 85
2687 76
595 83
580|20
5767 70
6583 70
480 72
8844 70
6989 69
3809 68
41569 65
3699 65
4041 73
33166 75
356 82
508 72
8376 69
3578 78
608 77
3785 61
3089 84
1320 61
54286 74
1201 81
581|8
7153 91
5995 90
4973 93
116797 87
3949 89
4306 85
109487 85
6377 88
582|12
91529 86
2959 91
116797 85
4993 88
5618 89
2571 87
76251 77
69844 81
104841 77
48516 90
97752 78
76093 84
583|12
8533 70
88405 60
2706 67
117590 71
317 63
60756 68
6942 73
595 71
46578 76
104 65
2694 62
7451 74
584|17
288 77
22 80
203 78
315 75
500 85
316 78
539 86
234 59
296 95
257 84
434 76
586 73
338 67
349 86
282 78
480 90
590 92
585|13
3173 69
1228 92
54503 88
2959 94
428 81
1405 69
7254 80
441 86
1805 68
296 91
27373 70
5325 80
79132 89
586|20
34332 65
4016 91
111659 68
106002 77
149406 79
167036 100
45499 81
136556 70
5445 89
117851 77
1291 98
71264 88
106489 78
135436 75
3753 82
2640 86
3147 98
122916 95
3793 88
101362 61
587|20
1234 89
628 78
2012 76
534 82
2002 66
1641 82
236 75
1376 77
2622 74
1541 63
3260 85
497 85
3082 72
445 67
3448 83
2574 44
765 67
691 65
329 74
3406 73
588|12
50 77
16 71
20 48
356 75
350 62
198 62
593 75
364 72
163 67
253 64
223 70
3 59
589|8
1092 74
318 100
590 86
373 80
586 68
587 81
527 95
337 81
590|20
924 78
8807 68
2371 58
38061 79
81834 75
40815 70
4890 58
903 81
5 53
3624 60
555 72
4047 81
51662 71
2085 64
419 51
595 69
329 62
2376 63
3635 64
2398 75
591|11
2908 70
2706 67
2712 65
2355 69
3615 59
3578 75
2394 66
3798 62
356 79
223 74
2724 54
592|19
514 75
2 75
153 64
415 58
110 87
177 64
420 61
380 75
44 59
788 60
588 81
163 77
204 52
610 77
39 71
419 57
253 74
432 55
240 59
593|20
1196 76
1073 70
1086 74
1617 75
4034 72
41566 63
1197 78
344 54
8368 72
339 61
2959 78
8961 70
5816 66
2797 68
4896 69
588 69
595 66
5952 74
377 63
141 62
594|20
7031 70
2671 89
7115 84
1616 80
5943 68
1188 89
2269 77
1733 115
4902 96
6996 31
780 89
1429 86
6140 94
7046 61
39 86
595 93
799 91
2028 102
8482 70
7169 83
595|5
265 89
50 97
1186 86
1199 97
1966 78
596|20
33649 70
43744 70
182793 70
129397 44
128908 70
1 75
142488 83
122922 75
4310 58
71838 63
4025 59
2501 72
110102 72
149406 66
2774 70
5502 65
8665 72
6537 64
2571 80
345 72
597|20
1799 73
490 67
3040 72
2529 89
2858 92
903 96
3039 82
2000 83
1291 91
357 77
1228 97
1845 95
2411 59
1580 76
1148 96
1198 93
2723 77
485 69
592 76
2692 92
598|5
56367 74
8360 70
593 80
114265 70
103543 40
599|496
26142 70
26567 70
26590 70
26676 70
26854 70
27595 70
34800 70
53450 70
60803 70
69131 70
74696 70
79895 70
84523 70
87960 70
92674 70
98799 70
102735 70
102852 70
104017 70
105020 70
122433 70
157865 70
158874 70
160978 70
161044 70
174727 70
179053 70
1801 54
6035 61
3387 51
33437 57
112 50
5995 66
167706 70
4394 70
836 42
7235 56
8809 61
102749 70
89087 41
42011 40
432 35
471 54
5628 63
1015 45
2 51
2269 44
69 63
3947 51
79091 58
104837 70
4037 59
7587 62
6881 57
1449 61
7225 58
81229 57
68952 64
4728 51
5081 49
33966 70
1779 47
3669 70
87197 70
170297 70
79057 49
95965 70
55207 70
4007 59
1220 63
80831 58
46723 55
71282 61
7757 59
3259 51
92309 58
1376 57
7192 46
4654 43
101423 70
53468 49
62662 70
3174 53
3698 54
2882 34
2359 56
1183 59
2792 52
1095 59
8387 14
53125 53
115713 63
2949 63
2471 41
3 49
1231 66
3861 43
240 44
1480 56
2301 60
1445 35
8045 70
586 49
2942 42
1185 62
4594 70
2474 56
3671 60
3196 64
64839 62
98697 70
2606 43
1777 57
5309 42
7022 64
4873 61
541 67
27311 56
43921 56
67734 54
4240 70
5026 65
168 44
33493 59
4125 17
7354 48
207 57
1094 54
742 45
1609 46
1042 52
3362 65
4553 59
4632 50
2278 54
468 54
122904 62
75416 70
42718 58
4285 43
79274 67
1794 70
45081 53
108192 70
3489 55
3503 60
89804 55
163809 70
577 39
3071 57
1204 67
3981 37
95771 70
45382 66
6548 48
59387 61
166528 64
168492 64
6691 70
605 46
424 17
2991 59
248 50
97950 70
3865 58
1216 56
342 55
35836 58
27772 42
176419 62
151781 70
277 45
6320 17
39381 59
5111 70
4090 55
2450 32
2676 68
2356 41
79702 63
1597 50
410 46
1721 54
3702 55
183301 70
1387 66
2072 49
26729 63
2393 50
4247 40
4591 46
1032 55
3087 50
1895 53
634 38
210 52
2074 64
51575 39
3505 61
5247 43
481 53
4215 36
1355 7
2657 51
2028 65
4011 66
420 40
552 44
1196 67
2395 58
5303 52
1752 39
3186 56
4310 48
1784 59
3200 74
7254 60
688 46
473 37
1079 64
1552 51
1148 63
1544 48
63113 56
2325 48
26649 68
6804 70
161 55
4109 45
34332 51
1653 64
4808 39
7707 70
3468 65
502 36
1221 70
1792 48
68319 49
6787 65
2119 29
3884 25
4254 41
3973 37
103609 70
8934 70
5377 65
42632 63
55290 61
4506 52
7840 59
5568 49
1689 43
7005 70
103228 60
59947 70
786 46
4351 56
172253 70
4679 53
1411 63
117630 70
1590 49
112623 59
3146 39
8984 56
1920 53
519 35
179817 66
3979 43
3741 60
44020 44
26630 70
7285 62
3030 65
1021 36
8638 58
87 52
7153 68
2877 57
2018 53
3173 48
5198 70
7101 44
7701 31
3213 65
26159 7
2339 70
33896 63
2000 61
4006 56
136562 46
37382 49
6645 66
171763 67
8528 55
27008 70
4017 57
4167 52
86142 66
1249 65
3255 52
736 46
2779 54
84414 67
27773 65
2083 60
98499 44
4034 64
119828 70
1993 38
94864 55
6631 25
2321 55
26242 53
3703 65
41566 54
2529 65
1968 59
8914 57
3257 47
159403 70
1036 63
76093 62
5103 51
6947 61
1952 68
2124 53
4084 46
6016 64
778 63
81 47
2171 55
1253 61
4275 57
7982 45
3723 61
849 46
2681 51
6565 63
39414 53
122916 65
6440 66
8917 57
72011 62
1605 47
1240 66
923 64
68157 66
5961 70
5053 70
3571 59
2403 60
3871 72
44238 70
72226 64
7004 44
2054 47
62970 50
5159 50
354 61
122924 52
48774 64
1394 63
3763 52
70286 62
1904 67
3969 58
81562 63
102590 70
233 58
4155 47
1031 55
76 50
459 39
1097 58
1178 66
60291 62
3328 65
1232 58
3036 54
5283 47
4327 56
610 54
2726 69
4732 35
5970 54
2396 60
594 59
1247 68
45499 57
3476 57
2399 38
137218 70
1997 65
3271 61
27801 63
6365 56
1799 58
580 43
122900 58
2803 46
80219 54
466 43
110882 58
3997 33
26176 70
2378 50
117895 34
26662 68
90603 64
119218 70
44 45
809 42
1960 60
4519 51
1959 57
414 36
1073 61
61236 53
1479 51
4019 58
1245 66
37857 59
161032 70
371 55
3020 59
88593 70
6774 59
2005 61
90405 50
26285 70
6793 36
627 54
1617 69
6734 7
108090 70
2427 54
51024 58
122922 62
3440 30
6874 63
4919 54
338 44
81591 58
1704 63
1499 33
357 53
62155 55
144 51
34148 7
53519 51
4504 70
2796 41
216 51
6827 17
1429 54
7445 55
1385 49
90471 54
8425 70
10 54
26542 51
7387 65
72998 60
89470 57
3629 65
1297 59
3424 63
1672 55
44761 61
196 46
70703 70
2383 30
180 56
4040 42
6333 60
4440 67
5291 59
88235 58
1639 60
4580 10
153236 70
86190 54
4477 33
103027 70
32291 57
34811 70
5171 49
122260 70
8784 60
5954 61
8798 60
707 44
880 42
314 60
61323 57
600|20
3269 52
1394 69
3785 52
2717 52
5569 6
4306 67
1206 73
56775 56
2015 58
7 49
2013 56
262 67
1210 70
1060 65
2431 57
2077 61
2423 62
4641 64
527 72
5076 51
601|20
141846 70
68157 92
1262 95
106782 91
60069 90
49272 91
5445 83
1193 92
1207 92
79132 91
904 95
166024 90
1917 67
7153 93
2324 94
170697 82
31658 90
5989 87
88810 90
2571 92
602|20
161 72
19 52
350 66
494 67
14 67
471 69
125 73
434 59
235 66
481 59
315 59
371 66
474 70
527 80
21 65
349 68
440 67
339 67
480 71
163 69
603|20
602 70
803 70
2008 70
2577 70
3459 70
4787 67
2912 78
1769 54
485 58
4420 70
920 67
1 75
2706 62
1844 78
3787 78
1222 82
190 67
2716 82
3983 86
101 79
604|20
220 70
292 70
151 75
329 71
410 66
426 64
435 52
316 69
22 71
235 73
181 40
332 64
273 60
637 61
285 70
173 57
588 80
23 69
553 79
1 82
605|20
35347 70
6787 77
1197 79
5667 70
42738 58
51662 71
7373 61
596 66
780 65
4571 68
2316 67
7454 53
150 72
60040 61
8977 45
3269 58
72982 70
1210 78
62376 48
60937 47
606|20
263 70
563 70
583 70
3808 70
4671 70
4840 70
5856 70
6111 70
6573 70
8685 70
32728 70
55805 70
3147 82
4392 56
2311 74
6308 47
50842 82
6591 90
8270 74
2025 82
607|20
891 74
1610 80
448 74
3147 86
1094 71
1307 81
592 72
204 51
1552 63
527 88
3476 80
296 87
2313 80
3440 43
423 59
1518 74
2118 82
2193 73
380 73
2028 86
608|20
52245 56
2997 73
3793 72
2763 72
174 53
2000 70
1214 74
919 68
2700 71
4161 61
5146 53
1639 68
541 76
473 37
2529 73
522 69
4343 59
1909 64
2431 66
1220 73
609|8
296 77
833 44
356 76
339 63
454 65
318 81
208 54
292 61
610|20
5953 70
58975 70
70206 70
78626 70
82765 70
97988 70
107447 70
107462 70
110591 70
110746 70
118082 70
139655 70
160341 70
86644 73
56801 55
61024 79
77561 73
4816 74
62434 73
3972 87
