1|20
260 100
1927 101
804 80
3 78
1009 73
2406 85
1587 79
3671 94
2617 78
3053 96
2571 100
1222 101
2137 86
1377 76
2395 86
2761 99
2641 75
2872 91
1258 101
2700 92
2|6
333 71
122882 75
71535 76
46970 65
58559 84
80489 77
3|8
5764 70
647 35
6835 70
5919 36
2851 30
2288 40
5048 27
4518 34
4|20
106 70
1291 78
3408 68
265 73
52 67
4347 73
2467 73
908 79
345 71
1304 77
1923 69
2959 82
368 67
1219 78
4765 70
1199 81
4166 39
1732 78
21 66
2858 76
5|9
515 71
1 75
364 77
608 81
290 79
261 73
34 71
318 86
21 67
6|20
349 76
318 96
775 70
141 76
348 82
104 73
327 66
410 68
165 77
87 67
366 67
17 80
1084 87
222 72
16 85
416 53
277 69
460 63
867 13
316 71
7|20
8528 67
3623 51
8636 67
8360 65
1517 65
466 52
8373 42
1220 69
7155 55
8808 49
6863 62
31878 67
1610 69
1219 73
4700 60
45668 60
8970 67
27741 73
6333 67
8865 53
8|10
356 84
47 82
231 61
318 91
454 73
292 68
32 81
141 72
380 71
252 68
9|10
5451 61
923 81
5890 78
2901 62
922 86
6044 70
1987 70
5378 64
3735 79
5447 59
10|20
597 63
33679 59
8533 67
8969 58
72720 68
88810 73
136020 58
6377 72
5943 48
109374 70
113394 70
61250 48
82167 52
140110 64
5377 71
77841 70
6942 68
1028 71
72330 70
66203 53
11|13
733 79
1584 80
1210 90
170 73
1438 57
648 75
1918 63
493 80
10 76
457 85
1693 74
150 83
1923 79
12|7
2717 76
2100 81
838 100
2072 78
1876 76
2581 78
6942 97
13|7
3717 69
3624 68
3798 69
2174 78
47 86
3893 75
305 65
14|10
344 61
477 71
110 82
540 55
597 71
153 58
592 70
4 50
539 71
105 66
15|20
91529 75
7438 73
111759 73
2329 79
1 72
1909 64
1240 73
115713 73
1200 74
293 75
2571 76
3949 76
120466 62
1198 78
2028 77
2011 66
158 53
160980 64
4306 73
4022 69
16|20
1230 73
78499 75
913 76
1136 77
1299 76
1617 75
1203 77
3429 78
2858 73
608 76
3683 75
4002 69
1199 77
912 77
2707 60
5782 76
1260 67
319 69
27773 73
2109 62
17|20
260 86
64839 82
296 88
5952 86
527 89
1193 87
3681 88
1240 82
2717 63
2858 84
1093 72
81932 82
5618 89
50 90
5971 83
2959 91
1201 90
541 87
82459 79
1 82
18|20
8117 70
65596 70
88094 70
145283 70
157110 70
166015 70
171023 70
103253 64
60684 77
44199 76
2 70
86628 71
59784 70
2918 78
109374 80
4226 85
53129 87
139385 79
47 81
1291 83
19|20
3692 70
3662 0
54 39
2733 38
1702 48
1240 63
1270 66
3712 48
1881 51
216 56
3 52
1834 65
2184 57
3017 58
2044 32
2354 41
2005 60
3146 41
3387 55
2694 53
20|20
1566 76
5419 65
4014 79
2140 78
586 66
661 72
3189 78
5014 86
1333 80
4161 72
3784 64
1030 61
5313 51
2804 85
2054 60
34 80
1097 81
6358 70
4519 73
1722 66
21|20
107013 70
117922 70
140301 70
57640 70
2985 63
2990 64
2717 56
5418 72
31433 59
112175 71
7153 79
30793 60
4446 66
52973 70
45186 68
2023 67
79185 61
1721 65
102125 67
5459 56
22|20
8961 54
2723 47
60950 49
64575 49
1193 58
70286 53
4993 58
2160 57
39183 50
7147 54
3996 55
3481 54
55765 55
48780 56
7361 59
51540 53
6711 58
2968 53
3949 57
48394 53
23|20
6234 70
3996 71
293 73
1206 75
1136 76
1960 68
7587 71
3424 76
3181 77
2467 70
1248 84
1617 75
6807 74
1952 74
6440 73
1258 75
1243 70
1080 72
8228 67
1711 57
24|20
1784 71
2617 62
111759 76
134853 76
58998 71
1265 77
1198 81
3147 79
1197 82
1220 75
2424 63
5418 74
72011 71
54286 72
27773 77
64957 68
356 79
44191 76
1682 74
68358 76
25|6
58559 103
60069 97
74458 95
79132 99
527 102
260 99
26|21
10 70
34 70
47 70
150 70
153 70
165 70
185 70
208 70
225 70
288 70
296 70
300 70
344 70
349 70
356 70
380 70
434 70
454 70
457 70
592 70
593 70
27|20
1196 84
2478 64
2640 72
3508 86
3555 71
1201 86
3519 64
969 80
2080 71
673 58
2886 19
2529 79
1387 80
1101 69
1947 74
1250 88
1276 86
3114 77
1083 66
3809 70
28|20
27450 70
60943 70
61011 70
63033 70
5617 64
59369 60
60046 70
507 54
3300 60
55094 57
59018 70
26695 70
2951 67
3006 63
2231 65
5418 63
26812 50
2058 56
353 64
61167 70
29|17
98961 86
7379 72
1250 92
1201 90
111362 81
48516 89
1100 50
26554 81
3441 77
4327 72
2872 79
2301 81
1617 87
3681 88
55820 81
4223 77
99114 84
30|7
5952 99
108932 96
1200 96
91529 98
116823 90
112852 98
1198 102
31|10
1198 95
1200 89
648 78
1363 69
1073 87
1036 88
1197 96
377 80
1246 91
1270 91
32|20
236 71
314 80
1356 79
357 73
224 75
627 74
1079 84
1084 83
318 92
761 57
1197 89
849 62
912 89
880 56
1198 87
58 84
203 70
608 87
497 82
410 65
33|20
110 80
17 74
2396 77
2272 60
448 70
428 74
265 77
1280 82
1177 88
1617 83
50 85
261 76
11 74
452 52
345 74
608 83
150 76
1188 77
800 79
2690 75
34|18
780 64
2273 63
3717 61
26606 70
45499 65
3996 75
4310 57
3624 60
31685 60
1721 66
5146 57
7090 78
70 66
2006 60
3000 78
4306 75
27728 9
3997 38
35|5
11 84
185 70
595 83
21 78
300 79
36|12
5171 43
3066 61
552 46
4025 45
1262 62
2735 44
2359 54
1372 50
1278 60
2194 57
3347 64
1704 60
37|5
344 68
356 93
661 76
329 77
457 89
38|16
434 55
39 60
223 71
161 69
246 79
168 56
273 52
480 69
356 75
457 72
364 73
50 78
500 62
300 64
551 65
21 64
39|20
2571 84
2391 76
1921 82
1862 44
1219 83
1907 75
2081 75
2459 70
924 82
2529 80
1729 74
47 82
260 84
2080 72
592 70
296 85
3213 83
610 71
589 80
596 71
40|20
440 80
454 81
588 86
339 77
158 64
432 56
431 85
186 64
616 81
514 80
21 78
592 77
1 88
223 87
585 62
216 79
104 76
371 79
111 94
267 66
41|20
96829 72
64839 67
122882 66
6287 51
1569 60
106920 70
86781 79
3160 64
1721 59
2028 70
6763 36
5418 66
53519 57
122904 67
55247 68
924 69
4011 71
2324 73
35836 61
5995 71
42|20
3869 81
4654 56
1021 53
2423 79
3248 44
4477 44
2500 46
1431 58
195 67
3326 76
2407 70
1090 85
2735 66
3693 54
1020 71
4545 74
4132 61
2263 58
3535 81
2805 62
43|20
225 95
296 113
596 94
588 102
587 95
420 76
158 77
631 78
5 79
597 94
168 83
355 63
47 108
367 88
519 63
594 100
236 92
1 105
60 86
259 77
44|10
36 77
663 67
12 47
661 68
94 79
1 79
104 68
112 65
494 71
889 70
45|20
2718 75
1036 87
2028 92
1653 90
1682 85
2396 85
3249 71
261 84
4308 82
329 75
1367 68
2890 81
593 93
1127 81
2431 73
6377 90
569 66
1197 95
1060 83
2858 89
46|9
590 85
588 84
315 69
208 65
1 86
432 55
225 78
434 67
339 76
47|20
508 60
68932 56
72395 64
2420 58
597 57
148626 66
5989 64
96588 64
69122 62
6155 57
4975 57
30749 64
106100 65
45950 60
2028 68
4018 52
1259 66
6373 56
33166 64
2407 53
48|7
4886 91
1320 76
1527 89
1193 98
3793 88
48 76
1653 96
49|5
2028 89
1214 85
139385 84
318 96
527 91
50|20
8143 70
114335 70
136564 70
142074 70
171759 70
175693 70
179073 70
175707 70
71264 57
82848 70
1377 48
44555 65
8157 61
6807 62
95543 49
8253 52
96610 57
924 62
32875 70
4896 58
51|20
7040 70
5620 69
2613 60
4437 91
2023 81
1500 84
522 84
858 97
4508 88
2951 92
1014 84
1407 75
2282 79
2420 81
3388 56
260 92
3186 80
3994 81
3501 61
2371 70
52|20
152081 88
51255 96
74458 93
1923 86
7438 92
40583 84
59784 80
55765 92
112852 95
86892 90
55363 99
112138 84
49272 96
52245 71
69481 93
50794 68
1704 97
54736 89
44665 91
47200 80
53|5
481 87
1100 64
249 103
1125 97
916 112
54|7
296 68
593 68
639 54
1 63
205 54
161 61
500 55
55|5
2407 49
673 43
3275 64
2890 55
4011 63
56|10
786 70
253 80
165 80
110 90
589 89
370 67
434 68
410 71
69 86
185 70
57|20
2140 71
942 77
920 71
3175 70
1784 72
3429 83
933 83
1193 80
3446 31
160 55
1499 38
2640 69
892 73
11 71
2947 74
6 77
2478 61
2291 73
1688 65
2301 74
58|20
588 85
282 73
185 70
419 60
367 73
277 71
48 72
280 90
337 81
345 83
3 73
357 79
527 95
587 79
218 74
500 77
508 83
368 79
364 89
353 87
59|20
1696 45
6460 111
3489 79
1188 87
1222 94
2076 88
3448 85
1263 90
1247 92
527 95
1244 93
904 98
903 93
965 90
2616 73
1953 89
608 94
105 74
912 96
3471 86
60|5
832 64
58559 81
805 68
455 48
858 81
61|8
266 72
1101 73
7438 83
173 57
555 80
2012 73
4878 86
3949 87
62|20
99114 90
176371 84
3793 83
56757 84
73017 86
30793 71
179819 66
68554 74
185135 85
168248 93
5903 86
4878 91
2028 92
5502 74
6058 66
344 67
1721 77
45499 76
41566 78
78105 70
63|20
5669 73
4246 71
48780 76
500 65
6016 80
31658 77
2858 76
64285 69
85414 67
1221 80
106696 70
4963 73
50 81
1097 71
260 78
110 76
1222 79
4979 73
5952 78
77561 66
64|20
5878 86
3101 72
2640 75
2959 90
8784 81
2054 58
4239 78
4025 64
5026 85
40819 83
266 71
2699 60
27266 82
3969 77
1805 65
6296 79
4776 79
3148 82
4262 81
356 86
65|7
1246 82
33660 82
7458 69
2329 86
4993 84
91542 75
3147 83
66|20
593 93
47 89
5418 85
922 96
2139 83
2956 68
3745 77
1956 89
4581 70
5349 80
1210 92
1094 76
2001 72
380 77
6539 86
671 74
1 86
6378 83
7766 94
296 93
67|8
99114 79
4306 78
27193 74
79132 81
60069 80
2012 68
4886 76
4993 82
68|20
47978 70
95218 70
6534 52
48696 66
67267 75
30825 58
1799 61
3556 66
8622 67
4351 63
63113 64
58295 66
7151 66
2413 64
6287 54
653 57
41566 65
5541 61
260 76
48043 68
69|10
4370 78
4848 95
3671 92
2476 90
1193 98
356 97
553 90
4022 87
260 97
3994 86
70|13
1193 90
1097 82
1914 86
1269 86
4995 87
318 97
8949 84
1968 84
1210 90
89492 84
1250 95
1235 94
2366 79
71|7
494 68
647 68
736 62
95 58
733 71
589 77
7 58
72|9
1047 69
150 83
858 94
2490 76
1357 88
260 89
50 92
1198 91
1196 91
73|20
1193 87
45720 76
105037 50
6333 78
59315 79
76293 65
138204 0
2706 73
152081 79
45221 43
68135 72
150 80
8376 75
93510 79
59784 72
116823 78
106072 72
1682 80
52245 63
35836 75
74|20
31522 70
2594 83
2908 81
30749 85
6870 83
3006 84
52281 82
49772 87
55118 88
2997 88
6305 84
608 91
4546 86
41863 88
27773 87
6001 92
1251 95
6552 82
46976 83
44555 93
75|14
5445 64
1240 67
5952 70
2193 61
6870 65
2529 67
168 53
541 71
3176 61
1962 64
2078 64
1889 67
1266 71
1374 66
76|20
48877 46
5956 58
2918 60
58803 58
1247 64
74458 62
7669 68
79132 64
8957 51
858 68
55820 60
1258 65
63436 40
1201 67
1208 66
48 50
288 52
34405 63
1 61
1196 65
77|6
3996 75
4973 82
7361 82
8636 72
3578 76
33794 74
78|13
296 78
165 65
3809 64
589 73
546 39
27904 71
260 76
590 71
480 70
68791 64
344 56
44974 68
380 65
79|13
3266 104
3029 79
589 88
1916 79
307 91
4005 77
260 92
1189 90
1345 76
2000 83
1374 86
2659 70
2076 87
80|20
7445 85
96691 75
84189 70
91630 85
49530 87
8950 92
6539 91
4223 86
5630 78
3527 87
76251 85
80363 65
52604 89
6502 94
34048 78
1221 99
60684 89
6952 66
5989 92
77561 81
81|26
10 70
32 70
47 70
110 70
150 70
153 70
161 70
165 70
208 70
231 70
288 70
296 70
316 70
318 70
329 70
344 70
356 70
364 70
367 70
377 70
380 70
457 70
480 70
588 70
589 70
592 70
82|20
6886 70
2381 51
2378 60
6566 45
368 70
6536 71
3253 71
4310 60
1608 68
1372 69
145 63
356 82
6708 72
1485 63
4369 63
6564 53
6888 43
5803 45
4015 54
364 80
83|20
56367 68
7143 69
7323 67
6539 69
161 67
586 54
2115 67
1270 72
6874 73
2324 75
1537 70
7153 75
68954 72
48774 71
30749 69
8014 75
1222 74
3753 61
1223 78
64983 59
84|20
55 70
987 70
912 86
1096 77
420 57
1227 85
113 55
580 55
5060 79
1293 76
900 72
1097 76
62 71
368 71
1305 75
1247 82
1296 80
11 75
1073 78
1094 70
85|7
1519 70
1624 0
1140 70
1694 52
1643 80
1747 69
1635 80
86|14
4993 88
4310 64
6947 79
2411 60
457 84
5418 82
3996 84
4901 72
1835 72
33794 83
1196 89
3555 75
1097 80
2687 72
87|5
4023 67
2009 75
3504 91
671 73
2139 81
88|12
7312 70
74795 76
4993 90
68157 89
5952 88
1193 90
223 83
8665 81
4262 84
56782 95
8677 0
58559 93
89|104
26645 70
32060 70
44851 70
53280 70
53578 70
67888 70
69211 70
81087 70
84246 70
103602 70
108078 70
109596 70
118894 70
121007 70
128089 70
128944 70
131098 70
131439 70
134847 70
140481 70
146684 70
148632 70
150554 70
164226 70
30793 62
169912 49
87869 70
1923 71
4015 53
950 75
173253 70
2324 82
27826 70
92259 84
11 73
3977 54
86298 59
8154 85
77688 70
2997 79
170837 70
49274 46
157775 70
1 77
142196 70
99117 68
62008 70
72624 70
108156 62
3752 62
2059 63
128520 79
3175 70
133879 70
48649 70
126088 70
5529 48
65588 70
99130 70
40962 50
1732 79
68659 65
91666 70
2683 62
3751 71
750 87
6650 79
149508 70
2395 69
51575 53
65230 64
171751 70
85881 77
139157 70
6863 67
4246 73
108949 64
1230 78
160567 76
73319 58
177185 70
130520 60
5220 49
121338 70
153386 70
50872 74
149566 70
145491 70
4890 61
129354 51
32243 70
84944 73
6402 70
1288 81
140133 70
119141 68
947 91
176621 70
4973 83
158398 70
69469 70
54503 78
141928 70
102481 71
90|11
1137 70
1144 70
581 90
81 70
892 83
1073 84
116 70
896 44
17 81
7 66
613 67
91|20
3013 70
6395 70
8147 70
7153 80
3360 70
2791 75
3897 77
1080 76
4850 54
3429 83
7000 63
2060 65
2916 71
1391 61
2100 61
318 85
2146 67
1225 82
1246 78
8501 66
92|5
2572 82
2114 87
1015 70
2454 73
1801 83
93|20
736 80
1917 74
552 79
1721 87
539 88
480 94
1372 86
368 88
2355 92
1923 92
2193 89
2006 79
339 86
1097 94
1591 75
260 103
2968 96
1676 85
593 105
558 75
94|12
231 52
377 61
367 56
364 69
288 57
19 48
10 60
586 53
590 66
380 60
589 68
318 77
95|20
18 81
4878 90
6979 78
4732 49
3019 96
5246 41
32 87
2952 81
1247 91
1198 93
5283 68
3361 85
1513 66
2009 77
539 77
122 58
1584 81
1240 87
4262 86
5349 80
96|16
527 87
1094 71
272 80
3819 92
150 79
2021 73
2571 85
1214 82
2058 71
1220 80
733 75
2340 60
1721 72
2396 79
367 67
1291 85
97|8
4701 74
4306 90
3578 90
4993 95
4963 88
4299 74
3981 58
4161 76
98|19
81845 87
8961 83
122912 81
5299 68
63992 51
187541 64
56152 78
134853 84
69644 66
6863 74
5618 90
56801 55
3499 84
134130 83
74789 63
82461 69
1258 88
88810 86
79132 88
99|11
318 111
161 94
420 70
592 86
196 67
122 65
145 78
150 95
316 82
236 86
588 95
100|20
497 84
296 89
1393 77
95 64
592 73
605 60
6059 76
28 89
2245 68
62 75
4308 78
1777 74
838 83
2125 78
1288 88
234 54
1197 91
2005 80
4014 78
4623 76
101|13
2580 83
3285 62
2723 70
2700 79
2908 77
2390 83
3175 75
2395 74
358 56
2702 67
3394 57
2997 84
2502 86
102|12
158 55
588 74
150 74
592 67
253 69
480 73
344 58
539 68
553 73
593 82
586 59
223 75
103|20
86014 70
1954 84
60040 69
1968 82
77206 70
2161 77
1732 88
81834 87
608 90
2384 61
4254 51
104 73
139642 73
56782 94
2096 73
101 86
6534 60
374 48
60069 85
30793 69
104|20
4740 70
743 48
5218 72
8643 66
1288 81
47997 71
468 67
76251 72
8533 73
4018 63
38038 79
1566 69
7361 84
6060 47
3034 73
1641 75
4641 72
108190 57
616 71
7034 77
105|20
4788 70
69685 70
95311 70
95313 70
110586 70
141816 70
141818 70
170597 70
172587 70
172793 70
173351 70
173535 70
6433 45
4974 58
70286 84
108981 70
95175 70
69122 84
1243 84
3916 83
106|7
69844 88
72998 86
59501 81
86880 81
5349 85
53125 80
59784 80
107|7
231 68
253 81
590 87
165 80
434 69
208 67
318 101
108|16
800 90
6022 83
4995 90
2585 0
5316 69
4975 79
3978 73
5349 82
2926 76
4246 84
4878 92
4994 80
1968 87
1684 68
497 89
5380 90
109|20
380 65
1033 67
231 56
364 74
589 73
480 69
62 65
31 64
587 65
1032 65
586 56
778 76
540 50
256 52
163 69
252 62
223 72
553 70
537 61
168 57
110|11
26171 75
2468 55
1198 82
1089 84
1222 82
1208 83
4881 77
47 78
527 83
1193 81
2428 50
111|20
100194 70
162602 70
171251 70
2145 67
96588 77
65088 70
66203 59
84772 67
2081 73
91529 80
6365 66
45666 49
3255 69
1282 76
6539 76
86833 75
122882 75
59143 75
86911 64
5283 61
112|13
788 54
161 74
1917 58
16 76
21 68
208 57
434 59
39 64
3717 63
19 54
110 78
32 77
70286 75
113|20
4083 70
39 66
3168 71
932 85
2331 54
3359 81
1086 82
3504 83
1339 70
904 87
3546 70
4063 40
4062 63
1077 77
1589 72
2475 63
3831 71
46 61
1733 91
4007 75
114|7
141718 70
54001 66
2291 64
167732 70
122886 64
8961 66
3147 70
115|20
1580 76
2804 87
1387 87
2792 74
3146 55
3273 54
3052 81
2841 77
2719 55
595 81
2700 83
383 67
2027 46
2148 64
2770 57
3785 67
2916 81
3175 79
588 83
1377 68
116|18
2716 71
858 80
1299 77
62383 58
1339 65
1276 78
597 65
1029 63
1101 64
2797 69
2657 61
1961 72
1407 61
5995 76
1704 76
165 65
2115 69
8360 67
117|20
708 66
587 68
589 76
151 69
36 74
1036 76
595 71
288 64
596 68
48 62
315 60
454 69
353 75
474 70
10 67
60 62
805 69
491 63
616 69
485 60
118|5
1221 81
1625 71
153 54
1961 74
1810 64
119|20
95441 77
117176 88
1092 77
91529 94
74458 92
4387 87
79132 95
168252 96
44022 77
78499 95
122904 91
106782 95
442 71
4993 96
31685 73
6365 78
141004 50
4148 70
88744 85
8644 78
120|5
260 74
32 71
5 53
631 52
52 64
121|12
497 71
440 64
161 69
527 77
292 60
344 54
186 51
316 59
1 71
19 50
163 68
337 66
122|20
27660 87
69784 85
7022 98
148652 73
4816 85
56174 84
94959 92
81591 88
71535 94
30810 88
2997 98
1732 100
108932 96
780 82
1090 95
3253 86
106782 99
72226 105
1200 96
1214 96
123|12
68554 68
115569 81
79132 83
109487 80
1196 84
4226 84
296 85
7153 84
143458 70
47 81
96829 85
2858 81
124|10
56145 82
2161 77
260 89
175 92
1358 80
6377 87
4226 90
3147 89
608 90
1223 95
125|20
5088 70
86721 70
110330 70
54503 84
72011 76
162578 88
119145 84
176371 79
55247 82
1240 82
86332 76
68157 87
112623 73
4082 41
160567 81
3342 69
109487 83
88140 76
98607 70
81562 82
126|8
364 70
349 62
231 53
380 62
410 56
300 62
253 63
457 70
127|5
2915 51
903 61
55276 55
5060 58
272 57
128|7
904 92
965 85
926 85
1066 86
1721 73
1080 84
1198 88
129|20
4370 70
480 80
3698 72
2692 87
2138 91
1968 82
8368 85
653 67
7143 83
316 70
6874 87
239 63
2916 80
733 78
4896 82
2028 89
3977 59
3000 88
1907 79
31658 87
130|6
208 58
316 64
292 65
110 79
590 75
296 82
131|14
2273 59
6947 65
58559 76
908 73
4878 72
89745 69
7256 70
68237 71
2722 50
2028 73
48516 75
3178 64
64614 70
969 70
132|20
6251 70
3275 70
4995 66
2987 61
7444 55
3262 58
4168 48
31658 67
44191 65
1089 70
3967 64
5502 55
50 70
58559 71
5992 67
2108 58
1844 68
2657 55
47 66
2470 53
133|7
454 59
356 68
589 65
150 63
153 47
380 57
527 69
134|7
442 63
595 76
349 72
380 72
367 67
509 73
296 86
135|20
592 71
4084 62
893 59
3994 75
2004 70
608 86
1358 77
3852 70
3489 73
1614 64
1198 87
4128 76
1883 66
2302 67
1291 85
410 65
1261 89
4022 76
4881 81
1077 80
136|20
161 76
193 51
585 56
338 56
277 64
380 70
181 39
337 73
437 48
165 71
611 72
151 72
340 65
252 67
432 50
552 63
350 69
280 81
273 57
150 77
137|20
6787 83
2716 77
1198 84
750 90
919 76
1270 81
318 89
150 77
2997 81
1200 80
6986 70
7153 84
1242 82
110 81
33493 71
1197 86
2959 86
1237 89
903 83
7762 89
138|5
2707 61
1960 70
1959 66
849 55
3996 72
139|20
4025 38
7445 45
60684 48
4865 46
68319 37
7090 51
5502 41
260 51
8371 40
53953 39
58025 38
106782 51
6957 44
7163 36
3827 37
3624 39
52722 39
54259 46
4367 37
115617 48
140|20
5699 70
5299 62
1393 70
356 80
609 62
32596 60
4795 66
34072 70
1617 81
5256 48
5943 52
1084 78
4337 70
3108 74
43396 79
4719 53
1005 43
4321 65
5812 77
4259 71
141|20
5418 72
54503 76
4963 73
2478 59
71535 73
317 61
68954 76
54286 70
6365 63
54272 70
4447 61
5502 63
6377 76
6373 64
1265 76
91529 77
2502 78
441 74
1517 68
48516 80
142|8
434 63
384 74
588 79
50 89
527 88
356 86
337 76
377 74
143|15
1721 69
61250 53
6942 76
7169 66
8533 74
106696 73
3421 75
87232 75
78316 69
69069 72
59421 51
2144 73
96821 78
7173 62
500 67
144|20
589 78
541 82
8368 79
597 69
590 75
410 62
1246 80
527 84
356 81
500 68
19 55
2700 75
434 60
733 72
780 67
1036 78
5377 78
552 62
586 60
2081 73
145|5
344 57
339 65
380 66
318 84
588 72
146|7
7293 67
3257 55
32 72
1367 57
3686 58
410 58
47610 68
147|5
1234 81
168 61
552 62
555 75
2395 70
148|10
88125 77
5618 82
108932 77
81847 74
72998 71
5816 71
8368 78
7153 81
81834 79
4993 81
149|12
1097 63
1374 64
1831 41
1527 63
260 69
173 45
1206 69
1200 66
2021 59
1580 58
1391 53
1375 56
150|6
3 66
1356 78
5 60
95 61
733 74
1073 79
151|12
786 72
562 93
780 79
837 79
747 65
1265 93
828 70
1073 90
1 91
648 81
1393 85
1359 63
152|13
50 85
2959 86
116897 81
89492 76
1193 82
69481 79
85774 69
115713 78
111 83
92259 86
1234 82
79132 82
318 88
153|20
134853 47
1732 49
8533 44
4014 44
81456 39
106782 49
8528 44
6863 41
87194 38
2617 38
1246 48
106100 47
1954 46
7458 41
4226 50
89904 45
72998 44
133780 70
586 36
36535 47
154|7
114662 88
119145 96
81834 98
122904 95
106072 83
76093 95
77561 83
155|10
153 60
3286 38
1200 83
260 86
141 73
2355 77
2384 59
2948 78
432 52
2959 90
156|20
26313 70
31038 70
1230 78
1711 62
3341 83
6296 74
762 48
2361 59
2076 77
4784 60
661 66
2926 66
8571 70
47 78
3176 70
58 80
848 61
866 81
1485 61
923 79
157|5
785 65
3617 58
2720 39
2770 49
527 80
158|6
1093 72
2605 64
2872 79
2723 71
2428 53
66320 70
159|20
2959 76
60069 71
45720 65
597 62
4022 65
89864 67
49286 61
140110 63
84954 57
4447 57
1197 75
68954 71
6942 68
1961 69
106696 65
480 66
539 62
166643 67
40819 70
63082 71
160|20
126 33
1371 52
1198 69
196 44
3408 59
5349 60
3213 67
2408 41
839 48
3593 26
2748 27
533 48
1975 43
1676 56
3745 57
2011 58
733 60
3826 42
778 68
2840 45
161|8
4980 64
7247 76
47610 76
1223 90
38038 82
3429 88
2144 75
2336 77
162|8
150 91
225 84
168 73
50 102
300 83
266 81
31 82
62 83
163|5
1608 60
1810 59
1747 61
1777 61
1837 46
164|8
1036 89
2916 85
110 91
589 90
3527 85
1101 78
1201 97
2167 74
165|13
2353 67
3624 62
110 79
5505 67
5527 73
3256 69
5956 73
5418 75
5530 49
5450 70
1127 71
3409 58
5881 64
166|20
33794 84
1721 75
4011 90
5378 69
3481 83
49530 80
2353 73
47644 58
54272 80
8961 83
1198 90
2542 88
1036 84
608 89
434 65
5219 68
5418 82
2396 82
349 75
2324 91
167|20
33493 65
4886 71
778 76
3052 68
7147 72
6857 70
45501 56
6480 70
1682 71
2231 73
784 54
33794 72
2083 72
2413 64
6333 69
8961 72
2139 69
150 70
6773 72
35836 66
168|19
3730 96
1248 105
1201 95
1089 95
296 94
923 90
1222 93
5291 84
3543 87
1302 81
3362 89
1148 94
3101 77
57669 94
2076 87
1729 81
908 93
85354 63
80463 89
169|20
3536 83
2028 100
364 97
953 100
4886 93
5400 74
8644 82
524 85
2795 90
1022 86
3114 93
3967 94
1517 88
1035 98
8641 90
6365 81
661 82
457 96
3287 57
1416 84
170|10
318 84
296 79
586 57
377 67
34 70
592 65
277 60
500 64
266 64
588 72
171|17
485 74
1220 92
1025 87
801 73
1259 96
1079 96
828 71
317 77
869 89
380 83
1136 100
1225 102
661 80
318 105
47 95
1198 100
1208 101
172|6
3087 62
3578 78
7438 77
2072 60
3793 73
2762 76
173|5
10 73
329 71
586 64
597 73
588 79
174|14
553 78
520 65
224 74
648 71
161 78
317 67
158 59
780 70
315 64
485 64
282 67
440 73
350 70
10 72
175|5
531 70
8911 70
43904 37
38388 0
8362 59
176|8
165 78
434 67
39 73
368 78
380 77
780 75
47 88
471 81
177|20
42002 60
91542 71
6332 59
3668 73
45672 61
783 64
27706 66
2657 64
114662 71
1206 80
83132 77
5218 70
508 71
3114 74
1321 65
2176 76
8798 72
88140 69
2012 66
339 67
178|16
7361 90
527 89
2329 89
5995 87
6502 85
4235 87
1198 88
208 62
6539 81
296 88
349 74
10 73
4226 88
1240 82
2579 82
318 94
179|14
367 71
589 86
161 82
231 65
288 73
743 53
1061 81
317 70
786 67
592 75
671 73
296 91
434 66
364 87
180|5
1261 82
260 79
1748 76
1242 78
2140 70
181|20
157 59
593 76
596 64
353 70
539 64
516 63
132 59
169 42
25 67
31 62
542 49
6 72
707 53
185 57
464 56
502 44
415 48
480 68
592 62
344 54
182|20
4879 70
6969 70
3911 73
2728 77
4313 67
8042 85
1291 81
3113 57
3578 78
1590 61
161 75
4452 53
224 71
4980 62
4262 76
2353 67
2890 72
1127 72
541 82
6041 76
183|12
480 76
380 71
1196 85
2951 83
2534 38
4085 70
1287 81
2194 80
3247 60
1233 87
2662 66
1408 78
184|20
158035 70
181413 70
193565 70
97304 85
74754 60
168250 75
191005 70
106072 74
166291 78
127152 82
86332 78
80463 85
5816 79
122898 62
81845 88
5810 74
170813 79
174479 70
112852 86
148626 86
185|10
1685 70
2396 74
5377 77
1721 68
5952 79
1393 71
595 72
2085 65
4995 78
899 80
186|20
2605 69
1214 90
1291 93
3745 79
1269 89
2527 80
2532 69
4361 80
1307 88
2968 87
4306 89
2541 77
1702 67
480 85
1097 86
3977 62
919 86
3527 85
593 96
1196 95
187|20
26122 70
3949 80
49272 80
231 58
1206 81
6874 80
1729 71
1209 82
48394 74
6502 79
2701 45
4027 76
288 65
2542 80
7153 82
39427 51
6890 78
1222 82
8949 76
1748 78
188|10
2346 72
1212 94
594 85
1282 89
3469 80
2396 87
1091 58
3341 97
1264 89
2206 94
189|5
48516 85
4993 83
79132 82
2959 86
58559 86
190|14
6711 84
4776 76
8784 79
4995 81
5630 67
4306 80
30749 79
1221 86
4975 71
8961 79
858 88
8464 75
69844 77
7438 80
191|17
496 70
21 74
72 72
175 90
494 74
417 85
17 78
6 84
85 85
292 70
314 82
58 86
235 75
213 46
161 80
160 61
162 90
192|5
356 86
288 70
316 68
349 73
432 52
193|7
44555 79
55442 76
4878 76
6016 78
307 75
1270 75
5618 79
194|5
163 73
1396 69
1500 73
1288 81
5060 76
195|20
3424 82
2770 50
1041 90
1653 79
1923 71
3160 73
4723 45
1863 50
2336 73
2166 41
4308 72
1909 67
260 80
2028 80
3252 73
2908 73
1392 67
1365 75
70 68
190 64
196|7
70286 79
3578 81
59315 77
58559 88
364 81
1214 81
110 82
197|7
1513 64
1240 84
1882 46
786 66
2167 70
153 61
1784 80
198|20
3894 70
3499 77
920 72
1213 83
3949 81
1994 70
1485 61
2572 71
4019 72
1089 84
110 79
593 82
4128 72
1270 80
4886 75
1079 80
2117 74
912 84
1573 68
1682 75
199|20
5464 67
2165 68
2280 0
736 58
5673 69
349 63
5502 61
482 70
8532 70
1172 77
300 63
50068 67
4881 71
3175 65
7445 65
2973 70
34338 64
41997 68
1956 73
377 64
200|20
3809 74
7022 85
50802 54
3968 66
2485 63
500 73
5610 46
590 81
1029 72
53996 74
2572 77
4993 88
4041 76
57640 79
1302 77
1784 78
6383 56
1653 86
1569 74
1517 76
201|20
1748 92
1527 87
1584 85
2858 92
339 79
589 91
2717 69
994 97
788 64
1196 96
2797 86
733 84
1259 93
2174 84
1198 97
2455 81
1569 80
1213 98
160 66
24 73
202|20
3329 70
924 83
29 84
2289 83
1197 88
1196 87
2966 80
161 78
608 86
1209 87
1296 82
3194 74
1784 77
469 77
923 84
2000 77
1587 67
1719 92
3147 85
32 81
203|9
56174 71
8665 77
2407 66
5952 83
590 78
49272 83
40815 78
333 73
296 85
204|17
1136 90
3949 88
33794 83
48394 81
27075 70
1080 85
79008 89
6104 94
8874 87
81591 78
4878 87
91658 77
711 66
2313 83
86320 71
55820 82
5218 78
205|6
912 83
99114 78
91542 72
5816 72
95167 70
96079 75
206|5
36 86
608 94
733 82
140 71
141 78
207|5
2991 56
2428 39
2707 50
3740 61
100 43
208|6
1210 76
2628 58
380 64
2353 63
2278 65
2762 72
209|7
60684 78
1291 85
68157 85
74458 82
185029 85
122886 79
88125 83
210|20
123553 70
34405 94
166203 70
3147 95
31696 77
7649 69
58559 99
2105 77
6365 78
34397 70
4625 50
84772 78
122926 94
76093 92
62836 70
33493 82
1584 85
47610 85
108932 91
122918 90
211|18
58559 86
63113 70
90405 61
57669 85
60684 76
7153 84
73017 77
2105 67
4367 60
356 83
2642 49
1556 40
318 90
44665 78
85414 71
1198 85
1136 85
260 83
212|20
170697 69
122920 70
122892 67
2571 77
5218 68
48394 71
3578 74
1196 78
135143 68
74795 66
179401 64
79132 77
77800 75
108932 74
110102 70
96821 74
8874 77
65261 77
59784 64
2291 71
213|17
3285 64
87520 49
80363 60
76251 79
8957 71
2860 58
1234 89
5419 65
51935 83
69844 82
39446 61
4132 62
858 94
69526 54
4558 56
49530 80
58559 93
214|5
83 70
628 59
743 40
1363 50
802 57
215|20
1172 85
4973 86
63082 80
1291 82
2028 82
3252 74
3210 72
1968 77
1247 82
49272 81
1089 85
72407 57
5650 80
318 89
1208 84
2000 74
1197 85
1196 83
1297 72
4019 73
216|20
104 65
21 67
3996 76
3946 60
2946 62
3993 66
3897 77
2599 74
34 71
3994 70
4034 77
3363 75
1965 69
3422 65
3555 68
3253 68
2087 70
3986 56
2018 68
1923 71
217|20
1867 70
3434 70
1275 66
2468 47
3197 50
1912 65
2302 55
1876 50
380 59
1221 72
2471 45
1918 49
1385 52
3165 63
1590 52
1562 40
1703 37
2056 70
1831 42
160 49
218|6
2657 59
2692 72
1380 59
1198 74
6934 58
5349 64
219|20
60072 59
2115 70
59315 70
6539 72
442 56
30707 74
1704 76
180 64
1219 75
1005 41
27773 74
56156 56
6188 64
6721 67
30825 58
2997 75
1552 55
1500 69
2890 67
1921 74
220|20
3996 85
733 79
1198 91
3994 78
6539 84
1258 90
1917 64
4545 75
33794 85
165 77
71264 81
4623 77
53464 52
5218 79
6365 73
3751 78
32 85
1036 85
5502 73
1591 65
221|20
4338 70
7013 86
8529 71
1080 85
3246 87
2871 85
1208 91
7063 91
2702 69
4029 85
5954 84
2352 83
922 93
2997 87
1278 89
2858 86
1212 89
1959 78
1961 83
3671 83
222|20
81831 70
100498 42
48516 76
1249 74
99813 72
91529 73
59900 51
93287 72
1721 62
2706 63
3273 44
2411 50
64622 65
7143 69
87869 64
778 74
30825 56
42011 42
673 51
64839 70
223|15
55854 70
6711 72
1 67
736 55
1961 67
457 68
2716 66
48394 65
608 72
8784 67
48516 73
3863 56
4306 68
260 71
2683 55
224|11
3496 70
3044 82
356 88
2915 73
289 67
3668 81
1270 87
2797 80
1721 74
2716 82
1259 86
225|15
2423 73
1285 79
588 76
1717 58
2791 78
1321 68
1136 84
1197 85
1753 74
2004 67
2371 62
1407 66
785 69
1060 74
3024 53
226|20
6938 70
32666 70
3552 77
542 54
1240 79
3098 74
2804 80
3668 76
3653 78
2231 80
145 63
2253 48
3052 74
2628 63
762 49
53129 87
4816 71
16 79
2144 74
46948 59
227|19
46976 82
52319 80
81845 88
109487 85
134130 84
215 86
48738 86
47099 85
1196 90
32587 82
912 91
55721 90
1682 82
750 96
778 88
40629 80
97913 80
70286 82
150 82
228|5
2571 88
1373 59
362 76
318 95
3113 61
229|13
34 78
589 83
377 75
45 70
587 74
5 62
475 89
442 65
597 74
364 84
213 46
110 85
527 89
230|20
34330 70
52715 70
47 66
7438 64
527 69
3147 67
45499 56
6537 55
2291 62
1387 65
6863 57
1485 51
595 60
4022 61
2096 56
588 62
4034 65
1676 55
8644 55
2641 50
231|5
92259 86
858 87
593 84
1198 84
109487 79
232|20
31867 70
41769 70
57526 70
70336 54
8644 66
1586 60
44972 44
4019 73
43928 41
30883 31
65802 60
8376 70
39292 74
1035 80
66198 64
66097 74
32011 46
6564 52
7451 76
33164 41
233|20
48394 65
3751 62
48516 73
1721 60
356 71
106100 68
162600 60
608 72
7153 72
134214 62
57669 72
122920 64
2329 73
4239 64
7371 73
3977 47
3147 71
3948 59
49272 70
5418 66
234|20
2616 71
2140 80
172 61
126 44
1562 52
4519 74
153 63
2710 62
3624 70
3483 69
1391 69
438 56
1460 0
2987 81
65 55
260 90
1359 59
3175 79
588 83
2080 77
235|13
480 75
736 64
500 68
454 71
592 68
235 70
595 74
32 79
527 84
648 69
223 77
588 76
377 71
236|30
1214 70
1278 70
1345 70
1350 70
1387 70
1388 70
1982 70
1997 70
1998 70
2447 70
2459 70
2490 70
2496 70
2502 70
2505 70
2542 70
2572 70
2580 70
2596 70
2598 70
2606 70
2657 70
2683 70
2694 70
2718 70
2770 70
2806 70
2858 70
3024 70
3052 70
237|10
32 69
4254 41
94959 66
293 70
1371 55
1193 72
7361 74
7980 70
43936 51
1374 68
238|9
4954 77
3528 75
4265 60
4901 69
4238 68
593 86
4499 85
4957 50
1193 85
239|20
58559 94
5459 65
4085 75
380 76
95 65
7445 79
608 91
7147 85
6378 81
2115 82
4896 83
36529 80
3994 79
33679 72
47 88
590 83
4022 81
208 64
733 80
51662 82
240|20
368 84
543 80
480 89
367 77
810 58
500 81
546 51
110 95
173 64
1 93
542 63
104 80
34 88
174 66
204 59
225 84
383 73
262 94
434 72
420 67
241|16
81786 70
71899 86
527 84
1206 83
1193 82
99114 79
100714 70
8981 73
53123 80
116897 81
56367 76
3910 82
106782 81
115569 79
4235 82
48780 79
242|7
39 66
380 70
231 60
457 79
592 69
454 72
111 84
243|8
112 79
353 94
62 85
588 92
193 61
586 74
181 47
376 79
244|19
3090 84
1049 72
110 82
257 70
165 72
151 73
1090 81
3755 65
2278 72
648 71
1580 71
1957 80
1610 79
1196 86
3256 72
1573 71
1242 84
3753 71
2243 71
245|5
3196 61
2739 60
3114 57
3274 51
1361 59
246|20
1304 92
616 82
1680 83
6016 96
3081 80
44191 90
60684 86
4973 98
1732 94
1298 84
53125 78
2291 86
2692 93
293 92
4011 95
5013 89
60069 91
48082 90
82202 66
95167 81
247|20
48516 80
593 79
2858 76
49272 77
1961 73
44191 75
527 80
116797 76
68358 74
122886 72
480 70
223 73
1265 75
2078 71
1198 79
1682 72
6377 76
1089 80
953 77
919 71
248|11
4886 76
1198 83
166528 78
176371 75
316 65
147374 66
102903 69
189333 71
122912 75
58559 85
5218 72
249|20
110350 70
102903 76
2167 71
94959 82
84601 73
2395 77
97306 77
3408 77
89047 70
91500 75
91542 81
40815 83
69844 82
904 95
46723 80
3826 56
68791 75
88812 68
67695 85
50 93
250|6
1282 90
2407 75
318 103
1597 73
1246 93
8880 78
251|5
142115 0
293 92
356 95
318 102
1089 98
252|8
164179 85
89745 86
6377 88
164909 85
1682 84
166643 82
143355 71
78499 90
253|10
44555 98
916 96
608 96
2300 92
7099 92
4217 86
26366 70
1192 98
4642 97
3363 89
254|20
46578 82
44195 86
207 75
49278 70
6333 77
780 69
110 82
1210 85
49272 84
27846 83
32587 78
2571 85
44929 77
47 82
293 82
1580 72
5995 85
32 81
592 70
48394 77
255|9
1270 58
4467 60
2023 51
3501 39
1663 54
1394 57
3392 49
2542 58
2915 49
256|20
3247 65
88744 82
377 79
4973 95
53972 77
118696 71
95441 74
104841 80
71535 86
2953 56
81229 79
53121 67
30707 89
2571 92
68791 77
170 74
6942 85
90405 68
6537 74
33493 78
257|5
1500 67
594 66
2502 74
494 62
2406 62
258|5
4995 83
7147 80
72641 79
76093 82
47099 82
259|6
508 65
5945 59
1784 66
4886 68
1356 68
1584 65
260|20
7361 84
3556 70
162 83
903 80
5690 82
6337 74
4878 80
5617 76
342 70
5219 62
2997 79
8011 81
1206 81
3317 76
6709 63
8874 80
2348 75
3822 78
2959 84
8645 77
261|11
3897 82
16 80
2060 69
296 86
2723 69
1682 78
4085 71
2194 81
7361 87
4238 68
58559 88
262|12
708 61
539 63
457 71
322 65
339 62
85 72
26 68
17 66
213 39
273 51
593 75
728 62
263|20
223 79
150 78
500 70
2987 76
2953 51
110 82
4226 85
8370 83
1197 87
7458 70
708 70
1111 82
2125 75
6942 78
5013 80
163 77
457 80
8636 77
1967 79
2085 68
264|12
7841 0
1376 68
151 69
5816 71
1907 72
1320 62
1917 57
150 74
3578 77
1090 76
253 69
1876 58
265|20
3807 70
316 61
253 66
1302 68
724 58
1240 73
3504 78
230 65
3831 66
1956 75
3098 69
529 73
1270 76
3791 61
1177 82
2322 57
1488 61
2474 67
1198 79
1962 70
266|20
476 70
2812 70
2700 73
2278 67
24 61
2770 50
2702 62
64 46
1405 60
2580 77
1527 73
2167 63
457 76
1580 67
2300 77
1923 71
2094 62
132 62
2571 79
2097 59
267|12
2858 87
593 92
1175 88
3006 84
1302 79
3999 54
3113 63
1093 75
589 86
2571 90
923 88
3996 86
268|20
1641 67
587 62
1125 65
1911 50
2802 54
1036 69
1370 61
50 75
2064 70
1784 65
1912 68
1966 63
454 63
1234 73
2247 57
1394 70
2829 49
802 62
260 73
2858 71
269|6
724 67
743 52
95 64
1 84
63 51
648 74
270|8
661 61
62 64
79 51
628 65
14 65
1356 69
141 63
25 67
271|9
3897 71
32 70
2791 69
969 71
6787 73
2858 71
55765 70
1320 57
2288 70
272|7
177765 70
1240 73
51662 70
122922 71
49272 76
158238 75
6365 63
273|11
440 81
593 96
500 78
608 95
223 88
111 95
150 88
21 80
466 66
235 81
520 72
274|20
50147 70
2947 75
3037 83
1645 67
4951 65
2036 51
1359 53
35957 66
553 74
76293 60
3918 58
1503 71
45431 68
4816 68
54999 68
5667 70
4876 42
56805 68
1921 78
54004 71
275|20
1784 80
2289 87
5884 70
1171 78
357 76
1912 83
2539 66
235 76
4886 83
2572 78
2355 80
3253 77
1192 93
926 88
111 90
2100 69
3089 96
1393 79
1719 97
1392 74
276|9
673 74
356 106
466 74
104 87
631 74
648 89
2 89
1367 79
344 77
277|6
637 66
736 71
656 65
1 88
780 76
260 92
278|5
2371 65
1347 68
4002 80
318 94
2369 63
279|20
134130 75
1101 66
166528 75
90405 58
61132 67
79132 79
56782 85
97913 72
1608 65
4226 80
59315 73
88129 71
54286 71
1258 80
8665 72
58559 83
4993 80
8376 69
107406 69
1200 76
280|20
92535 96
344 65
262 86
3146 55
4239 81
4447 70
8638 81
919 83
72641 84
86817 57
8368 87
49530 81
6863 76
35836 78
55052 80
54503 88
4246 82
48516 93
1911 62
3916 83
281|5
46578 71
8361 55
35836 63
3897 71
3861 51
282|20
5995 89
3977 59
3263 66
25 79
6708 78
2683 69
4718 63
6711 89
5481 63
6863 75
5669 83
3752 69
588 82
80463 86
1921 87
1193 90
4369 68
48322 84
1194 84
784 63
283|7
1580 61
39 58
1704 72
356 72
586 53
2082 49
805 63
284|18
474 85
173 62
2 80
296 97
15 67
348 88
248 72
318 103
47 93
353 90
275 44
44 64
339 80
367 75
276 70
165 82
637 68
235 82
285|8
1193 84
949 79
1247 83
6978 61
113207 70
4447 65
441 80
296 85
286|20
454 71
778 82
5989 78
1333 74
165 71
500 68
7438 78
2294 65
4993 83
4995 80
7361 85
70 69
4980 62
1258 83
4963 77
1097 75
4848 80
539 70
377 71
110 80
287|20
3160 58
3578 60
223 59
2633 61
1059 58
586 46
3005 46
532 47
1193 63
2599 59
2028 63
1485 48
3826 39
2081 56
8949 59
2012 52
101 61
4034 61
2422 31
2115 57
288|20
4473 70
4966 70
1008 70
2867 64
42015 54
141 64
2571 76
13 61
53519 61
2407 60
5418 70
3916 69
2347 40
2528 57
30810 67
575 49
32587 70
587 65
2517 56
8361 57
289|24
3 70
16 70
235 70
266 70
594 70
708 70
750 70
1080 70
1101 70
1208 70
1220 70
1258 70
1917 70
2012 70
2174 70
2710 70
2797 70
4322 70
6125 70
6327 70
6453 70
7025 70
7028 70
26704 70
290|20
1228 92
1299 89
2494 80
2739 87
608 90
2130 78
908 90
341 70
1447 69
342 77
1056 69
1719 96
953 88
928 88
1394 86
2648 76
475 91
2731 84
1357 88
2385 51
291|7
40815 88
122892 83
106489 76
134853 91
7153 96
88125 92
1 89
292|20
520 61
103339 53
122900 68
4896 73
2291 73
474 70
85056 61
46972 60
95167 69
164909 74
3176 68
3476 73
1608 65
31221 39
1101 66
3985 63
3984 67
1017 68
69844 72
231 57
293|5
1682 60
1673 64
344 47
1617 65
1097 59
294|20
416 40
3869 62
1064 54
2794 48
610 57
2133 58
1391 52
3868 59
1129 59
520 52
3387 56
355 38
2378 50
3693 41
785 56
2193 59
2367 45
2458 46
348 62
3501 45
295|9
1221 88
3198 83
1287 82
1213 87
4351 71
1198 87
858 89
318 92
2329 88
296|6
160848 70
2028 87
169034 70
4144 86
50 90
2324 89
297|15
832 53
543 53
1645 55
111 66
454 56
1089 67
6 62
1249 65
1047 50
1370 54
1488 51
150 60
170 52
1092 52
866 65
298|20
57640 53
95510 47
6811 43
8370 57
8807 51
63131 49
6881 50
3785 42
122900 51
103042 46
6294 36
2167 46
2005 53
6006 43
653 43
55995 39
3018 49
69757 52
103772 48
3825 39
299|5
3793 79
1387 85
188 73
1198 90
1214 84
300|32
318 70
356 70
527 70
593 70
1172 70
1704 70
2028 70
2324 70
2329 70
2571 70
2762 70
2858 70
2959 70
4848 70
4973 70
5995 70
6016 70
6711 70
7361 70
8950 70
48394 70
56174 70
63082 70
79132 70
81591 70
92259 70
99114 70
109487 70
112183 70
112290 70
112552 70
112556 70
301|20
21 67
357 68
2490 67
6711 79
589 76
8949 74
837 65
3948 66
364 76
527 81
5989 75
4963 74
608 80
292 64
3578 76
3897 77
4226 80
3753 66
1393 70
1792 62
302|7
480 81
14 77
3 70
25 79
648 75
707 63
110 87
303|11
5378 62
3703 78
1127 70
5544 76
1196 81
3471 74
1580 68
1394 77
2683 62
920 71
1358 72
304|20
314 84
2571 89
2433 64
10 76
1376 76
480 81
1373 60
1777 75
1270 88
1517 78
151 78
356 89
208 64
474 79
1214 86
1375 73
640 58
1722 66
185 68
2701 50
305|20
74624 70
140627 70
87869 77
919 81
1197 92
106100 86
138210 77
788 60
7482 83
80590 62
103075 50
903 89
6537 72
93840 83
54736 82
592 74
2288 85
58803 80
55276 81
1272 95
306|20
5784 46
68954 76
69644 58
6377 76
95543 59
81847 71
111743 60
85367 76
168418 75
167018 63
72998 69
122904 74
69406 64
85788 35
4963 73
115664 68
134368 68
112852 76
161634 60
133419 61
307|20
2190 70
4181 70
31424 70
49314 70
5010 64
7845 53
3392 57
1220 65
6793 37
6483 17
2332 23
56003 45
1991 48
3273 41
4876 36
3421 64
1409 44
413 47
4447 53
52867 70
308|20
2959 56
45517 45
96821 52
72998 48
318 57
2 44
904 56
589 51
8961 50
56152 47
56367 49
5618 55
36 49
410 40
79132 54
4993 54
8464 48
1221 55
2248 50
6 51
309|20
2202 88
1645 67
898 86
1682 74
296 81
1089 82
1269 76
7153 80
6947 71
8340 71
1104 89
7218 70
25886 74
1219 79
8154 83
971 83
1944 75
6365 64
1262 82
2762 75
310|13
6863 70
6947 75
1101 69
6503 51
2524 84
2457 71
5899 78
733 73
246 87
3254 68
1223 88
1080 80
2671 71
311|6
6561 70
5992 47
1517 42
6461 46
1407 38
2706 41
312|20
5816 75
1375 69
3499 81
589 81
2454 66
1358 76
4878 84
4103 80
3793 76
2028 85
1371 65
4121 65
2366 74
2747 63
4105 79
5446 76
2699 59
2529 80
1350 82
1356 78
313|20
4980 61
170 65
3917 67
2455 68
5544 77
541 81
2193 70
2000 73
6 77
1968 75
1089 83
1301 75
1240 77
3175 70
4865 72
2005 73
2167 64
1375 65
2087 71
2530 53
314|20
7 53
1042 56
44 49
165 62
457 69
293 70
597 61
329 59
442 54
26 67
830 51
728 60
618 70
107 59
536 48
10 61
1376 62
153 50
208 51
150 67
315|7
1262 76
2729 70
2529 70
2067 75
2553 63
909 70
902 70
316|11
1748 72
253 64
3968 56
158 52
5445 68
3751 65
7438 71
6874 74
48 58
3882 51
2572 65
317|20
133115 70
73321 63
91529 78
74545 68
7445 70
1213 82
48774 77
4262 75
1884 77
5989 76
3578 77
4011 81
68358 76
1208 82
72011 71
3897 77
3499 76
96829 82
116797 78
56782 85
318|20
26713 70
81191 70
90245 70
111817 70
127180 70
145080 70
150696 70
7445 73
1090 80
116799 71
82459 77
48385 69
2294 66
64839 80
88125 81
109487 80
4021 102
33794 79
54286 76
89753 75
319|7
115617 86
6377 90
356 92
136864 55
1221 95
122904 88
110 90
320|5
72998 65
71535 68
31184 68
59315 67
1013 58
321|12
587 74
356 87
160 61
592 72
597 74
780 71
339 72
355 50
410 66
3 68
500 72
457 83
322|20
2882 37
1968 67
2542 72
58559 75
2788 73
2146 61
2617 57
2918 68
778 72
2599 68
4027 69
4993 73
1230 70
51540 67
1 69
1617 73
1923 64
4010 55
11 65
1035 71
323|20
377 61
480 64
356 71
1094 59
161 65
115569 69
1198 72
29 69
551 61
22 58
318 76
112183 61
253 61
111659 49
3257 51
260 71
150 66
329 58
342 62
266 59
324|5
2764 72
3972 73
3864 35
3949 73
3897 71
325|20
2848 70
235 69
2986 58
262 77
1573 68
2596 71
1584 72
1217 87
1676 66
4714 39
3770 47
3261 67
2894 70
2155 67
1279 81
1614 60
3994 71
2268 75
2915 67
5008 86
326|20
8665 76
47610 75
20 53
2858 81
86882 75
5418 78
4973 87
133771 80
48774 81
2324 86
1293 77
2692 83
72605 66
70159 65
54286 75
5446 75
6591 91
4226 85
105844 74
31410 76
327|10
3301 79
150 85
858 96
1923 81
51255 91
48516 94
1304 89
765 68
6888 48
2706 78
328|20
2687 57
112852 68
70286 64
1196 70
457 66
364 67
80463 67
3489 59
318 75
595 62
5349 61
2542 69
1219 69
35836 60
3751 61
79091 63
7153 70
596 59
2398 67
1148 70
329|5
130482 70
136850 70
858 57
1884 53
750 59
330|20
5378 63
316 64
1639 73
2918 76
919 74
3949 81
3535 74
5349 71
380 68
1676 67
2502 81
3703 79
1682 75
2683 62
1206 82
1721 68
2791 77
2081 72
8874 80
592 67
331|20
8874 80
6157 52
88125 79
6539 76
3897 79
4446 70
7361 84
50872 76
4995 79
4306 77
6874 80
5502 66
3911 73
608 82
4447 63
593 83
3751 71
8665 74
4367 59
2959 85
332|20
47 77
1653 78
1258 80
316 63
8983 70
431 73
97757 70
2291 73
1835 65
356 79
5502 65
4308 71
1203 81
1682 74
1249 80
76251 70
2905 77
318 86
2294 63
32 76
333|5
3785 50
3752 53
3616 53
3615 51
3646 33
334|20
55820 68
1196 74
1580 62
1291 73
3996 70
589 70
30810 64
4027 69
1 69
64957 63
1625 66
50601 49
44195 74
27416 67
6867 67
2997 72
293 71
480 66
5378 57
51935 68
335|6
780 67
592 68
356 81
296 82
2699 57
2001 64
336|12
1267 95
1 89
38798 73
33660 92
1784 84
2001 74
2268 87
293 92
1625 85
4886 87
50 97
150 87
337|16
318 110
47 99
16 97
805 89
1393 90
266 85
667 61
168 77
784 72
65 62
110 100
708 84
25 91
1356 95
277 79
786 77
338|8
189111 70
190207 70
190215 70
190219 70
7153 70
593 70
187541 50
185029 69
339|20
72641 82
5445 80
84152 85
96079 81
106072 74
69122 81
5617 83
41285 82
56869 70
48322 83
65216 79
91630 77
86504 87
91529 86
83613 64
4993 88
3470 89
102407 70
2028 88
5952 86
340|28
10 70
110 70
150 70
153 70
161 70
165 70
185 70
208 70
253 70
288 70
292 70
296 70
316 70
318 70
329 70
344 70
349 70
356 70
454 70
457 70
480 70
589 70
590 70
592 70
595 70
648 70
780 70
1356 70
341|11
2335 70
3624 68
130087 65
1370 74
135137 55
117529 69
5459 64
45672 68
1 84
47099 85
4025 66
342|14
2683 59
2598 52
2881 58
2369 55
1268 71
2605 57
2599 72
1198 78
3157 51
3826 47
2428 47
2827 42
3863 60
1959 67
343|12
858 89
3000 84
48394 78
4226 86
4878 84
3993 71
2571 85
1617 85
31658 83
55363 87
55820 79
296 86
344|14
111362 76
380 68
316 65
2628 62
4226 82
2571 81
4014 72
2012 68
4034 78
260 81
2541 67
4973 85
5418 76
2712 68
345|13
1019 74
2539 65
926 85
5902 85
8810 55
344 63
5707 65
2366 76
56949 68
3649 53
6658 68
3489 74
412 73
346|20
3174 67
778 78
608 79
6711 78
6286 76
306 84
7323 72
307 77
3535 71
1212 79
357 66
3949 78
714 75
7937 0
7396 80
5878 77
1120 70
1131 80
3627 65
7115 63
347|9
434 61
590 76
39 66
150 76
454 72
380 70
587 71
317 65
457 79
348|11
318 105
2324 100
4368 57
1213 100
6016 99
2959 101
6893 97
4973 101
1221 100
1960 89
2019 100
349|8
10 73
161 79
589 83
381 77
349 73
231 63
588 80
509 74
350|8
852 61
7 58
637 56
648 66
733 70
12 44
858 83
661 64
351|20
88932 70
87222 69
73344 90
52579 62
2231 80
88744 75
43836 58
79132 83
597 71
58559 87
12 47
8914 72
8950 80
63082 81
6214 80
90376 89
84152 81
480 76
4878 82
1193 84
352|20
72998 78
71745 58
1801 77
34319 72
2600 78
65682 76
1080 84
79695 68
110730 51
38038 85
130490 66
97752 78
1214 84
94864 71
41566 74
56587 74
44191 84
114935 84
59315 80
47610 78
353|18
552 65
25 76
267 60
216 72
367 68
288 69
144 67
186 59
333 75
266 71
112 67
198 71
234 53
145 65
293 83
158 59
163 78
296 87
354|20
1610 79
4306 80
2692 83
3147 84
47 82
903 84
733 74
3977 56
1225 87
35836 73
648 71
44191 81
8665 77
1917 60
7147 79
1923 75
589 81
2959 88
4718 60
1196 85
355|6
316 72
1580 77
3035 91
3175 79
317 71
916 92
356|20
2248 82
52435 86
52975 77
7122 70
44889 70
1641 81
2706 74
4011 88
802 75
7323 81
2502 88
56367 81
1223 93
55118 85
3949 88
3996 84
1246 86
1466 80
223 82
7153 89
357|20
4354 70
8998 70
27329 70
2804 84
595 78
529 82
4663 80
4091 73
1224 83
1242 87
34 78
208 62
58559 91
6296 79
30793 68
1042 68
2100 67
551 76
471 77
2067 89
358|9
26095 70
605 59
5066 73
52328 78
2226 70
42728 70
7361 89
69844 79
36525 56
359|15
405 44
1092 61
1101 63
51412 49
648 64
296 77
1097 69
2396 70
2424 60
593 77
2701 43
2942 50
1682 70
2530 50
4995 74
360|5
1422 60
1620 61
1488 63
1711 61
1414 59
361|20
47099 68
1580 60
377 62
1552 52
49272 71
1263 69
53125 60
589 69
49822 58
8360 63
318 77
2529 68
5218 63
6188 60
2422 35
3082 57
1732 71
1370 60
46972 54
7458 60
362|20
1945 98
592 76
6539 86
51540 84
5989 87
637 65
70 77
7153 92
1252 96
44665 86
407 86
6874 90
2959 95
1196 92
1208 94
8961 86
48516 94
7438 87
356 91
1201 94
363|6
1552 52
1732 71
1517 63
296 73
653 54
318 77
364|5
858 101
9 70
783 77
376 76
1 91
365|20
59315 57
81229 54
128975 44
6874 62
90345 56
158872 62
129354 39
103075 35
135536 44
70286 58
112852 61
76077 53
112818 55
1777 52
6502 61
155820 24
541 63
95720 44
93270 36
135569 52
366|7
116797 80
59315 76
33794 78
91529 81
2028 82
122882 77
7438 79
367|20
926 91
3061 79
1270 90
1287 89
486 60
3536 76
3824 58
2384 63
3072 81
898 100
3618 76
3225 53
2248 87
3157 61
3969 81
3717 72
1259 90
4023 69
1196 94
1258 93
368|20
3753 59
2112 54
1944 67
2986 50
3869 64
1214 67
2947 66
415 45
3035 71
832 58
50 73
2819 65
1801 62
2490 60
1917 50
1391 54
2193 61
225 60
161 64
2881 53
369|20
1256 69
785 63
47 74
2706 64
839 54
377 65
52973 68
743 45
4214 54
5418 71
3863 59
1372 64
27904 71
60069 74
2857 60
1967 71
150 70
2011 65
1580 64
3174 65
370|19
4011 76
4878 74
8961 71
6377 74
2628 57
1748 73
2116 60
589 72
2329 77
7438 72
3977 50
1676 62
593 77
4973 78
4226 76
1240 71
1089 78
8636 69
2716 70
371|9
2571 98
112512 70
1258 99
4090 86
56715 98
3000 98
4226 99
4993 98
1748 95
372|20
335 70
924 74
318 82
1603 50
1479 61
589 73
81 59
387 45
616 66
337 67
1220 71
1201 78
165 65
1243 72
1258 77
377 66
1401 63
450 57
1206 77
1306 47
373|20
216 66
60 61
169 43
350 64
585 52
44 53
371 66
163 71
616 68
198 65
265 73
25 69
6 75
733 69
47 76
2 65
736 60
305 57
357 66
141 66
374|7
296 83
208 59
1219 81
480 75
592 68
1258 83
1339 70
375|7
344 66
1027 66
32 87
2628 69
3256 77
4226 92
500 75
376|20
91535 66
2002 64
1214 84
1101 74
2916 80
33794 83
1198 90
349 75
1371 68
376 70
1240 84
1375 72
4993 89
858 93
457 84
4226 89
5952 87
344 64
2763 80
2797 80
377|20
4942 70
2793 47
1262 95
2791 87
748 69
1345 77
5027 67
5113 73
27692 70
3421 85
6021 70
3364 81
2072 68
8641 83
2163 53
92760 70
2858 89
1503 81
2124 75
2015 76
378|10
33794 78
7153 84
48516 85
3114 77
858 87
68954 81
91529 81
71535 77
90600 71
364 80
379|8
318 88
377 70
19 55
292 66
480 74
367 65
597 70
344 59
380|20
60818 70
172875 70
172881 70
172887 70
355 52
6979 78
5476 33
2735 67
68194 86
63433 73
72356 94
105731 46
1833 66
551 79
6731 83
27831 85
1665 64
393 58
140956 71
2791 87
381|20
2085 68
1088 71
3253 72
185 63
317 65
27808 66
1240 79
19 56
3753 70
4321 68
72011 74
3082 66
333 73
2140 74
1385 62
2273 67
1208 86
457 80
104 68
2716 78
382|20
1204 95
142372 47
135532 63
1201 94
112171 76
1198 93
912 94
81847 84
4638 65
63540 36
1681 52
170289 70
103042 72
72737 77
2496 72
357 78
81537 71
59501 77
101362 58
4890 69
383|7
2436 76
2541 70
2496 67
1584 76
2558 45
1246 83
903 85
384|14
3527 69
1388 55
2683 59
2502 76
4333 56
3098 68
4396 58
457 73
358 50
968 71
2724 52
296 77
3991 53
1204 80
385|20
736 59
1080 74
249 71
1219 76
1036 73
1136 78
282 60
1073 72
1200 74
1228 79
1022 66
1007 58
1201 79
1246 75
344 55
589 73
1023 68
1287 74
594 69
1303 74
386|14
110 64
410 50
112 52
165 57
223 62
648 56
185 50
608 67
485 50
305 49
44 45
585 44
349 56
10 56
387|20
4393 70
5156 70
5780 70
7336 70
26124 70
40966 70
2712 63
5062 68
1247 75
5489 70
4195 52
7132 78
2946 58
1387 73
3000 75
51939 55
4995 73
912 77
7938 70
1783 61
388|6
6158 70
63239 70
33615 63
86298 58
62999 64
8360 69
389|7
17 91
140 78
628 88
762 60
743 60
95 73
32 97
390|17
6344 70
64957 71
4239 75
5220 50
1193 83
2571 83
9010 80
2291 76
5296 57
4226 84
7254 73
6377 81
63062 71
1206 84
2329 85
4014 74
1784 74
391|20
5575 70
500 67
3994 71
1213 83
516 68
199 69
4027 77
150 75
1408 76
4014 72
1527 74
1059 76
2916 73
4973 85
357 69
555 75
5026 80
4936 70
1210 81
3067 71
392|5
3004 53
2858 77
707 56
1198 81
1125 70
393|20
91658 72
102125 71
48394 76
36517 77
8636 75
110102 75
44199 75
5388 66
54259 73
4848 80
5669 77
1291 82
68848 73
86190 68
2571 83
1206 83
122892 72
106642 89
1625 75
106489 66
394|5
588 61
316 52
344 48
225 56
457 63
395|13
329 61
1025 67
296 76
160 52
208 53
173 49
485 57
355 43
520 57
595 67
126 37
48 58
367 59
396|6
1276 77
1597 57
1777 62
44 50
204 45
2081 67
397|5
4017 72
8645 79
1701 79
8228 73
6993 78
398|10
6408 70
1197 94
5971 86
7022 88
1198 92
60069 88
2455 77
1136 93
48516 93
82459 83
399|8
1198 83
110 80
5445 74
1196 83
593 83
480 74
1270 80
2194 78
400|9
608 93
356 91
2571 91
2959 96
7153 93
1221 94
3578 88
858 96
59615 65
401|15
5952 77
6297 68
55768 59
48982 69
166461 65
49274 44
50872 72
32031 60
79091 71
170939 70
38038 76
8360 68
3114 72
33615 63
1136 79
402|10
1084 87
597 77
52 78
329 74
296 92
586 67
315 68
1036 86
434 67
527 93
403|7
110 78
2427 63
3210 70
296 82
61465 55
1663 75
180 67
404|12
204 47
349 67
474 70
34 71
364 76
508 70
105 62
593 80
509 67
277 61
315 59
185 60
405|20
70708 70
293 84
7254 76
37731 78
2959 90
345 78
1213 89
7134 70
64614 84
6023 0
1241 80
2329 89
1247 86
3052 78
68237 85
1199 89
27592 84
27664 67
3418 76
1215 86
406|5
1586 59
135 55
56949 63
46972 61
724 61
407|5
7153 88
2959 91
6539 82
1240 83
54286 78
408|20
1198 97
122904 90
44840 73
165101 60
6618 87
1291 94
1210 95
89745 90
1278 95
7324 77
44 64
8641 85
115210 83
103596 43
68554 78
2571 95
109487 90
63131 82
80489 90
4649 85
409|20
2485 62
2490 73
2028 86
3812 70
1278 87
2997 85
296 88
1078 72
3016 68
1073 81
2683 66
2289 84
3846 70
912 89
2013 68
1911 59
2352 81
1230 84
2541 71
3174 74
410|20
389 70
3224 93
318 94
2302 69
4002 80
1060 78
4297 76
3263 64
1859 77
111 88
58 86
2145 72
3255 74
2321 74
3504 88
3948 73
11 78
4019 78
3 68
597 74
411|20
508 72
261 74
586 59
432 49
353 76
431 74
194 76
318 87
272 76
515 72
356 80
266 66
257 67
349 68
10 68
31 67
344 58
227 53
455 49
122 51
412|20
2828 22
2384 58
2915 71
903 85
608 86
2720 43
2858 82
1883 66
1307 80
1214 81
1784 76
2239 100
1 80
930 89
1136 86
2710 59
915 80
2398 82
17 76
1079 84
413|12
2706 85
1198 102
3753 84
2424 80
593 102
128360 94
4993 101
16 95
5574 83
3948 84
64957 86
2959 104
414|20
4458 70
4666 70
5285 70
5635 70
6033 70
6493 70
6563 70
6628 70
6797 70
48319 70
58879 70
169992 70
3802 46
3599 68
1600 0
8666 29
4975 71
7444 67
4081 38
177593 97
415|19
296 87
1213 88
4321 70
3507 85
4308 77
47 83
1021 51
111 87
2617 67
1276 88
3861 60
4369 66
99114 83
1221 88
63082 84
1234 86
45722 76
1197 89
175 89
416|11
5952 63
5951 43
531 50
1296 62
1199 66
1721 54
830 46
1206 65
7323 59
4848 63
3677 58
417|14
778 92
4995 90
4975 79
7254 82
1198 94
106782 92
27773 90
168250 78
1625 84
7153 94
74458 89
110102 84
48394 85
4878 92
418|19
356 81
296 82
63082 78
104374 79
1276 83
1136 83
117176 75
1573 68
137337 79
1682 75
5816 72
88125 78
74458 78
367 63
89745 77
45672 62
87869 70
7361 84
54001 76
419|20
4093 70
111 87
46976 80
27822 60
2858 83
319 79
6287 61
3578 82
1213 88
64969 73
47 83
79592 67
34319 71
89580 70
60756 74
27704 70
90943 70
2412 42
1240 81
52245 63
420|20
1161 84
4993 84
45499 70
923 82
26693 70
48385 69
1927 85
5608 82
2052 61
6934 68
7022 82
3979 52
59295 70
2329 86
54259 75
1131 86
2762 79
4973 88
5669 78
527 86
421|8
2858 82
909 81
5008 90
953 85
1178 89
2313 80
2478 65
1203 87
422|19
2539 59
2710 55
4947 72
4971 62
5039 71
4925 70
2581 59
4916 59
1265 76
2804 76
3053 75
2665 70
1283 84
4835 69
2908 71
3943 62
1213 81
2670 76
858 83
423|5
1653 83
110 83
2194 81
5349 74
1320 66
424|20
1193 82
141 69
2804 78
40278 77
608 82
108729 73
293 79
69122 75
1092 66
54503 79
58559 85
3186 70
66097 74
778 81
5679 66
3176 70
2288 78
2174 72
71668 74
112556 76
425|20
45517 67
377 69
2329 82
733 71
6 77
1645 67
8368 77
2081 72
4306 76
1680 71
1909 67
367 63
46723 71
1625 72
1036 76
4901 66
750 86
2353 66
1342 59
145 61
426|18
59784 66
150 74
471 70
337 70
54001 75
1197 82
6378 72
72641 74
4886 74
8644 65
37729 71
597 68
5444 74
91325 42
588 73
3247 56
4022 71
79091 73
427|17
4887 55
5463 52
5015 65
110 75
58 76
5528 69
6348 48
5312 58
2710 54
5696 45
4993 78
5266 60
2683 60
5400 57
5816 69
1208 80
5574 64
428|20
2471 41
2762 60
3827 47
1089 66
2953 39
2916 58
1380 52
1997 61
3440 33
4022 58
317 50
4255 35
1208 66
1391 49
6377 63
2581 48
260 64
3285 46
588 59
653 49
429|12
339 82
421 71
150 92
225 85
165 85
266 82
329 81
252 80
279 66
317 77
237 78
204 59
430|12
923 85
2987 78
3745 73
6287 62
2858 84
6365 70
2571 86
4447 68
4014 77
329 71
2076 82
4446 74
431|5
172 44
1625 60
1376 56
3948 55
802 56
432|20
1831 49
5630 66
6870 75
8640 56
6539 77
3916 75
5989 78
84189 70
110 80
35836 71
4886 76
2762 77
1206 83
49272 81
19 55
318 89
58559 85
69481 79
7158 75
33660 81
433|5
91529 76
1089 80
50 80
5299 60
110 75
434|20
1136 85
3147 83
1090 79
1265 81
5989 79
1101 69
1779 62
586 61
344 60
3863 65
1208 85
3160 76
589 79
780 68
6796 77
2791 79
4226 84
2194 79
8665 76
1291 83
435|9
2353 77
44191 89
485 71
3510 81
34405 91
2302 74
158 65
82459 86
48780 91
436|20
204 48
435 47
440 68
432 48
161 73
480 72
377 68
531 61
536 53
502 46
364 76
235 68
371 67
344 57
2 66
585 53
450 60
587 68
437 46
227 52
437|20
748 65
318 94
5 62
640 57
1299 88
1120 78
1396 75
1246 86
454 76
1171 76
1225 91
1183 78
1097 80
1307 82
1268 80
592 73
198 72
155 54
112 69
246 91
438|20
7154 62
2501 77
8966 66
27801 82
1527 77
6711 84
3898 30
1784 76
8644 69
6367 65
2424 67
3889 48
223 79
1517 74
7361 87
2641 63
5009 67
2617 65
3753 70
2393 66
439|5
356 84
4022 75
7153 85
78499 84
1240 80
440|7
8690 70
541 85
29 82
1653 82
1274 80
3174 72
1235 87
441|9
589 91
2683 73
2959 100
4306 91
260 95
296 97
51255 95
47 93
68358 91
442|5
2908 24
2881 20
1186 25
3752 21
4361 23
443|8
2329 91
79132 88
296 90
48394 81
106487 79
108190 63
7153 90
63082 87
444|9
356 84
592 70
208 60
21 71
111 85
110 82
235 72
296 86
344 61
445|16
2028 79
590 73
34405 78
47 77
116897 78
780 65
4011 80
899 79
593 81
33794 75
1080 76
45722 70
17 71
1230 77
306 85
2710 55
446|17
237 60
339 63
300 64
296 77
480 69
368 64
288 61
172 51
17 68
16 72
357 64
150 70
434 56
153 52
648 63
593 77
337 67
447|16
257 78
293 90
337 82
531 71
382 71
589 89
552 71
253 80
362 81
532 69
292 75
31 77
474 82
540 60
442 69
160 65
448|373
2368 70
3284 70
3933 70
6302 70
6476 70
7245 70
48262 70
49688 70
75803 70
75816 70
78116 70
79590 70
86593 70
92198 70
98908 70
100326 70
102819 70
104760 70
108715 70
109191 70
111680 70
113416 70
116207 70
116985 70
129657 70
130083 70
133377 70
136654 70
138546 70
142424 70
151777 70
152658 70
157130 70
158022 70
161290 70
164375 70
53996 64
136778 70
5418 71
288 61
88356 42
2580 73
155358 70
2889 72
4034 73
148888 46
81156 74
2713 48
103335 70
95441 61
34048 61
80126 49
3057 70
1057 66
2794 54
33830 72
8665 69
6059 66
110553 47
90374 73
151501 70
3764 44
6143 67
103819 30
4361 64
104913 69
3986 53
5528 68
1196 77
105351 51
83349 59
3276 70
1090 73
5349 66
587 65
106330 36
4677 63
95508 70
109895 12
110611 70
671 61
2289 74
152077 69
80693 64
111360 53
170 61
87444 62
94323 55
8493 58
3671 71
91653 64
4981 70
2991 68
78034 70
119145 73
5099 45
4299 60
2567 54
6996 25
109864 29
6582 53
73017 70
370 55
543 62
115617 70
590 71
154065 70
5553 58
41569 61
3286 34
6645 78
589 73
1920 59
2857 61
111663 0
78499 76
2657 61
6537 61
1148 77
46974 56
48516 78
80241 66
445 56
4262 71
3689 29
114935 73
6428 65
127194 70
109673 54
127096 73
89388 70
4156 70
3793 68
33679 61
2014 57
64285 67
3968 57
49530 68
3450 62
160563 60
5502 63
8169 68
6314 36
122490 70
3386 68
140725 65
4896 69
2642 45
127136 71
2763 69
2520 70
457 73
48783 68
3263 56
5400 56
5541 61
4011 76
58351 70
127132 70
152091 60
3698 62
435 46
4799 55
84152 74
3401 48
2858 73
3174 65
7076 70
106542 70
6218 62
2860 49
1283 81
3618 62
2616 59
90439 69
2404 41
4660 70
2530 50
26386 70
4327 63
3030 76
71464 66
32 72
91529 74
4158 53
99114 73
98585 64
93326 51
2268 70
80489 71
130576 41
105504 73
2791 72
50601 52
7007 62
4234 59
3623 53
80727 69
78467 33
8641 68
4128 68
106782 75
2537 31
112138 66
3247 54
112818 67
2027 39
3101 63
5779 70
82202 54
1704 75
98296 70
6863 63
89305 60
4203 63
1201 78
6212 41
637 55
84954 59
6814 70
94864 61
67695 72
159077 70
92439 70
6812 36
3156 52
802 65
118354 70
134130 72
138036 67
65135 70
52975 67
4368 45
90717 51
45722 66
79259 70
68157 76
4233 36
74458 73
3258 55
1262 79
3949 76
101025 49
69526 46
1831 46
1083 60
1884 73
1476 63
156609 45
3755 59
111659 53
4734 59
161 70
95201 70
135887 64
2598 52
87232 70
4634 73
5334 45
5459 55
146730 70
72694 70
157432 70
132488 70
4558 48
1375 62
6424 70
71518 65
2716 70
94780 52
3593 29
129354 48
158 53
1409 50
6514 70
2881 57
51662 69
90522 59
68554 63
2126 51
122932 70
93510 69
137857 66
125916 10
2953 46
2090 62
1760 21
480 69
58803 68
2109 63
50792 36
46062 28
85510 62
80864 70
112171 63
122900 65
2587 53
1527 69
117529 59
4993 76
92264 56
5247 51
533 54
912 79
26464 70
2249 60
4678 64
103772 63
114601 65
96861 57
420 52
59615 54
2349 79
109372 55
95207 51
348 70
19 50
136020 59
4502 34
91094 61
138208 59
3511 47
79428 67
2643 34
109183 70
2139 69
4212 70
5942 52
96417 58
112852 74
99728 66
89470 66
142448 62
64983 61
2640 66
2046 60
4881 72
3882 53
3744 52
1032 65
116799 64
5 55
4040 50
157407 70
2115 70
1617 77
4367 55
105254 0
3388 46
3760 55
2146 64
2968 71
6281 60
466 53
96448 46
86332 66
64969 64
115170 70
1036 73
3397 66
2474 66
1408 70
155743 70
106920 75
8542 65
120466 61
2051 33
7143 71
7150 53
89087 51
34150 53
2253 43
2973 71
449|8
1917 54
2502 75
4034 72
1222 76
2770 47
762 45
2011 64
2324 77
450|11
3977 60
589 86
110 87
3363 85
3535 82
3948 75
3409 64
1035 88
3568 70
358 58
1259 88
451|7
733 79
593 91
7 65
5 63
494 76
25 79
17 80
452|20
4025 77
2858 100
2617 81
5292 97
1206 105
1676 85
3219 77
47 101
3101 86
163 94
1092 84
1917 74
2126 69
1356 96
552 79
2628 78
1200 100
608 105
2707 83
3273 62
453|20
208 66
858 97
2335 73
4022 83
3618 76
1617 93
3452 69
1357 91
112 72
2671 79
1884 89
1894 59
2294 73
318 99
1614 69
3534 71
2959 96
798 61
5266 71
780 76
454|9
7361 80
2692 76
7116 30
55820 72
6016 79
27773 75
2160 77
2858 75
26131 73
455|12
272 75
432 48
367 63
590 73
253 68
364 76
555 73
252 64
110 77
225 68
588 73
597 67
456|9
1407 76
634 57
135 65
5 68
724 72
780 78
733 84
260 95
706 70
457|10
329 66
3593 31
2692 79
1356 74
223 75
2394 69
2701 45
3608 60
733 71
2094 63
458|12
597 79
185 70
10 78
380 78
95 67
454 80
300 78
595 83
153 64
587 79
150 86
552 71
459|6
79132 91
5618 94
8961 86
48780 89
50872 85
260 91
460|17
89039 70
4886 83
4703 69
3831 77
1441 78
4878 89
3483 68
8970 82
1 85
49272 89
40815 83
85414 77
68237 88
76093 86
47610 80
63082 87
2571 90
461|6
74458 60
2762 59
1036 59
91500 52
3578 60
539 53
462|20
26838 70
89090 70
164655 70
188189 70
1136 76
1219 73
158966 87
1248 84
508 66
1653 73
1674 67
8917 62
8620 0
3424 75
2146 62
7044 73
3814 84
1213 76
82857 70
26131 70
463|7
6377 85
2028 87
4310 64
3753 73
2006 66
1092 70
5995 87
464|20
1370 73
58025 65
63853 48
296 89
2019 90
3527 79
5254 71
7007 72
1101 73
1779 66
377 75
1653 86
55820 81
648 73
33493 75
1610 82
65088 76
74727 0
1617 88
62374 73
465|20
2941 84
2987 82
1200 88
3448 84
5060 87
1299 93
3703 89
3649 56
1625 83
292 74
904 97
3101 76
1754 76
750 99
1256 84
593 94
3732 77
3740 90
3334 90
377 79
466|20
5418 81
30793 67
79091 79
92259 91
5989 83
5459 63
318 94
63082 85
59784 72
5010 82
74458 84
6281 70
5952 86
8529 70
64716 85
68954 85
4993 88
45447 67
81845 87
55247 83
467|22
41 70
58 70
389 70
466 70
527 70
593 70
780 70
1183 70
1233 70
1357 70
1365 70
1408 70
1721 70
2028 70
2125 70
2324 70
2334 70
2384 70
2390 70
2393 70
2394 70
2493 70
468|7
592 68
349 70
1 78
317 64
296 83
32 78
165 70
469|20
3658 70
3832 70
3507 82
3032 78
2736 78
2132 86
1958 77
910 82
1090 79
1485 62
1388 59
2321 70
1234 83
2081 74
1193 83
36 77
2908 75
909 78
2023 72
3255 70
470|16
253 72
318 91
110 82
588 77
282 67
5 60
597 71
32 80
595 75
592 70
500 70
26 78
356 84
357 71
434 62
300 71
471|6
2571 77
8874 77
527 79
1 73
8360 68
7147 73
472|6
58559 91
3450 72
3298 81
2840 59
1221 90
858 92
473|8
4979 74
2959 84
60 62
7147 76
6281 64
3897 78
48322 76
2596 71
474|422
638 70
2179 70
2697 70
4046 70
5114 70
5311 70
5353 70
5455 70
5601 70
6201 70
6273 70
6382 70
6407 70
6592 70
6912 70
7702 70
7826 70
7832 70
7839 70
8057 70
8446 70
8458 70
8459 70
8611 70
8650 70
8774 70
8938 70
1466 71
6708 69
2940 75
2616 61
2334 57
7139 75
4218 70
371 67
750 85
2935 72
8645 75
5481 55
6370 82
25865 70
2553 67
912 81
2467 74
5548 65
7301 81
52967 72
5945 64
480 71
1983 43
3462 71
1068 70
8600 0
6650 76
8482 70
6791 84
4016 73
1784 71
3668 72
3977 52
8961 74
4160 84
30820 64
6984 70
2750 60
5034 52
7716 70
2612 70
4419 89
1300 77
4187 79
1187 73
6565 74
272 74
5440 70
25937 63
1099 71
3125 70
5826 70
5649 70
7256 76
4912 80
6016 80
1208 81
2083 74
3385 63
2310 67
3360 70
3163 83
1413 71
4081 36
1643 76
968 73
2116 62
26965 72
5954 75
1263 76
5116 70
3536 65
8778 0
63433 63
2952 70
318 84
3394 52
1200 76
3384 82
4356 80
932 81
7698 73
516 66
4873 73
48385 64
39869 80
1902 70
2641 60
7036 53
2181 70
4638 56
31116 74
2455 67
2146 66
628 69
3897 77
1030 53
4022 70
344 57
3196 79
92 43
237 62
6770 67
3259 61
3368 62
26151 69
1293 72
34072 69
3044 73
1639 71
5944 59
6539 74
477 65
7361 82
55687 70
58 77
4014 70
3467 72
8154 82
4191 61
2134 63
4644 76
4293 58
5013 74
1399 61
1196 80
2918 74
5899 74
4465 67
100 54
361 60
3341 81
8921 70
195 59
3789 70
4709 62
1588 61
3468 80
4678 66
2723 64
2118 73
1939 83
7019 47
3147 78
1792 61
33903 77
1682 73
41566 67
1693 65
1957 75
5021 67
2313 74
3870 70
948 76
47099 75
3447 0
6614 62
216 66
5619 68
3987 46
5060 75
3111 84
45950 70
32584 60
5525 70
2567 56
5956 71
7 57
1172 82
3217 65
8331 70
587 67
5238 0
1189 76
2416 64
832 65
3095 78
7386 73
1223 84
7058 70
5246 34
5418 73
27803 80
26 72
4002 72
1135 62
45 63
6945 76
2411 53
2520 70
7347 62
5375 70
5673 73
3039 71
7833 70
33781 61
720 82
2103 52
33154 77
608 80
1327 51
101 77
7061 70
5451 58
5682 58
5434 72
6609 70
31658 77
4578 35
2009 66
4704 70
7572 70
4929 46
3306 73
6334 62
5379 81
5437 61
42418 65
4128 70
7451 73
2786 31
2243 66
27846 76
6197 61
3264 50
3608 59
5603 74
6124 60
1222 80
1663 72
3566 51
3755 60
2628 59
4815 55
2089 66
7102 50
27706 65
7013 76
1348 66
45666 47
5755 38
4055 78
2058 66
4462 18
1544 55
2405 59
4998 70
273 54
1977 50
1732 79
7822 70
7073 70
41527 70
4787 70
1676 64
3708 60
6669 68
317 61
25940 70
971 82
7366 59
3115 76
7026 51
2710 54
50685 71
2114 74
3809 66
3516 62
2770 49
535 65
4878 78
5992 77
41997 71
1083 62
4487 63
7293 69
1016 72
2006 59
1007 59
4993 79
3412 70
5007 70
3929 53
6639 58
8712 70
1876 56
3546 70
34359 70
7579 49
7325 67
6837 70
2634 51
7753 65
8943 19
8385 70
4308 70
3246 78
3745 66
1148 80
42002 59
50740 74
3952 60
1927 80
7581 62
910 79
3948 66
54881 77
1284 84
4007 71
5341 68
3675 81
52975 68
6244 68
965 76
454 68
1247 78
7215 66
1282 74
8207 83
6242 65
6502 77
4509 66
3528 71
2391 71
4262 74
4039 61
42018 10
3271 73
976 70
48394 72
5384 70
5168 70
1358 71
6534 53
8773 70
2384 54
48780 76
1269 76
4600 70
2642 46
111 79
933 82
3578 75
5297 38
944 73
6020 70
2123 50
748 59
4896 73
5380 76
53953 59
3712 56
25996 70
1997 75
4464 76
4085 66
51540 72
2707 63
2069 75
6710 74
1488 62
6378 71
928 78
3038 80
7116 30
44511 70
594 71
1962 72
421 57
4316 30
2761 78
4823 60
892 72
1345 65
5294 73
1408 73
6579 74
3272 63
3421 72
3844 70
6787 78
37736 73
2249 62
1610 73
2468 54
3498 73
4902 72
6268 70
5225 75
5404 88
929 70
25999 70
7835 70
805 69
4126 68
475|20
6539 95
4993 101
87232 93
40815 94
5816 90
8644 82
81564 90
4701 80
81834 99
6564 65
68791 84
111759 96
7153 102
1527 92
71530 71
4896 93
106487 89
112852 99
3578 97
82461 80
476|14
594 80
34 79
380 74
158 61
153 61
586 65
440 76
364 85
378 68
357 75
224 77
165 75
296 89
11 79
477|20
34 78
913 89
3100 83
2105 71
1271 77
1207 88
70687 21
2174 77
45672 66
4571 77
3973 49
4226 88
1103 87
5291 79
348 80
3593 34
1 82
1274 83
6502 85
59615 62
478|5
1917 48
3114 62
594 60
1584 59
1101 55
479|20
5365 70
4488 69
524 69
1025 73
3707 54
1220 76
4010 62
3244 70
3526 71
4092 0
1968 76
4700 66
4003 67
3671 76
2671 70
341 70
2012 68
2542 80
454 70
2384 56
480|20
43914 70
2700 71
8533 69
2193 67
2797 70
3484 52
2571 77
1210 77
2596 68
8866 54
47610 69
6306 73
5379 79
2018 66
7153 78
3911 69
44191 74
38061 78
5673 71
380 65
481|7
1608 55
1687 49
1629 48
1729 58
1620 51
1597 51
1485 50
482|20
2068 82
8985 59
1036 82
474 76
1042 66
4389 58
780 71
27706 71
3211 78
1610 80
4367 62
1374 80
1220 81
1602 48
653 65
592 71
30812 75
4862 49
8361 65
8529 69
483|20
105325 70
783 68
2541 70
2959 89
109971 70
45722 75
1199 87
50872 79
2000 76
4306 80
69757 76
2683 65
2273 68
1588 65
109487 81
66934 80
1721 71
2328 59
68522 70
8972 67
484|20
93320 70
1438 58
6155 76
6944 77
2706 76
33166 85
6874 89
3697 66
1059 83
76293 68
919 83
2762 85
1821 60
837 74
5810 76
1753 81
3254 74
4718 64
2413 76
3646 44
485|5
588 85
161 85
253 80
292 75
231 67
486|12
653 72
47 92
110 92
153 66
474 84
95 69
288 77
329 78
161 87
318 102
292 76
6 91
487|12
27611 63
8961 60
318 69
1198 65
31658 62
1197 66
6539 60
5445 58
116797 62
4027 60
8874 63
86377 65
488|20
720 84
838 76
608 81
1223 86
26 74
5135 74
2109 67
7720 59
7303 81
4014 72
5995 81
457 77
105 64
1136 83
272 76
1269 77
3176 70
1278 81
1125 71
910 80
489|20
79536 70
86000 70
4848 72
736 56
8387 17
4700 59
45666 44
4720 67
2683 57
2021 63
2389 35
1619 64
950 69
58559 76
2236 55
2167 58
1616 57
247 74
376 58
2717 53
490|20
46578 69
89492 66
81591 63
91077 72
60074 53
5816 63
4144 70
54001 67
1 67
1784 64
7153 72
4993 72
89759 85
86320 57
60128 59
76251 63
8368 69
69122 66
2006 54
78499 71
491|13
106782 96
69757 88
7293 85
27808 76
4246 88
3948 81
104374 95
86833 90
140110 84
8529 78
180231 70
4306 92
88405 74
492|20
736 77
784 71
628 87
858 105
852 78
64 58
990 75
830 71
743 59
62 85
52 86
1499 48
66 52
1210 100
881 51
1474 49
1405 76
724 76
1047 78
65 61
493|13
2985 62
4444 62
2916 68
1275 71
2571 75
1527 69
2028 75
3793 68
2167 60
1215 75
4701 60
2924 81
260 75
494|5
1196 90
4498 70
3578 85
2028 89
1210 89
495|20
140523 70
115149 84
1259 90
1721 78
136562 67
80489 87
19 62
50872 85
231 67
102123 76
52319 83
7254 81
7360 82
8528 83
1645 78
46578 89
30810 81
2918 86
148626 90
56775 73
496|6
1221 75
99149 64
858 76
904 77
8865 52
114713 0
497|11
1193 72
112556 67
112290 68
1916 62
92259 75
2329 73
112552 70
1258 72
2762 67
5349 63
111362 67
498|7
344 68
231 68
648 78
10 79
300 79
356 93
316 74
499|6
1202 78
2337 67
38304 76
327 64
56286 73
1304 84
500|18
2599 67
2987 64
543 58
2700 66
2542 71
1265 70
2916 65
356 72
3301 62
1784 65
1914 68
595 64
2355 64
3536 59
1885 56
322 63
838 68
720 75
501|9
6 74
62 65
93 55
45 62
3 60
637 55
11 69
18 69
662 61
502|7
7236 75
1077 77
4412 22
3469 70
2001 65
2520 70
1777 69
503|19
7455 70
7361 78
4878 74
356 75
91500 63
593 77
527 77
858 79
4226 77
1259 74
1342 55
2877 64
92509 61
90866 69
500 62
441 72
48516 77
2858 73
48394 69
504|18
4995 83
5812 82
2321 72
1 80
3556 74
7153 86
6708 74
1288 85
6927 70
4033 80
4700 69
6565 80
342 74
3408 73
6879 72
4361 73
5952 84
5955 74
505|7
1241 83
4105 84
1029 73
74685 86
273 62
6502 87
54999 75
506|9
59258 64
54272 68
37741 72
56782 81
62293 73
51834 58
49286 63
112556 71
61024 68
507|5
165 65
266 63
253 65
377 65
593 77
508|5
2872 41
2011 39
1952 45
1175 45
898 49
509|20
26958 70
130073 70
2028 76
87232 70
33830 72
5313 44
48 59
2090 61
2080 65
6942 70
8907 47
6156 58
5816 67
39 61
3988 55
6807 75
7458 63
1196 77
45447 58
616 66
510|20
1882 33
7026 41
35836 55
494 54
1198 64
514 55
457 60
2935 58
858 67
2699 44
317 49
8949 59
2918 59
145 48
1262 66
6787 63
1208 65
372 45
1242 63
40819 61
511|11
2959 95
53953 69
115149 83
164179 86
6534 62
99114 88
92259 95
318 98
2324 93
1653 89
56757 83
512|10
480 77
150 79
349 72
47 82
350 70
442 63
457 81
50 88
317 66
593 86
513|7
5952 82
318 89
2174 73
235 71
1304 81
1220 78
1080 80
514|20
1335 70
5704 70
62586 70
168358 70
180263 70
1704 80
2005 73
2792 66
2013 64
1673 80
134130 76
76093 77
1333 73
58998 72
68157 80
2406 68
3210 70
54503 78
4855 76
1644 44
515|6
33794 95
2028 100
527 103
91529 98
58559 104
2959 105
516|26
260 70
457 70
480 70
647 70
708 70
1042 70
1090 70
1197 70
1198 70
1954 70
1958 70
2021 70
2259 70
2268 70
3052 70
3471 70
4027 70
4291 70
4306 70
4321 70
4322 70
4333 70
4337 70
4349 70
4361 70
4429 70
517|20
4306 53
53125 47
1265 55
165489 70
97938 52
88744 49
86880 47
4148 41
26761 70
3398 49
1293 51
3988 40
2858 54
4963 52
1204 58
1704 56
47629 52
7669 59
1206 56
46578 54
518|5
3101 68
2657 66
783 66
1876 59
6365 67
519|6
1704 97
356 97
140110 84
6378 88
7445 85
1968 91
520|20
7266 70
318 96
1049 76
59315 81
4995 86
32 85
2716 82
4333 66
1291 88
1732 88
4085 74
2723 72
3081 75
3994 78
33493 76
135 61
2393 69
60516 50
2406 75
1584 79
521|8
661 71
112 69
86 80
104 72
58 86
79 59
52 75
852 68
522|20
99114 80
81932 77
89492 76
63113 69
2959 85
1193 82
1375 66
4993 82
223 77
27611 81
76060 68
180 68
59315 75
1617 82
10 69
67255 80
2023 71
6187 79
318 88
127098 85
523|15
168252 100
8970 91
5989 95
318 108
91529 98
1721 84
293 97
65261 100
4270 74
3147 100
27731 85
134130 95
31696 81
527 102
101962 86
524|20
1356 74
150 74
552 61
748 60
344 58
442 59
253 69
1225 83
20 51
589 77
1242 80
544 54
173 52
1302 70
380 68
457 76
1020 64
788 54
193 49
466 56
525|20
120807 70
317 62
6863 67
8622 70
33004 68
7147 75
2396 74
40815 74
137337 78
1639 72
1968 74
91869 70
45880 71
2100 61
339 66
4886 74
50872 74
86332 70
8983 71
3996 76
526|12
593 87
55247 82
46578 83
176415 70
1295 73
90430 83
4014 76
2352 81
176413 70
215 83
81845 85
51255 85
527|20
2137 80
3114 87
3210 81
3016 73
2161 81
4571 83
2118 87
3421 86
455 57
2867 78
2450 46
1909 78
1214 89
4299 73
736 72
2477 78
588 86
4016 87
1259 92
2533 70
528|15
4886 71
2278 65
80906 77
4037 72
1240 73
64614 74
3821 44
150 71
1291 76
80463 74
593 78
99813 75
85342 75
48516 79
58559 79
529|5
653 58
135 53
65 47
62 65
733 68
530|6
292 71
500 73
300 75
586 65
593 90
11 79
531|5
593 93
590 84
919 84
480 83
1215 91
532|10
1721 77
4863 87
457 87
290 90
1245 94
1242 90
2023 79
2329 93
1304 89
517 70
533|8
1200 93
6502 94
79132 96
46578 94
93840 90
4973 100
2455 82
66934 91
534|20
116724 70
97913 82
94953 75
2003 78
2167 72
7569 83
153 63
1485 69
65514 82
104218 86
344 66
2571 91
5445 83
95875 69
112818 81
82461 72
96610 82
2987 82
138036 80
1566 78
535|6
2571 71
2581 53
2700 65
2688 54
2583 72
2882 36
536|8
232 75
272 72
356 76
335 70
225 65
150 71
434 56
589 73
537|10
80906 89
367 70
7153 90
53322 74
104218 83
97304 85
6539 83
318 96
89745 85
105504 85
538|8
595 84
3671 88
80549 87
4039 73
69757 85
5047 74
44889 70
66934 88
539|8
4306 80
6753 72
5218 74
50872 78
88 63
3301 72
4886 78
69122 77
540|9
2598 62
2959 95
1073 85
8874 91
1681 52
2183 80
2841 78
2747 68
1196 93
541|18
590 75
457 78
413 55
15 57
110 79
595 73
597 69
480 74
356 81
203 66
529 77
357 69
22 66
345 73
546 42
586 60
281 75
350 67
542|20
6539 73
30793 60
5299 60
2542 77
34319 64
33679 62
4963 73
5481 55
1997 74
4025 58
3623 54
924 75
4369 60
6378 70
2571 78
7254 68
41566 66
37733 68
7361 80
45517 65
543|16
73881 91
1702 71
595 89
3301 86
231 72
2378 73
2379 57
86882 89
6377 97
588 91
377 85
48385 81
2571 99
4526 66
4388 61
92259 104
544|22
1 70
3 70
14 70
32 70
40 70
62 70
68 70
95 70
116 70
619 70
626 70
648 70
650 70
694 70
736 70
780 70
839 70
1042 70
1047 70
1059 70
1105 70
1356 70
545|5
1438 54
1267 85
2763 77
1367 63
44 57
546|13
1270 86
3328 89
480 79
1970 59
2456 52
1976 45
589 84
2657 70
1673 87
3941 70
3959 74
3566 56
1977 55
547|5
1211 82
2859 87
2917 86
1394 85
1288 88
548|26
69 70
260 70
356 70
733 70
1196 70
1393 70
1477 70
1621 70
2571 70
2716 70
3263 70
3578 70
3916 70
4776 70
4899 70
5955 70
6874 70
7458 70
8531 70
49910 70
58559 70
74532 70
80862 70
122904 70
125916 70
168712 70
549|5
2571 81
2028 81
4226 82
1210 81
589 78
550|6
167296 70
102125 77
106782 89
116797 87
112852 88
122882 84
551|20
5010 76
34162 68
60069 79
1544 56
45186 71
103772 67
51935 75
4226 82
2353 67
7153 82
5989 77
135569 68
115149 74
88129 72
134130 77
6934 66
47 79
4701 64
2959 85
98809 73
552|20
2916 67
3317 70
1405 56
2953 45
2245 57
2944 70
2890 65
2125 66
508 66
3948 62
5349 65
2959 78
2857 58
173 48
2991 66
2871 71
2628 56
4308 66
4878 73
3101 61
553|17
55765 89
3481 87
1923 82
2571 93
4011 94
50 96
3949 93
1089 96
44199 85
5513 70
2231 89
2395 80
3052 83
61257 70
1221 95
33166 87
2959 97
554|18
1196 94
1022 80
2820 70
1207 94
1517 81
1282 88
1210 93
1760 26
2282 79
1225 97
907 70
1358 84
2096 77
1028 90
593 95
608 94
953 93
2324 96
555|20
790 70
3664 70
1 83
3111 94
3395 70
104 72
1334 74
2506 68
2072 65
4002 80
1266 89
2641 66
2256 65
2791 83
2701 49
1333 79
1320 68
337 77
1393 77
3526 77
556|7
162600 79
122890 72
3081 79
88125 90
588 86
72998 83
74789 67
557|6
648 69
231 60
1291 82
260 82
1210 82
150 76
558|12
5329 70
5064 84
4903 75
2297 72
2568 64
4993 89
4306 85
367 70
5283 66
1097 81
4164 81
5294 83
559|20
552 62
608 82
355 46
329 67
544 55
1527 74
173 53
377 70
745 79
174 55
529 77
350 67
349 69
533 58
836 56
1210 82
420 56
786 61
227 54
253 70
560|20
5839 70
91535 60
136018 49
67997 85
79132 80
3253 69
142558 70
2355 71
39435 64
1527 73
40414 77
64614 77
48744 75
56587 68
593 81
76251 71
84944 72
109313 70
5878 79
40819 77
561|20
168174 70
5308 59
78469 60
3703 76
60069 76
91535 59
2105 64
73017 73
5445 71
2000 71
83134 73
79132 78
79592 61
80463 76
89745 74
527 80
8972 63
353 74
33162 67
68157 78
562|20
27140 70
6870 83
6377 88
2580 87
1249 92
4776 83
36529 80
1259 89
1982 82
2268 84
2133 78
83134 84
3210 79
48394 83
30707 88
33836 50
2692 89
88163 87
99191 70
1240 86
563|20
61071 70
70932 70
80858 70
919 74
74450 61
588 74
5943 52
118997 56
86833 75
1197 83
128832 70
85397 66
45221 40
33499 53
7380 69
96821 77
81784 61
95307 48
65585 66
55250 46
564|20
50942 70
356 82
31685 63
131013 64
61024 75
79224 53
87869 72
500 68
108156 64
81784 62
93270 48
6188 69
106918 79
65230 66
67087 70
80693 70
94677 67
8984 70
73266 62
2671 71
565|6
590 75
231 59
19 54
21 68
50 84
539 68
566|15
648 68
10 69
231 59
329 67
342 71
141 69
203 66
345 73
39 65
497 78
265 76
588 75
708 67
353 76
2 68
567|20
8189 70
26743 70
92681 70
109897 70
152071 70
5690 57
136602 49
122888 70
6333 51
1274 56
122922 53
153070 70
151687 70
117877 70
108928 42
954 60
122924 46
27773 55
648 48
135887 48
568|23
50 70
147 70
296 70
356 70
480 70
593 70
765 70
1103 70
1104 70
1257 70
1298 70
1895 70
2313 70
2359 70
2863 70
3053 70
3148 70
3261 70
3363 70
8169 70
46723 70
63853 70
65088 70
569|5
231 71
50 101
380 82
588 90
592 81
570|20
208 54
8636 69
48516 78
1225 78
586 56
2683 58
457 72
1196 76
110 73
4993 76
7361 78
1198 77
1079 74
10 64
3793 68
1391 58
589 72
380 64
527 77
185 57
571|20
1331 70
2982 70
2366 64
1128 50
610 62
2902 49
1998 27
3696 64
1980 70
1987 70
70 61
1924 53
2279 42
1327 47
3732 61
1972 56
1278 73
1644 39
2327 80
1978 36
572|20
1961 84
2570 64
2788 90
2321 76
111 91
904 95
2987 80
2302 71
1834 87
2539 67
2917 87
1307 84
1 85
161 82
3421 83
838 85
1356 83
2006 68
3167 75
1953 86
573|20
89745 91
72998 85
3752 74
356 95
7293 84
6754 80
8665 87
32587 88
1073 89
88744 85
1127 83
68954 93
98809 86
2640 83
48516 98
71535 89
59369 84
60069 93
88140 83
1562 54
574|23
47 70
110 70
150 70
153 70
161 70
185 70
225 70
231 70
292 70
296 70
300 70
316 70
318 70
329 70
339 70
344 70
380 70
410 70
434 70
588 70
592 70
593 70
595 70
575|8
2566 56
2580 82
296 86
2581 63
2572 74
2542 84
2574 42
2598 57
576|5
849 48
1321 55
1373 45
1479 54
2289 65
577|20
2415 70
1183 70
1288 79
1129 68
2944 74
2194 75
733 69
1213 81
2076 74
2020 78
1262 81
1931 78
1391 60
2987 70
952 71
1909 66
260 78
919 72
2248 74
1270 77
578|6
6751 70
52668 87
45668 80
830 69
72407 68
75446 70
579|15
3174 80
2485 66
1022 79
2018 79
838 88
1917 66
1391 71
596 78
1573 78
2965 70
1653 91
2599 86
892 85
2687 76
595 83
580|20
5767 70
6583 70
480 72
8844 70
6989 68
3809 66
41569 64
3699 65
4041 69
33166 75
356 79
508 71
8376 69
3578 76
608 80
3785 59
3089 85
1320 61
54286 72
1201 82
581|8
7153 91
5995 89
4973 93
116797 87
3949 89
4306 85
109487 85
6377 87
582|12
91529 86
2959 91
116797 85
4993 88
5618 89
2571 87
76251 77
69844 80
104841 76
48516 90
97752 77
76093 84
583|12
8533 71
88405 60
2706 67
117590 71
317 62
60756 68
6942 73
595 70
46578 76
104 64
2694 62
7451 73
584|17
288 79
22 80
203 80
315 74
500 81
316 78
539 83
234 60
296 100
257 82
434 72
586 73
338 67
349 84
282 78
480 89
590 91
585|13
3173 69
1228 93
54503 87
2959 94
428 80
1405 68
7254 79
441 86
1805 68
296 91
27373 70
5325 80
79132 89
586|20
34332 70
4016 91
111659 68
106002 76
149406 79
167036 98
45499 81
136556 70
5445 89
117851 77
1291 97
71264 88
106489 78
135436 74
3753 82
2640 85
3147 98
122916 95
3793 88
101362 62
587|20
1234 90
628 78
2012 74
534 81
2002 65
1641 82
236 74
1376 76
2622 73
1541 61
3260 88
497 85
3082 71
445 66
3448 81
2574 44
765 67
691 66
329 73
3406 72
588|12
50 76
16 70
20 47
356 74
350 61
198 61
593 75
364 71
163 67
253 63
223 69
3 58
589|8
1092 74
318 99
590 85
373 80
586 68
587 79
527 94
337 81
590|20
924 76
8807 69
2371 58
38061 79
81834 76
40815 71
4890 58
903 78
5 55
3624 60
555 71
4047 78
51662 70
2085 63
419 51
595 70
329 64
2376 63
3635 65
2398 75
591|11
2908 70
2706 66
2712 66
2355 69
3615 59
3578 75
2394 67
3798 61
356 78
223 73
2724 53
592|19
514 76
2 74
153 61
415 56
110 86
177 67
420 60
380 75
44 59
788 59
588 81
163 80
204 53
610 75
39 70
419 57
253 76
432 53
240 59
593|20
1196 75
1073 69
1086 74
1617 74
4034 71
41566 63
1197 76
344 53
8368 71
339 62
2959 77
8961 69
5816 65
2797 67
4896 68
588 68
595 66
5952 73
377 64
141 62
594|20
7031 70
2671 88
7115 83
1616 81
5943 67
1188 95
2269 77
1733 113
4902 96
6996 34
780 84
1429 87
6140 91
7046 68
39 82
595 92
799 92
2028 103
8482 70
7169 83
595|5
265 87
50 96
1186 86
1199 96
1966 80
596|20
33649 70
43744 70
182793 70
129397 48
128908 70
1 75
142488 83
122922 75
4310 58
71838 62
4025 59
2501 73
110102 73
149406 65
2774 70
5502 65
8665 73
6537 65
2571 80
345 72
597|20
1799 74
490 68
3040 71
2529 87
2858 89
903 92
3039 83
2000 83
1291 91
357 78
1228 95
1845 94
2411 62
1580 77
1148 93
1198 93
2723 75
485 69
592 76
2692 91
598|5
56367 73
8360 69
593 80
114265 70
103543 41
599|496
26142 70
26567 70
26590 70
26676 70
26854 70
27595 70
34800 70
53450 70
60803 70
69131 70
74696 70
79895 70
84523 70
87960 70
92674 70
98799 70
102735 70
102852 70
104017 70
105020 70
122433 70
157865 70
158874 70
160978 70
161044 70
174727 70
179053 70
1801 58
6035 60
3387 54
33437 56
112 51
5995 66
167706 70
4394 70
836 45
7235 57
8809 60
102749 70
89087 43
42011 38
432 39
471 58
5628 64
1015 50
2 55
2269 49
69 60
3947 52
79091 59
104837 70
4037 61
7587 62
6881 58
1449 62
7225 60
81229 56
68952 65
4728 49
5081 49
33966 70
1779 49
3669 70
87197 70
170297 70
79057 54
95965 70
55207 70
4007 60
1220 62
80831 58
46723 58
71282 61
7757 59
3259 50
92309 56
1376 57
7192 46
4654 41
101423 70
53468 51
62662 70
3174 57
3698 53
2882 33
2359 60
1183 59
2792 53
1095 60
8387 14
53125 54
115713 62
2949 61
2471 41
3 51
1231 64
3861 45
240 44
1480 55
2301 61
1445 38
8045 70
586 49
2942 44
1185 61
4594 70
2474 57
3671 61
3196 65
64839 61
98697 70
2606 43
1777 55
5309 43
7022 64
4873 61
541 67
27311 55
43921 59
67734 51
4240 70
5026 64
168 48
33493 56
4125 15
7354 52
207 56
1094 55
742 48
1609 44
1042 51
3362 62
4553 58
4632 50
2278 55
468 53
122904 63
75416 70
42718 59
4285 45
79274 62
1794 70
45081 50
108192 70
3489 57
3503 63
89804 54
163809 70
577 38
3071 55
1204 68
3981 39
95771 70
45382 61
6548 50
59387 63
166528 62
168492 65
6691 70
605 45
424 15
2991 59
248 49
97950 70
3865 58
1216 58
342 56
35836 56
27772 42
176419 62
151781 70
277 50
6320 15
39381 60
5111 70
4090 56
2450 32
2676 69
2356 43
79702 62
1597 51
410 49
1721 55
3702 55
183301 70
1387 62
2072 48
26729 64
2393 51
4247 38
4591 45
1032 55
3087 50
1895 55
634 39
210 53
2074 66
51575 42
3505 61
5247 43
481 51
4215 34
1355 0
2657 53
2028 65
4011 66
420 44
552 49
1196 66
2395 56
5303 53
1752 40
3186 57
4310 47
1784 59
3200 68
7254 58
688 43
473 31
1079 64
1552 48
1148 66
1544 46
63113 55
2325 50
26649 61
6804 70
161 59
4109 48
34332 47
1653 64
4808 37
7707 70
3468 66
502 38
1221 66
1792 51
68319 47
6787 65
2119 25
3884 22
4254 38
3973 36
103609 70
8934 70
5377 64
42632 64
55290 62
4506 54
7840 57
5568 45
1689 40
7005 70
103228 57
59947 70
786 49
4351 55
172253 70
4679 51
1411 65
117630 70
1590 48
112623 55
3146 39
8984 55
1920 50
519 37
179817 67
3979 41
3741 60
44020 43
26630 70
7285 61
3030 65
1021 39
8638 59
87 49
7153 67
2877 56
2018 56
3173 50
5198 70
7101 43
7701 29
3213 65
26159 0
2339 70
33896 63
2000 59
4006 55
136562 47
37382 50
6645 67
171763 67
8528 59
27008 70
4017 57
4167 51
86142 64
1249 65
3255 56
736 50
2779 52
84414 61
27773 63
2083 62
98499 44
4034 63
119828 70
1993 38
94864 53
6631 24
2321 56
26242 53
3703 63
41566 56
2529 62
1968 62
8914 57
3257 47
159403 70
1036 62
76093 63
5103 55
6947 60
1952 66
2124 53
4084 46
6016 66
778 65
81 50
2171 56
1253 61
4275 55
7982 42
3723 60
849 48
2681 52
6565 62
39414 49
122916 64
6440 64
8917 55
72011 59
1605 47
1240 62
923 64
68157 65
5961 70
5053 70
3571 59
2403 58
3871 71
44238 70
72226 68
7004 44
2054 45
62970 50
5159 51
354 58
122924 53
48774 63
1394 63
3763 54
70286 61
1904 62
3969 57
81562 62
102590 70
233 56
4155 52
1031 58
76 50
459 39
1097 60
1178 68
60291 59
3328 66
1232 59
3036 57
5283 49
4327 54
610 55
2726 66
4732 35
5970 55
2396 61
594 58
1247 65
45499 54
3476 61
2399 39
137218 70
1997 62
3271 61
27801 63
6365 52
1799 53
580 43
122900 57
2803 51
80219 55
466 46
110882 56
3997 32
26176 70
2378 47
117895 31
26662 67
90603 64
119218 70
44 44
809 42
1960 61
4519 53
1959 58
414 35
1073 61
61236 51
1479 53
4019 59
1245 67
37857 61
161032 70
371 55
3020 60
88593 70
6774 63
2005 59
90405 48
26285 70
6793 35
627 57
1617 66
6734 0
108090 70
2427 51
51024 57
122922 61
3440 33
6874 65
4919 55
338 44
81591 57
1704 66
1499 30
357 56
62155 54
144 52
34148 0
53519 52
4504 70
2796 39
216 55
6827 18
1429 56
7445 56
1385 48
90471 54
8425 70
10 55
26542 51
7387 62
72998 57
89470 57
3629 68
1297 56
3424 67
1672 54
44761 66
196 42
70703 70
2383 33
180 55
4040 44
6333 59
4440 64
5291 59
88235 58
1639 59
4580 8
153236 70
86190 54
4477 32
103027 70
32291 55
34811 70
5171 46
122260 70
8784 62
5954 62
8798 59
707 46
880 42
314 60
61323 57
600|20
3269 51
1394 68
3785 52
2717 51
5569 0
4306 68
1206 72
56775 56
2015 58
7 51
2013 56
262 67
1210 71
1060 64
2431 56
2077 61
2423 63
4641 63
527 73
5076 49
601|20
141846 70
68157 91
1262 95
106782 90
60069 89
49272 91
5445 83
1193 92
1207 92
79132 91
904 97
166024 85
1917 66
7153 93
2324 94
170697 82
31658 90
5989 87
88810 90
2571 91
602|20
161 71
19 52
350 64
494 66
14 67
471 69
125 75
434 57
235 67
481 61
315 59
371 66
474 69
527 80
21 66
349 66
440 67
339 65
480 71
163 71
603|20
602 70
803 70
2008 70
2577 70
3459 70
4787 72
2912 77
1769 56
485 61
4420 70
920 72
1 76
2706 68
1844 80
3787 76
1222 81
190 64
2716 75
3983 81
101 78
604|20
220 70
292 69
151 75
329 71
410 66
426 68
435 51
316 69
22 70
235 74
181 41
332 64
273 60
637 61
285 70
173 56
588 79
23 69
553 79
1 82
605|20
35347 70
6787 78
1197 80
5667 70
42738 58
51662 71
7373 61
596 66
780 64
4571 69
2316 66
7454 52
150 72
60040 61
8977 45
3269 56
72982 70
1210 78
62376 48
60937 47
606|20
263 70
563 70
583 70
3808 70
4671 70
4840 70
5856 70
6111 70
6573 70
8685 70
32728 70
55805 70
3147 83
4392 62
2311 72
6308 47
50842 77
6591 90
8270 73
2025 84
607|20
891 74
1610 80
448 73
3147 86
1094 72
1307 81
592 71
204 52
1552 63
527 88
3476 79
296 87
2313 80
3440 43
423 63
1518 75
2118 80
2193 74
380 73
2028 86
608|20
52245 57
2997 76
3793 70
2763 70
174 52
2000 70
1214 74
919 70
2700 71
4161 62
5146 56
1639 69
541 78
473 37
2529 73
522 70
4343 58
1909 64
2431 61
1220 73
609|8
296 77
833 43
356 75
339 63
454 66
318 81
208 54
292 61
610|20
5953 70
58975 70
70206 70
78626 70
82765 70
97988 70
107447 70
107462 70
110591 70
110746 70
118082 70
139655 70
160341 70
86644 73
56801 55
61024 79
77561 74
4816 75
62434 75
3972 88
