1|20
260 102
1927 106
804 72
3 79
1009 74
2406 85
1587 81
3671 95
2617 76
3053 96
2571 100
1222 100
2137 83
1377 76
2395 86
2761 97
2641 74
2872 91
1258 101
2700 94
2|6
333 73
122882 76
71535 73
46970 63
58559 81
80489 75
3|8
5764 70
647 40
6835 70
5919 38
2851 33
2288 44
5048 30
4518 38
4|20
106 70
1291 77
3408 68
265 72
52 67
4347 71
2467 73
908 80
345 70
1304 78
1923 69
2959 83
368 66
1219 76
4765 76
1199 81
4166 39
1732 77
21 68
2858 78
5|9
515 74
1 78
364 79
608 83
290 81
261 75
34 72
318 87
21 71
6|20
349 78
318 95
775 70
141 77
348 77
104 73
327 63
410 69
165 77
87 65
366 68
17 82
1084 85
222 78
16 85
416 46
277 69
460 62
867 11
316 72
7|20
8528 67
3623 50
8636 68
8360 66
1517 63
466 50
8373 47
1220 68
7155 50
8808 51
6863 60
31878 65
1610 69
1219 72
4700 58
45668 62
8970 66
27741 73
6333 68
8865 51
8|10
356 83
47 80
231 62
318 88
454 73
292 70
32 81
141 70
380 70
252 68
9|10
5451 60
923 79
5890 5
2901 62
922 84
6044 70
1987 70
5378 60
3735 76
5447 58
10|20
597 64
33679 60
8533 66
8969 57
72720 61
88810 73
136020 58
6377 73
5943 49
109374 72
113394 70
61250 49
82167 50
140110 63
5377 70
77841 70
6942 68
1028 71
72330 70
66203 54
11|13
733 79
1584 81
1210 91
170 74
1438 60
648 76
1918 65
493 82
10 77
457 87
1693 76
150 84
1923 80
12|7
2717 73
2100 78
838 96
2072 72
1876 76
2581 76
6942 94
13|7
3717 69
3624 70
3798 68
2174 78
47 87
3893 74
305 59
14|10
344 62
477 68
110 82
540 54
597 70
153 61
592 68
4 46
539 70
105 69
15|20
91529 73
7438 73
111759 72
2329 77
1 72
1909 63
1240 72
115713 72
1200 74
293 74
2571 76
3949 73
120466 64
1198 78
2028 75
2011 65
158 52
160980 64
4306 72
4022 68
16|20
1230 74
78499 76
913 75
1136 77
1299 73
1617 76
1203 77
3429 79
2858 74
608 76
3683 76
4002 68
1199 78
912 78
2707 64
5782 71
1260 69
319 67
27773 73
2109 63
17|20
260 88
64839 82
296 89
5952 86
527 89
1193 88
3681 87
1240 82
2717 62
2858 85
1093 72
81932 81
5618 88
50 89
5971 86
2959 92
1201 89
541 87
82459 83
1 82
18|20
8117 70
65596 70
88094 70
145283 70
157110 70
166015 70
171023 70
103253 63
60684 78
44199 77
2 70
86628 68
59784 72
2918 78
109374 82
4226 85
53129 89
139385 79
47 81
1291 84
19|20
3692 70
3662 46
54 37
2733 38
1702 46
1240 63
1270 64
3712 5
1881 51
216 56
3 52
1834 65
2184 50
3017 56
2044 5
2354 42
2005 60
3146 39
3387 43
2694 52
20|20
1566 74
5419 66
4014 79
2140 78
586 66
661 71
3189 76
5014 83
1333 81
4161 70
3784 64
1030 53
5313 53
2804 84
2054 59
34 77
1097 81
6358 70
4519 70
1722 65
21|20
107013 70
117922 70
140301 70
57640 74
2985 65
2990 62
2717 57
5418 72
31433 58
112175 74
7153 80
30793 61
4446 64
52973 71
45186 68
2023 67
79185 63
1721 66
102125 69
5459 58
22|20
8961 54
2723 47
60950 48
64575 49
1193 58
70286 55
4993 57
2160 58
39183 49
7147 54
3996 54
3481 52
55765 54
48780 55
7361 59
51540 53
6711 58
2968 54
3949 55
48394 52
23|20
6234 70
3996 71
293 73
1206 75
1136 76
1960 69
7587 70
3424 74
3181 79
2467 70
1248 82
1617 75
6807 72
1952 74
6440 72
1258 75
1243 76
1080 72
8228 69
1711 58
24|20
1784 71
2617 61
111759 76
134853 75
58998 73
1265 75
1198 82
3147 80
1197 83
1220 74
2424 62
5418 73
72011 71
54286 72
27773 77
64957 68
356 80
44191 76
1682 73
68358 76
25|6
58559 100
60069 97
74458 97
79132 99
527 102
260 101
26|21
10 70
34 70
47 70
150 70
153 70
165 70
185 70
208 70
225 70
288 70
296 70
300 70
344 70
349 70
356 70
380 70
434 70
454 70
457 70
592 70
593 70
27|20
1196 83
2478 62
2640 75
3508 86
3555 69
1201 85
3519 65
969 80
2080 68
673 58
2886 19
2529 78
1387 81
1101 69
1947 74
1250 84
1276 85
3114 76
1083 63
3809 69
28|20
27450 70
60943 70
61011 70
63033 70
5617 66
59369 60
60046 70
507 53
3300 59
55094 57
59018 70
26695 70
2951 66
3006 62
2231 64
5418 62
26812 49
2058 56
353 62
61167 70
29|17
98961 84
7379 70
1250 89
1201 90
111362 81
48516 89
1100 56
26554 75
3441 70
4327 78
2872 78
2301 79
1617 87
3681 87
55820 83
4223 77
99114 84
30|7
5952 99
108932 91
1200 97
91529 96
116823 90
112852 97
1198 102
31|10
1198 89
1200 85
648 73
1363 65
1073 81
1036 83
1197 90
377 75
1246 84
1270 84
32|20
236 69
314 80
1356 79
357 75
224 75
627 79
1079 84
1084 85
318 92
761 56
1197 89
849 62
912 89
880 58
1198 88
58 86
203 72
608 87
497 80
410 66
33|20
110 84
17 79
2396 79
2272 5
448 76
428 78
265 78
1280 90
1177 88
1617 86
50 88
261 78
11 78
452 54
345 76
608 87
150 79
1188 73
800 83
2690 80
34|18
780 64
2273 61
3717 60
26606 64
45499 63
3996 73
4310 56
3624 60
31685 60
1721 64
5146 60
7090 76
70 66
2006 58
3000 79
4306 73
27728 32
3997 41
35|5
11 90
185 74
595 89
21 84
300 82
36|12
5171 43
3066 61
552 46
4025 44
1262 60
2735 41
2359 53
1372 49
1278 60
2194 57
3347 63
1704 59
37|5
344 69
356 92
661 74
329 73
457 88
38|16
434 56
39 61
223 69
161 67
246 78
168 57
273 53
480 68
356 74
457 72
364 72
50 77
500 61
300 63
551 63
21 64
39|20
2571 86
2391 79
1921 84
1862 43
1219 84
1907 78
2081 77
2459 70
924 83
2529 82
1729 76
47 84
260 87
2080 70
592 71
296 88
3213 83
610 76
589 82
596 73
40|20
440 79
454 80
588 85
339 76
158 62
432 58
431 83
186 62
616 82
514 79
21 80
592 76
1 88
223 86
585 61
216 79
104 76
371 79
111 92
267 67
41|20
96829 72
64839 68
122882 68
6287 53
1569 60
106920 69
86781 79
3160 66
1721 60
2028 71
6763 38
5418 66
53519 56
122904 67
55247 69
924 69
4011 72
2324 73
35836 61
5995 71
42|20
3869 80
4654 64
1021 55
2423 77
3248 44
4477 44
2500 45
1431 57
195 69
3326 75
2407 70
1090 86
2735 61
3693 55
1020 71
4545 72
4132 55
2263 58
3535 83
2805 64
43|20
225 94
296 114
596 95
588 102
587 96
420 74
158 75
631 80
5 83
597 96
168 85
355 61
47 109
367 87
519 63
594 98
236 89
1 106
60 91
259 78
44|10
36 80
663 77
12 51
661 69
94 78
1 81
104 71
112 69
494 75
889 70
45|20
2718 76
1036 88
2028 92
1653 91
1682 85
2396 86
3249 72
261 85
4308 81
329 74
1367 67
2890 82
593 95
1127 82
2431 78
6377 91
569 67
1197 96
1060 84
2858 91
46|9
590 87
588 84
315 65
208 66
1 87
432 60
225 79
434 70
339 78
47|20
508 62
68932 54
72395 64
2420 61
597 59
148626 67
5989 66
96588 65
69122 62
6155 57
4975 59
30749 65
106100 65
45950 61
2028 68
4018 53
1259 68
6373 56
33166 65
2407 54
48|7
4886 87
1320 71
1527 83
1193 94
3793 84
48 71
1653 91
49|5
2028 88
1214 84
139385 83
318 94
527 90
50|20
8143 70
114335 70
136564 70
142074 70
171759 70
175693 70
179073 70
175707 70
71264 58
82848 70
1377 48
44555 64
8157 58
6807 62
95543 52
8253 62
96610 56
924 61
32875 70
4896 59
51|20
7040 70
5620 67
2613 62
4437 90
2023 78
1500 84
522 84
858 96
4508 80
2951 90
1014 83
1407 74
2282 62
2420 82
3388 56
260 94
3186 79
3994 80
3501 54
2371 72
52|20
152081 90
51255 95
74458 95
1923 86
7438 94
40583 84
59784 83
55765 92
112852 95
86892 90
55363 96
112138 86
49272 97
52245 75
69481 95
50794 65
1704 96
54736 88
44665 91
47200 77
53|5
481 82
1100 71
249 108
1125 101
916 116
54|7
296 69
593 69
639 37
1 64
205 52
161 60
500 55
55|5
2407 50
673 44
3275 64
2890 56
4011 64
56|10
786 68
253 81
165 79
110 90
589 87
370 69
434 68
410 70
69 80
185 68
57|20
2140 71
942 86
920 72
3175 69
1784 71
3429 83
933 84
1193 82
3446 31
160 56
1499 37
2640 73
892 72
11 72
2947 74
6 75
2478 60
2291 73
1688 65
2301 73
58|20
588 84
282 72
185 68
419 62
367 71
277 69
48 70
280 85
337 82
345 82
3 73
357 80
527 93
587 78
218 73
500 74
508 83
368 78
364 88
353 84
59|20
1696 45
6460 109
3489 79
1188 78
1222 93
2076 88
3448 83
1263 89
1247 91
527 94
1244 91
904 97
903 92
965 86
2616 69
1953 87
608 93
105 78
912 95
3471 85
60|5
832 65
58559 78
805 69
455 47
858 81
61|8
266 73
1101 72
7438 83
173 57
555 80
2012 73
4878 84
3949 83
62|20
99114 90
176371 83
3793 84
56757 83
73017 85
30793 71
179819 69
68554 74
185135 79
168248 94
5903 88
4878 90
2028 91
5502 74
6058 67
344 69
1721 77
45499 76
41566 77
78105 61
63|20
5669 72
4246 72
48780 77
500 63
6016 81
31658 78
2858 77
64285 77
85414 67
1221 80
106696 71
4963 74
50 81
1097 72
260 80
110 76
1222 79
4979 71
5952 78
77561 67
64|20
5878 86
3101 68
2640 79
2959 91
8784 78
2054 58
4239 79
4025 63
5026 87
40819 82
266 72
2699 61
27266 81
3969 77
1805 61
6296 79
4776 79
3148 80
4262 81
356 86
65|7
1246 83
33660 82
7458 73
2329 87
4993 87
91542 76
3147 86
66|20
593 94
47 89
5418 84
922 94
2139 82
2956 64
3745 77
1956 88
4581 70
5349 80
1210 91
1094 75
2001 72
380 77
6539 86
671 77
1 87
6378 82
7766 93
296 94
67|8
99114 81
4306 80
27193 75
79132 83
60069 81
2012 70
4886 79
4993 84
68|20
47978 70
95218 70
6534 49
48696 66
67267 72
30825 57
1799 63
3556 68
8622 67
4351 63
63113 66
58295 66
7151 67
2413 68
6287 57
653 57
41566 64
5541 57
260 77
48043 64
69|10
4370 80
4848 96
3671 93
2476 92
1193 100
356 98
553 90
4022 88
260 100
3994 85
70|13
1193 91
1097 83
1914 71
1269 86
4995 88
318 95
8949 83
1968 83
1210 89
89492 83
1250 91
1235 91
2366 80
71|7
494 73
647 71
736 65
95 61
733 72
589 80
7 61
72|9
1047 70
150 83
858 93
2490 75
1357 88
260 91
50 92
1198 92
1196 90
73|20
1193 87
45720 77
105037 58
6333 78
59315 78
76293 64
138204 70
2706 72
152081 79
45221 45
68135 70
150 78
8376 68
93510 81
59784 73
116823 77
106072 69
1682 79
52245 66
35836 73
74|20
31522 70
2594 85
2908 86
30749 85
6870 83
3006 83
52281 81
49772 79
55118 93
2997 88
6305 85
608 92
4546 87
41863 88
27773 87
6001 91
1251 96
6552 84
46976 83
44555 91
75|14
5445 66
1240 70
5952 73
2193 62
6870 67
2529 70
168 55
541 74
3176 63
1962 66
2078 68
1889 67
1266 75
1374 68
76|20
48877 51
5956 58
2918 62
58803 59
1247 64
74458 65
7669 70
79132 66
8957 51
858 69
55820 63
1258 67
63436 48
1201 68
1208 69
48 51
288 53
34405 64
1 63
1196 67
77|6
3996 77
4973 84
7361 84
8636 75
3578 79
33794 77
78|13
296 79
165 66
3809 64
589 74
546 40
27904 70
260 78
590 71
480 70
68791 64
344 58
44974 71
380 65
79|13
3266 102
3029 74
589 87
1916 84
307 86
4005 75
260 92
1189 90
1345 78
2000 82
1374 83
2659 70
2076 86
80|20
7445 83
96691 73
84189 70
91630 83
49530 86
8950 91
6539 91
4223 85
5630 80
3527 87
76251 84
80363 61
52604 86
6502 93
34048 76
1221 98
60684 89
6952 67
5989 92
77561 81
81|26
10 70
32 70
47 70
110 70
150 70
153 70
161 70
165 70
208 70
231 70
288 70
296 70
316 70
318 70
329 70
344 70
356 70
364 70
367 70
377 70
380 70
457 70
480 70
588 70
589 70
592 70
82|20
6886 70
2381 51
2378 64
6566 46
368 71
6536 72
3253 74
4310 61
1608 68
1372 68
145 63
356 83
6708 74
1485 63
4369 62
6564 50
6888 43
5803 45
4015 56
364 80
83|20
56367 68
7143 67
7323 65
6539 67
161 64
586 54
2115 64
1270 69
6874 71
2324 73
1537 69
7153 72
68954 69
48774 68
30749 67
8014 75
1222 72
3753 60
1223 76
64983 57
84|20
55 70
987 70
912 87
1096 79
420 55
1227 82
113 56
580 73
5060 81
1293 80
900 74
1097 78
62 72
368 71
1305 75
1247 83
1296 80
11 77
1073 78
1094 69
85|7
1519 70
1624 48
1140 70
1694 51
1643 72
1747 66
1635 77
86|14
4993 87
4310 63
6947 77
2411 59
457 83
5418 79
3996 82
4901 73
1835 72
33794 82
1196 87
3555 72
1097 80
2687 71
87|5
4023 67
2009 75
3504 89
671 75
2139 79
88|12
7312 70
74795 72
4993 90
68157 89
5952 89
1193 91
223 84
8665 82
4262 85
56782 96
8677 46
58559 90
89|104
26645 70
32060 70
44851 70
53280 70
53578 70
67888 70
69211 70
81087 70
84246 70
103602 70
108078 70
109596 70
118894 70
121007 70
128089 70
128944 70
131098 70
131439 70
134847 70
140481 70
146684 70
148632 70
150554 70
164226 70
30793 63
169912 49
87869 71
1923 71
4015 54
950 82
173253 70
2324 83
27826 70
92259 85
11 75
3977 55
86298 59
8154 87
77688 70
2997 79
170837 70
49274 52
157775 70
1 77
142196 70
99117 61
62008 70
72624 70
108156 59
3752 64
2059 60
128520 86
3175 70
133879 70
48649 70
126088 70
5529 49
65588 70
99130 70
40962 57
1732 80
68659 70
91666 70
2683 63
3751 69
750 86
6650 5
149508 70
2395 69
51575 52
65230 64
171751 70
85881 79
139157 70
6863 67
4246 74
108949 65
1230 79
160567 71
73319 65
177185 70
130520 64
5220 54
121338 70
153386 70
50872 75
149566 70
145491 70
4890 62
129354 59
32243 70
84944 73
6402 70
1288 82
140133 70
119141 66
947 88
176621 70
4973 84
158398 70
69469 70
54503 78
141928 70
102481 73
90|11
1137 70
1144 70
581 95
81 70
892 82
1073 85
116 71
896 5
17 84
7 66
613 68
91|20
3013 70
6395 70
8147 70
7153 80
3360 74
2791 75
3897 76
1080 77
4850 53
3429 83
7000 63
2060 66
2916 70
1391 59
2100 60
318 84
2146 68
1225 81
1246 77
8501 69
92|5
2572 84
2114 86
1015 72
2454 76
1801 82
93|20
736 81
1917 75
552 80
1721 87
539 88
480 95
1372 84
368 89
2355 91
1923 91
2193 87
2006 78
339 87
1097 96
1591 71
260 106
2968 97
1676 85
593 107
558 76
94|12
231 55
377 64
367 58
364 71
288 58
19 49
10 63
586 56
590 69
380 63
589 71
318 79
95|20
18 84
4878 90
6979 78
4732 46
3019 90
5246 41
32 90
2952 81
1247 90
1198 95
5283 68
3361 82
1513 66
2009 78
539 78
122 58
1584 83
1240 88
4262 87
5349 81
96|16
527 87
1094 70
272 80
3819 88
150 79
2021 74
2571 85
1214 81
2058 70
1220 78
733 74
2340 64
1721 71
2396 79
367 67
1291 85
97|8
4701 74
4306 89
3578 91
4993 94
4963 88
4299 77
3981 54
4161 75
98|19
81845 84
8961 81
122912 81
5299 66
63992 53
187541 64
56152 76
134853 81
69644 59
6863 70
5618 87
56801 53
3499 82
134130 82
74789 63
82461 67
1258 86
88810 84
79132 86
99|11
318 107
161 90
420 66
592 83
196 65
122 62
145 75
150 94
316 80
236 80
588 92
100|20
497 81
296 90
1393 76
95 64
592 73
605 61
6059 74
28 90
2245 69
62 77
4308 77
1777 75
838 82
2125 79
1288 89
234 52
1197 91
2005 80
4014 80
4623 74
101|13
2580 82
3285 60
2723 69
2700 79
2908 80
2390 87
3175 73
2395 73
358 56
2702 64
3394 56
2997 82
2502 83
102|12
158 54
588 73
150 74
592 66
253 71
480 73
344 60
539 68
553 72
593 81
586 60
223 74
103|20
86014 70
1954 84
60040 68
1968 82
77206 70
2161 77
1732 87
81834 85
608 89
2384 63
4254 46
104 73
139642 50
56782 94
2096 73
101 86
6534 56
374 49
60069 85
30793 68
104|20
4740 70
743 49
5218 74
8643 67
1288 84
47997 72
468 66
76251 73
8533 73
4018 63
38038 78
1566 71
7361 86
6060 47
3034 72
1641 75
4641 73
108190 57
616 73
7034 78
105|20
4788 70
69685 70
95311 70
95313 70
110586 70
141816 70
141818 70
170597 70
172587 70
172793 70
173351 70
173535 70
6433 58
4974 60
70286 87
108981 70
95175 70
69122 81
1243 94
3916 82
106|7
69844 91
72998 85
59501 82
86880 80
5349 85
53125 80
59784 83
107|7
231 68
253 82
590 86
165 80
434 70
208 66
318 98
108|16
800 89
6022 67
4995 90
2585 78
5316 69
4975 78
3978 68
5349 80
2926 79
4246 84
4878 89
4994 79
1968 85
1684 68
497 85
5380 89
109|20
380 64
1033 66
231 57
364 73
589 73
480 69
62 67
31 60
587 65
1032 65
586 58
778 75
540 50
256 53
163 67
252 62
223 71
553 69
537 63
168 58
110|11
26171 12
2468 50
1198 85
1089 85
1222 83
1208 87
4881 80
47 80
527 84
1193 84
2428 54
111|20
100194 70
162602 70
171251 70
2145 68
96588 78
65088 72
66203 60
84772 68
2081 73
91529 80
6365 68
45666 50
3255 70
1282 77
6539 78
86833 75
122882 79
59143 70
86911 64
5283 61
112|13
788 55
161 73
1917 60
16 78
21 70
208 57
434 60
39 66
3717 64
19 54
110 80
32 79
70286 79
113|20
4083 70
39 68
3168 72
932 90
2331 55
3359 82
1086 82
3504 84
1339 71
904 88
3546 70
4063 42
4062 62
1077 78
1589 70
2475 67
3831 78
46 59
1733 88
4007 75
114|7
141718 70
54001 67
2291 64
167732 70
122886 64
8961 66
3147 70
115|20
1580 73
2804 83
1387 85
2792 68
3146 51
3273 55
3052 76
2841 73
2719 46
595 77
2700 81
383 65
2027 42
2148 63
2770 62
3785 62
2916 77
3175 74
588 79
1377 66
116|18
2716 72
858 81
1299 75
62383 57
1339 66
1276 80
597 67
1029 63
1101 65
2797 70
2657 64
1961 73
1407 63
5995 77
1704 77
165 67
2115 69
8360 69
117|20
708 66
587 69
589 76
151 70
36 75
1036 75
595 72
288 62
596 68
48 61
315 56
454 71
353 73
474 71
10 67
60 65
805 70
491 63
616 70
485 59
118|5
1221 79
1625 69
153 55
1961 73
1810 65
119|20
95441 73
117176 89
1092 75
91529 93
74458 93
4387 87
79132 96
168252 96
44022 75
78499 96
122904 89
106782 94
442 71
4993 96
31685 74
6365 78
141004 49
4148 70
88744 85
8644 80
120|5
260 78
32 75
5 57
631 56
52 67
121|12
497 70
440 65
161 68
527 77
292 64
344 57
186 52
316 61
1 71
19 50
163 66
337 67
122|20
27660 88
69784 86
7022 97
148652 72
4816 88
56174 84
94959 94
81591 87
71535 91
30810 86
2997 98
1732 99
108932 91
780 83
1090 97
3253 88
106782 97
72226 101
1200 98
1214 96
123|12
68554 68
115569 84
79132 84
109487 82
1196 84
4226 85
296 86
7153 85
143458 70
47 82
96829 85
2858 83
124|10
56145 81
2161 78
260 90
175 88
1358 82
6377 87
4226 91
3147 89
608 90
1223 94
125|20
5088 70
86721 70
110330 70
54503 82
72011 77
162578 88
119145 82
176371 78
55247 83
1240 82
86332 76
68157 86
112623 81
4082 41
160567 75
3342 75
109487 85
88140 75
98607 70
81562 77
126|8
364 72
349 65
231 56
380 64
410 58
300 63
253 67
457 73
127|5
2915 54
903 62
55276 60
5060 60
272 59
128|7
904 91
965 81
926 89
1066 91
1721 73
1080 84
1198 90
129|20
4370 72
480 80
3698 72
2692 87
2138 87
1968 82
8368 86
653 66
7143 83
316 71
6874 88
239 67
2916 79
733 77
4896 82
2028 88
3977 59
3000 90
1907 80
31658 88
130|6
208 57
316 64
292 69
110 79
590 75
296 81
131|14
2273 57
6947 65
58559 73
908 74
4878 70
89745 69
7256 71
68237 71
2722 50
2028 72
48516 75
3178 63
64614 70
969 71
132|20
6251 70
3275 69
4995 67
2987 59
7444 54
3262 57
4168 59
31658 67
44191 65
1089 69
3967 64
5502 54
50 70
58559 68
5992 63
2108 57
1844 67
2657 56
47 66
2470 53
133|7
454 59
356 66
589 64
150 61
153 47
380 56
527 68
134|7
442 65
595 78
349 74
380 73
367 67
509 75
296 87
135|20
592 71
4084 57
893 62
3994 73
2004 72
608 87
1358 79
3852 71
3489 74
1614 61
1198 88
4128 77
1883 65
2302 68
1291 85
410 65
1261 87
4022 77
4881 83
1077 80
136|20
161 76
193 51
585 57
338 59
277 65
380 72
181 44
337 75
437 51
165 73
611 58
151 75
340 65
252 70
432 55
552 65
350 71
280 78
273 60
150 79
137|20
6787 81
2716 77
1198 85
750 88
919 78
1270 80
318 89
150 76
2997 81
1200 81
6986 70
7153 84
1242 83
110 81
33493 73
1197 86
2959 88
1237 89
903 82
7762 83
138|5
2707 67
1960 73
1959 72
849 57
3996 75
139|20
4025 37
7445 43
60684 47
4865 45
68319 38
7090 49
5502 41
260 50
8371 40
53953 40
58025 38
106782 50
6957 42
7163 36
3827 36
3624 39
52722 38
54259 44
4367 37
115617 47
140|20
5699 70
5299 62
1393 70
356 81
609 63
32596 62
4795 65
34072 69
1617 81
5256 48
5943 53
1084 79
4337 70
3108 74
43396 75
4719 56
1005 47
4321 66
5812 75
4259 72
141|20
5418 72
54503 75
4963 74
2478 60
71535 72
317 61
68954 77
54286 71
6365 64
54272 70
4447 63
5502 63
6377 77
6373 64
1265 74
91529 76
2502 78
441 75
1517 67
48516 81
142|8
434 64
384 68
588 78
50 88
527 87
356 85
337 77
377 74
143|15
1721 63
61250 49
6942 69
7169 66
8533 66
106696 67
3421 69
87232 69
78316 63
69069 66
59421 55
2144 69
96821 72
7173 55
500 61
144|20
589 79
541 83
8368 80
597 71
590 77
410 63
1246 79
527 84
356 83
500 67
19 55
2700 77
434 61
733 72
780 68
1036 78
5377 78
552 64
586 63
2081 74
145|5
344 59
339 65
380 66
318 82
588 71
146|7
7293 66
3257 55
32 73
1367 55
3686 54
410 58
47610 67
147|5
1234 74
168 58
552 59
555 70
2395 65
148|10
88125 73
5618 79
108932 72
81847 74
72998 69
5816 71
8368 76
7153 79
81834 76
4993 79
149|12
1097 61
1374 61
1831 39
1527 59
260 67
173 44
1206 66
1200 65
2021 58
1580 56
1391 50
1375 54
150|6
3 67
1356 77
5 62
95 62
733 73
1073 78
151|12
786 72
562 85
780 79
837 79
747 69
1265 90
828 77
1073 90
1 91
648 80
1393 83
1359 64
152|13
50 85
2959 87
116897 81
89492 77
1193 84
69481 80
85774 73
115713 78
111 82
92259 85
1234 80
79132 82
318 88
153|20
134853 46
1732 48
8533 43
4014 44
81456 39
106782 48
8528 45
6863 40
87194 38
2617 38
1246 47
106100 46
1954 47
7458 41
4226 50
89904 46
72998 43
133780 70
586 37
36535 45
154|7
114662 84
119145 91
81834 93
122904 90
106072 78
76093 92
77561 82
155|10
153 61
3286 38
1200 84
260 88
141 73
2355 75
2384 62
2948 80
432 55
2959 91
156|20
26313 70
31038 70
1230 80
1711 63
3341 82
6296 75
762 51
2361 57
2076 78
4784 57
661 66
2926 71
8571 70
47 79
3176 70
58 81
848 61
866 83
1485 62
923 80
157|5
785 64
3617 60
2720 40
2770 56
527 80
158|6
1093 71
2605 65
2872 78
2723 70
2428 55
66320 70
159|20
2959 80
60069 73
45720 67
597 65
4022 68
89864 67
49286 64
140110 64
84954 58
4447 60
1197 78
68954 73
6942 69
1961 71
106696 68
480 68
539 63
166643 67
40819 72
63082 74
160|20
126 38
1371 53
1198 71
196 45
3408 60
5349 60
3213 67
2408 43
839 51
3593 22
2748 29
533 51
1975 46
1676 57
3745 58
2011 59
733 60
3826 42
778 68
2840 46
161|8
4980 63
7247 76
47610 76
1223 90
38038 80
3429 88
2144 78
2336 79
162|8
150 92
225 83
168 75
50 102
300 83
266 83
31 78
62 87
163|5
1608 58
1810 61
1747 58
1777 61
1837 45
164|8
1036 89
2916 83
110 92
589 90
3527 85
1101 78
1201 97
2167 74
165|13
2353 65
3624 61
110 78
5505 67
5527 70
3256 68
5956 68
5418 72
5530 49
5450 67
1127 70
3409 57
5881 66
166|20
33794 84
1721 74
4011 89
5378 66
3481 81
49530 79
2353 73
47644 64
54272 79
8961 83
1198 91
2542 87
1036 84
608 89
434 65
5219 66
5418 81
2396 82
349 75
2324 90
167|20
33493 68
4886 73
778 76
3052 69
7147 73
6857 74
45501 56
6480 70
1682 71
2231 74
784 53
33794 73
2083 73
2413 68
6333 71
8961 73
2139 70
150 71
6773 73
35836 67
168|19
3730 95
1248 101
1201 95
1089 94
296 94
923 89
1222 92
5291 86
3543 86
1302 80
3362 87
1148 93
3101 72
57669 93
2076 87
1729 81
908 93
85354 62
80463 88
169|20
3536 83
2028 100
364 97
953 98
4886 94
5400 73
8644 83
524 84
2795 90
1022 87
3114 93
3967 96
1517 85
1035 97
8641 91
6365 81
661 81
457 97
3287 70
1416 83
170|10
318 83
296 79
586 59
377 67
34 68
592 64
277 59
500 63
266 65
588 71
171|17
485 74
1220 92
1025 90
801 70
1259 98
1079 97
828 80
317 77
869 84
380 83
1136 101
1225 101
661 80
318 106
47 96
1198 102
1208 105
172|6
3087 63
3578 79
7438 78
2072 57
3793 74
2762 77
173|5
10 66
329 62
586 59
597 67
588 71
174|14
553 77
520 66
224 73
648 72
161 77
317 68
158 59
780 72
315 60
485 63
282 68
440 74
350 72
10 72
175|5
531 71
8911 70
43904 35
38388 74
8362 57
176|8
165 78
434 68
39 73
368 77
380 77
780 76
47 88
471 77
177|20
42002 61
91542 70
6332 46
3668 73
45672 58
783 64
27706 64
2657 66
114662 69
1206 80
83132 78
5218 71
508 72
3114 74
1321 66
2176 76
8798 75
88140 69
2012 67
339 65
178|16
7361 91
527 90
2329 89
5995 88
6502 86
4235 88
1198 91
208 62
6539 83
296 91
349 76
10 75
4226 90
1240 84
2579 82
318 95
179|14
367 70
589 86
161 81
231 67
288 71
743 53
1061 81
317 71
786 68
592 75
671 75
296 91
434 68
364 87
180|5
1261 81
260 80
1748 76
1242 79
2140 70
181|20
157 62
593 77
596 64
353 69
539 64
516 62
132 59
169 41
25 66
31 59
542 49
6 70
707 55
185 58
464 54
502 45
415 50
480 69
592 63
344 57
182|20
4879 70
6969 70
3911 74
2728 75
4313 64
8042 93
1291 82
3113 60
3578 79
1590 60
161 73
4452 48
224 72
4980 61
4262 78
2353 67
2890 73
1127 72
541 83
6041 76
183|12
480 76
380 70
1196 84
2951 81
2534 37
4085 71
1287 80
2194 80
3247 59
1233 85
2662 70
1408 78
184|20
158035 70
181413 70
193565 70
97304 86
74754 59
168250 81
191005 70
106072 73
166291 73
127152 77
86332 78
80463 86
5816 80
122898 63
81845 88
5810 74
170813 60
174479 70
112852 88
148626 87
185|10
1685 70
2396 74
5377 76
1721 67
5952 80
1393 70
595 72
2085 66
4995 79
899 80
186|20
2605 71
1214 90
1291 95
3745 79
1269 91
2527 80
2532 67
4361 88
1307 89
2968 89
4306 90
2541 77
1702 65
480 86
1097 88
3977 63
919 88
3527 86
593 97
1196 95
187|20
26122 70
3949 78
49272 80
231 60
1206 81
6874 80
1729 71
1209 82
48394 74
6502 79
2701 45
4027 77
288 64
2542 80
7153 81
39427 52
6890 76
1222 81
8949 75
1748 78
188|10
2346 76
1212 97
594 85
1282 90
3469 82
2396 89
1091 57
3341 96
1264 97
2206 94
189|5
48516 85
4993 83
79132 82
2959 87
58559 83
190|14
6711 84
4776 77
8784 75
4995 81
5630 69
4306 79
30749 78
1221 85
4975 70
8961 78
858 86
8464 74
69844 77
7438 79
191|17
496 70
21 77
72 69
175 89
494 78
417 86
17 82
6 84
85 85
292 73
314 82
58 88
235 78
213 62
161 78
160 62
162 92
192|5
356 87
288 69
316 70
349 76
432 56
193|7
44555 75
55442 73
4878 72
6016 76
307 71
1270 72
5618 75
194|5
163 71
1396 69
1500 73
1288 81
5060 77
195|20
3424 79
2770 57
1041 87
1653 78
1923 70
3160 73
4723 44
1863 49
2336 73
2166 48
4308 69
1909 66
260 81
2028 79
3252 73
2908 75
1392 66
1365 66
70 68
190 48
196|7
70286 79
3578 81
59315 75
58559 83
364 80
1214 79
110 82
197|7
1513 60
1240 81
1882 44
786 64
2167 67
153 61
1784 76
198|20
3894 70
3499 76
920 71
1213 81
3949 76
1994 69
1485 60
2572 70
4019 73
1089 82
110 79
593 82
4128 71
1270 77
4886 75
1079 78
2117 73
912 82
1573 66
1682 73
199|20
5464 66
2165 62
2280 50
736 59
5673 71
349 65
5502 61
482 73
8532 70
1172 77
300 64
50068 70
4881 73
3175 66
7445 66
2973 75
34338 66
41997 70
1956 73
377 66
200|20
3809 74
7022 86
50802 54
3968 66
2485 63
500 72
5610 46
590 82
1029 72
53996 75
2572 79
4993 89
4041 75
57640 83
1302 78
1784 79
6383 53
1653 87
1569 75
1517 76
201|20
1748 91
1527 85
1584 85
2858 94
339 79
589 92
2717 68
994 95
788 64
1196 96
2797 86
733 83
1259 94
2174 83
1198 98
2455 82
1569 80
1213 98
160 68
24 75
202|20
3329 70
924 82
29 83
2289 82
1197 89
1196 86
2966 80
161 76
608 87
1209 86
1296 81
3194 74
1784 76
469 77
923 83
2000 77
1587 69
1719 93
3147 85
32 83
203|9
56174 72
8665 78
2407 68
5952 85
590 80
49272 85
40815 78
333 78
296 88
204|17
1136 90
3949 85
33794 84
48394 81
27075 70
1080 85
79008 89
6104 93
8874 87
81591 77
4878 86
91658 77
711 66
2313 82
86320 77
55820 84
5218 79
205|6
912 84
99114 80
91542 73
5816 74
95167 70
96079 77
206|5
36 84
608 91
733 78
140 71
141 76
207|5
2991 60
2428 43
2707 56
3740 66
100 49
208|6
1210 76
2628 58
380 64
2353 63
2278 67
2762 72
209|7
60684 81
1291 87
68157 86
74458 84
185029 86
122886 79
88125 80
210|20
123553 70
34405 93
166203 70
3147 95
31696 77
7649 68
58559 97
2105 76
6365 78
34397 70
4625 51
84772 77
122926 95
76093 92
62836 70
33493 84
1584 85
47610 85
108932 88
122918 89
211|18
58559 86
63113 73
90405 67
57669 87
60684 79
7153 86
73017 79
2105 68
4367 62
356 85
2642 49
1556 36
318 91
44665 79
85414 73
1198 87
1136 87
260 86
212|20
170697 69
122920 70
122892 68
2571 78
5218 69
48394 71
3578 75
1196 78
135143 69
74795 63
179401 61
79132 77
77800 78
108932 71
110102 72
96821 75
8874 77
65261 78
59784 66
2291 71
213|17
3285 66
87520 49
80363 58
76251 79
8957 69
2860 58
1234 88
5419 68
51935 84
69844 84
39446 60
4132 55
858 94
69526 55
4558 58
49530 80
58559 90
214|5
83 70
628 58
743 40
1363 50
802 55
215|20
1172 84
4973 86
63082 82
1291 83
2028 82
3252 76
3210 71
1968 77
1247 81
49272 82
1089 85
72407 56
5650 75
318 89
1208 87
2000 76
1197 86
1196 84
1297 74
4019 77
216|20
104 65
21 69
3996 76
3946 51
2946 65
3993 66
3897 75
2599 73
34 70
3994 67
4034 78
3363 75
1965 71
3422 65
3555 66
3253 70
2087 70
3986 55
2018 67
1923 70
217|20
1867 70
3434 70
1275 67
2468 43
3197 51
1912 67
2302 56
1876 52
380 59
1221 72
2471 44
1918 50
1385 49
3165 56
1590 52
1562 39
1703 54
2056 70
1831 41
160 50
218|6
2657 62
2692 73
1380 60
1198 77
6934 56
5349 65
219|20
60072 58
2115 68
59315 70
6539 72
442 57
30707 73
1704 76
180 64
1219 74
1005 44
27773 74
56156 59
6188 66
6721 61
30825 57
2997 74
1552 57
1500 69
2890 68
1921 75
220|20
3996 86
733 78
1198 93
3994 77
6539 85
1258 90
1917 65
4545 72
33794 85
165 78
71264 82
4623 75
53464 54
5218 80
6365 73
3751 77
32 88
1036 86
5502 72
1591 61
221|20
4338 70
7013 88
8529 72
1080 85
3246 87
2871 85
1208 94
7063 90
2702 67
4029 85
5954 84
2352 81
922 91
2997 87
1278 89
2858 87
1212 90
1959 80
1961 84
3671 84
222|20
81831 70
100498 39
48516 76
1249 74
99813 74
91529 72
59900 52
93287 71
1721 61
2706 62
3273 47
2411 51
64622 68
7143 69
87869 65
778 72
30825 55
42011 43
673 51
64839 70
223|15
55854 70
6711 70
1 66
736 54
1961 66
457 67
2716 65
48394 64
608 70
8784 64
48516 72
3863 53
4306 66
260 71
2683 55
224|11
3496 70
3044 80
356 90
2915 77
289 69
3668 83
1270 87
2797 81
1721 75
2716 83
1259 88
225|15
2423 76
1285 80
588 81
1717 63
2791 84
1321 73
1136 90
1197 91
1753 78
2004 75
2371 69
1407 71
785 72
1060 80
3024 63
226|20
6938 70
32666 70
3552 77
542 53
1240 80
3098 75
2804 80
3668 77
3653 76
2231 80
145 64
2253 51
3052 74
2628 64
762 53
53129 89
4816 73
16 80
2144 76
46948 64
227|19
46976 81
52319 79
81845 86
109487 85
134130 83
215 84
48738 86
47099 82
1196 88
32587 83
912 90
55721 89
1682 81
750 93
778 86
40629 77
97913 79
70286 84
150 80
228|5
2571 88
1373 61
362 76
318 94
3113 64
229|13
34 77
589 83
377 75
45 72
587 75
5 65
475 91
442 66
597 74
364 84
213 60
110 86
527 89
230|20
34330 70
52715 70
47 66
7438 65
527 68
3147 67
45499 56
6537 52
2291 61
1387 66
6863 55
1485 51
595 60
4022 61
2096 56
588 61
4034 66
1676 56
8644 57
2641 50
231|5
92259 86
858 87
593 85
1198 85
109487 81
232|20
31867 70
41769 70
57526 70
70336 52
8644 68
1586 57
44972 46
4019 75
43928 38
30883 30
65802 59
8376 65
39292 76
1035 78
66198 62
66097 75
32011 44
6564 50
7451 76
33164 38
233|20
48394 65
3751 61
48516 73
1721 59
356 71
106100 67
162600 57
608 72
7153 72
134214 62
57669 72
122920 64
2329 72
4239 65
7371 73
3977 48
3147 71
3948 58
49272 70
5418 65
234|20
2616 67
2140 80
172 60
126 49
1562 50
4519 72
153 63
2710 61
3624 69
3483 70
1391 67
438 65
1460 72
2987 78
65 52
260 91
1359 60
3175 77
588 82
2080 73
235|13
480 74
736 63
500 66
454 72
592 67
235 71
595 74
32 79
527 83
648 68
223 76
588 74
377 70
236|30
1214 70
1278 70
1345 70
1350 70
1387 70
1388 70
1982 70
1997 70
1998 70
2447 70
2459 70
2490 70
2496 70
2502 70
2505 70
2542 70
2572 70
2580 70
2596 70
2598 70
2606 70
2657 70
2683 70
2694 70
2718 70
2770 70
2806 70
2858 70
3024 70
3052 70
237|10
32 70
4254 38
94959 67
293 70
1371 54
1193 73
7361 74
7980 70
43936 53
1374 66
238|9
4954 77
3528 76
4265 61
4901 72
4238 68
593 87
4499 84
4957 51
1193 87
239|20
58559 90
5459 65
4085 77
380 75
95 66
7445 77
608 90
7147 85
6378 81
2115 80
4896 83
36529 80
3994 78
33679 73
47 87
590 83
4022 81
208 63
733 78
51662 81
240|20
368 83
543 82
480 89
367 76
810 51
500 79
546 51
110 96
173 64
1 92
542 62
104 80
34 85
174 66
204 59
225 82
383 73
262 92
434 73
420 64
241|16
81786 70
71899 88
527 86
1206 85
1193 86
99114 82
100714 34
8981 78
53123 85
116897 83
56367 80
3910 80
106782 82
115569 85
4235 84
48780 82
242|7
39 67
380 70
231 61
457 79
592 68
454 73
111 82
243|8
112 80
353 91
62 86
588 91
193 59
586 75
181 51
376 73
244|19
3090 87
1049 69
110 83
257 70
165 73
151 75
1090 81
3755 66
2278 74
648 71
1580 72
1957 80
1610 79
1196 85
3256 73
1573 70
1242 84
3753 71
2243 71
245|5
3196 58
2739 59
3114 55
3274 50
1361 57
246|20
1304 93
616 83
1680 86
6016 96
3081 79
44191 90
60684 87
4973 97
1732 93
1298 82
53125 77
2291 85
2692 92
293 92
4011 95
5013 88
60069 91
48082 91
82202 62
95167 80
247|20
48516 80
593 79
2858 77
49272 77
1961 73
44191 75
527 79
116797 75
68358 74
122886 71
480 71
223 73
1265 73
2078 72
1198 80
1682 72
6377 76
1089 80
953 76
919 73
248|11
4886 77
1198 84
166528 77
176371 73
316 65
147374 65
102903 67
189333 68
122912 77
58559 82
5218 73
249|20
110350 70
102903 75
2167 71
94959 85
84601 72
2395 76
97306 75
3408 76
89047 70
91500 75
91542 80
40815 83
69844 84
904 93
46723 77
3826 56
68791 76
88812 64
67695 65
50 92
250|6
1282 89
2407 75
318 102
1597 73
1246 92
8880 80
251|5
142115 82
293 93
356 95
318 102
1089 97
252|8
164179 84
89745 85
6377 87
164909 83
1682 82
166643 78
143355 73
78499 89
253|10
44555 94
916 97
608 94
2300 91
7099 89
4217 78
26366 70
1192 101
4642 98
3363 89
254|20
46578 84
44195 86
207 74
49278 72
6333 78
780 71
110 84
1210 86
49272 85
27846 85
32587 82
2571 87
44929 71
47 84
293 84
1580 73
5995 86
32 83
592 71
48394 79
255|9
1270 55
4467 55
2023 49
3501 34
1663 53
1394 55
3392 42
2542 56
2915 49
256|20
3247 66
88744 83
377 79
4973 95
53972 77
118696 75
95441 70
104841 85
71535 84
2953 57
81229 77
53121 63
30707 88
2571 93
68791 77
170 76
6942 84
90405 73
6537 70
33493 81
257|5
1500 73
594 71
2502 80
494 71
2406 68
258|5
4995 82
7147 78
72641 76
76093 80
47099 78
259|6
508 66
5945 57
1784 65
4886 68
1356 67
1584 65
260|20
7361 82
3556 72
162 82
903 79
5690 84
6337 73
4878 77
5617 78
342 66
5219 59
2997 78
8011 80
1206 80
3317 77
6709 62
8874 78
2348 72
3822 76
2959 84
8645 77
261|11
3897 80
16 81
2060 70
296 87
2723 69
1682 77
4085 72
2194 81
7361 87
4238 68
58559 85
262|12
708 60
539 62
457 70
322 64
339 61
85 69
26 67
17 67
213 51
273 51
593 74
728 61
263|20
223 79
150 78
500 69
2987 73
2953 52
110 83
4226 86
8370 81
1197 87
7458 71
708 70
1111 81
2125 76
6942 77
5013 79
163 74
457 81
8636 77
1967 80
2085 69
264|12
7841 68
1376 68
151 71
5816 71
1907 72
1320 61
1917 58
150 73
3578 77
1090 77
253 71
1876 59
265|20
3807 70
316 62
253 69
1302 67
724 58
1240 73
3504 78
230 63
3831 72
1956 74
3098 69
529 72
1270 75
3791 60
1177 80
2322 61
1488 62
2474 66
1198 79
1962 69
266|20
476 70
2812 70
2700 75
2278 70
24 63
2770 58
2702 61
64 46
1405 55
2580 78
1527 72
2167 63
457 77
1580 68
2300 78
1923 71
2094 64
132 63
2571 81
2097 59
267|12
2858 89
593 93
1175 90
3006 83
1302 79
3999 56
3113 66
1093 75
589 87
2571 91
923 88
3996 86
268|20
1641 70
587 65
1125 69
1911 53
2802 57
1036 73
1370 64
50 79
2064 74
1784 68
1912 73
1966 69
454 67
1234 75
2247 57
1394 75
2829 60
802 63
260 77
2858 76
269|6
724 66
743 52
95 65
1 84
63 64
648 74
270|8
661 59
62 64
79 49
628 63
14 62
1356 67
141 62
25 64
271|9
3897 69
32 71
2791 69
969 71
6787 71
2858 72
55765 69
1320 56
2288 69
272|7
177765 69
1240 74
51662 70
122922 72
49272 77
158238 70
6365 63
273|11
440 83
593 99
500 78
608 97
223 90
111 96
150 89
21 83
466 65
235 84
520 75
274|20
50147 70
2947 75
3037 84
1645 69
4951 68
2036 51
1359 53
35957 66
553 73
76293 61
3918 67
1503 47
45431 68
4816 70
54999 67
5667 70
4876 47
56805 68
1921 79
54004 71
275|20
1784 80
2289 87
5884 70
1171 77
357 79
1912 87
2539 70
235 79
4886 84
2572 79
2355 79
3253 79
1192 97
926 92
111 91
2100 69
3089 91
1393 78
1719 98
1392 74
276|9
673 73
356 106
466 71
104 87
631 76
648 88
2 89
1367 76
344 80
277|6
637 70
736 71
656 60
1 88
780 76
260 94
278|5
2371 69
1347 69
4002 80
318 94
2369 59
279|20
134130 75
1101 66
166528 75
90405 63
61132 68
79132 79
56782 84
97913 71
1608 64
4226 80
59315 72
88129 71
54286 71
1258 79
8665 72
58559 80
4993 79
8376 63
107406 67
1200 77
280|20
92535 96
344 68
262 86
3146 53
4239 83
4447 72
8638 84
919 84
72641 83
86817 57
8368 88
49530 81
6863 74
35836 77
55052 78
54503 86
4246 83
48516 93
1911 63
3916 81
281|5
46578 71
8361 55
35836 62
3897 69
3861 54
282|20
5995 89
3977 60
3263 67
25 78
6708 79
2683 70
4718 65
6711 90
5481 63
6863 73
5669 81
3752 69
588 81
80463 85
1921 87
1193 91
4369 66
48322 93
1194 82
784 61
283|7
1580 63
39 60
1704 74
356 75
586 57
2082 50
805 66
284|18
474 82
173 60
2 78
296 94
15 68
348 82
248 69
318 99
47 90
353 85
275 43
44 57
339 77
367 72
276 74
165 80
637 70
235 81
285|8
1193 82
949 76
1247 79
6978 58
113207 70
4447 64
441 76
296 82
286|20
454 75
778 83
5989 80
1333 78
165 73
500 68
7438 81
2294 65
4993 84
4995 82
7361 86
70 72
4980 63
1258 84
4963 79
1097 78
4848 82
539 71
377 73
110 83
287|20
3160 59
3578 62
223 60
2633 60
1059 58
586 49
3005 45
532 47
1193 66
2599 59
2028 64
1485 49
3826 39
2081 58
8949 60
2012 54
101 62
4034 63
2422 30
2115 57
288|20
4473 70
4966 70
1008 70
2867 70
42015 61
141 64
2571 77
13 62
53519 60
2407 60
5418 70
3916 69
2347 41
2528 59
30810 65
575 52
32587 72
587 65
2517 53
8361 57
289|24
3 70
16 70
235 70
266 70
594 70
708 70
750 70
1080 70
1101 70
1208 70
1220 70
1258 70
1917 70
2012 70
2174 70
2710 70
2797 70
4322 70
6125 70
6327 70
6453 70
7025 70
7028 70
26704 70
290|20
1228 90
1299 86
2494 74
2739 89
608 91
2130 79
908 91
341 70
1447 78
342 74
1056 71
1719 97
953 88
928 89
1394 87
2648 75
475 94
2731 87
1357 88
2385 48
291|7
40815 91
122892 86
106489 79
134853 93
7153 100
88125 92
1 94
292|20
520 62
103339 56
122900 70
4896 73
2291 72
474 70
85056 61
46972 62
95167 68
164909 74
3176 68
3476 69
1608 64
31221 41
1101 66
3985 66
3984 68
1017 67
69844 74
231 59
293|5
1682 59
1673 64
344 49
1617 65
1097 60
294|20
416 36
3869 59
1064 53
2794 47
610 58
2133 54
1391 51
3868 58
1129 57
520 53
3387 43
355 37
2378 51
3693 41
785 55
2193 56
2367 49
2458 48
348 61
3501 40
295|9
1221 83
3198 77
1287 78
1213 82
4351 66
1198 83
858 84
318 86
2329 82
296|6
160848 70
2028 85
169034 70
4144 84
50 88
2324 88
297|15
832 51
543 52
1645 53
111 62
454 54
1089 63
6 58
1249 63
1047 49
1370 52
1488 50
150 57
170 51
1092 49
866 63
298|20
57640 53
95510 46
6811 42
8370 55
8807 51
63131 49
6881 49
3785 42
122900 51
103042 46
6294 36
2167 46
2005 52
6006 43
653 43
55995 38
3018 50
69757 52
103772 47
3825 40
299|5
3793 81
1387 87
188 76
1198 91
1214 84
300|32
318 70
356 70
527 70
593 70
1172 70
1704 70
2028 70
2324 70
2329 70
2571 70
2762 70
2858 70
2959 70
4848 70
4973 70
5995 70
6016 70
6711 70
7361 70
8950 70
48394 70
56174 70
63082 70
79132 70
81591 70
92259 70
99114 70
109487 70
112183 70
112290 70
112552 70
112556 70
301|20
21 67
357 68
2490 65
6711 78
589 74
8949 72
837 64
3948 63
364 74
527 79
5989 74
4963 72
608 78
292 65
3578 75
3897 73
4226 79
3753 65
1393 67
1792 59
302|7
480 83
14 78
3 72
25 80
648 76
707 66
110 89
303|11
5378 61
3703 79
1127 73
5544 79
1196 83
3471 76
1580 70
1394 80
2683 65
920 73
1358 76
304|20
314 84
2571 91
2433 62
10 77
1376 76
480 82
1373 62
1777 76
1270 87
1517 77
151 80
356 90
208 64
474 80
1214 85
1375 73
640 59
1722 67
185 67
2701 49
305|20
74624 70
140627 70
87869 79
919 83
1197 92
106100 84
138210 77
788 59
7482 84
80590 62
103075 72
903 88
6537 68
93840 84
54736 81
592 73
2288 85
58803 79
55276 86
1272 90
306|20
5784 41
68954 75
69644 53
6377 76
95543 62
81847 72
111743 59
85367 68
168418 75
167018 63
72998 68
122904 73
69406 64
85788 48
4963 73
115664 64
134368 67
112852 76
161634 61
133419 64
307|20
2190 70
4181 70
31424 70
49314 70
5010 65
7845 52
3392 51
1220 64
6793 34
6483 18
2332 24
56003 46
1991 48
3273 44
4876 41
3421 63
1409 45
413 47
4447 55
52867 70
308|20
2959 56
45517 44
96821 51
72998 47
318 56
2 44
904 55
589 50
8961 50
56152 48
56367 51
5618 54
36 49
410 41
79132 53
4993 54
8464 48
1221 54
2248 49
6 50
309|20
2202 87
1645 68
898 86
1682 73
296 82
1089 82
1269 77
7153 81
6947 71
8340 71
1104 89
7218 70
25886 68
1219 78
8154 85
971 80
1944 75
6365 65
1262 81
2762 75
310|13
6863 67
6947 73
1101 68
6503 50
2524 77
2457 73
5899 75
733 71
246 87
3254 67
1223 87
1080 79
2671 72
311|6
6561 70
5992 47
1517 43
6461 48
1407 41
2706 43
312|20
5816 77
1375 70
3499 82
589 82
2454 69
1358 79
4878 83
4103 83
3793 78
2028 85
1371 65
4121 68
2366 77
2747 62
4105 78
5446 69
2699 60
2529 81
1350 80
1356 79
313|20
4980 60
170 66
3917 66
2455 69
5544 76
541 81
2193 68
2000 73
6 76
1968 75
1089 82
1301 74
1240 76
3175 69
4865 72
2005 73
2167 63
1375 65
2087 71
2530 56
314|20
7 53
1042 54
44 45
165 63
457 70
293 70
597 62
329 58
442 55
26 66
830 55
728 61
618 70
107 60
536 49
10 61
1376 61
153 52
208 51
150 67
315|7
1262 71
2729 65
2529 66
2067 72
2553 60
909 66
902 67
316|11
1748 70
253 65
3968 54
158 50
5445 66
3751 62
7438 70
6874 73
48 56
3882 50
2572 65
317|20
133115 70
73321 65
91529 77
74545 73
7445 68
1213 81
48774 76
4262 75
1884 78
5989 76
3578 77
4011 80
68358 75
1208 83
72011 71
3897 75
3499 76
96829 80
116797 76
56782 85
318|20
26713 70
81191 70
90245 70
111817 70
127180 70
145080 70
150696 70
7445 74
1090 81
116799 76
82459 82
48385 70
2294 66
64839 81
88125 79
109487 84
4021 100
33794 81
54286 77
89753 80
319|7
115617 86
6377 90
356 92
136864 48
1221 94
122904 85
110 90
320|5
72998 64
71535 67
31184 67
59315 67
1013 61
321|12
587 74
356 85
160 62
592 71
597 73
780 72
339 73
355 48
410 66
3 69
500 69
457 83
322|20
2882 35
1968 67
2542 71
58559 72
2788 72
2146 61
2617 55
2918 67
778 71
2599 65
4027 68
4993 72
1230 70
51540 66
1 68
1617 72
1923 63
4010 61
11 66
1035 69
323|20
377 61
480 64
356 71
1094 58
161 63
115569 70
1198 72
29 68
551 60
22 59
318 75
112183 59
253 63
111659 49
3257 51
260 72
150 65
329 57
342 58
266 59
324|5
2764 73
3972 70
3864 32
3949 68
3897 67
325|20
2848 70
235 70
2986 54
262 76
1573 66
2596 69
1584 71
1217 85
1676 66
4714 5
3770 47
3261 69
2894 70
2155 68
1279 78
1614 57
3994 69
2268 74
2915 69
5008 84
326|20
8665 79
47610 77
20 56
2858 85
86882 77
5418 79
4973 89
133771 82
48774 82
2324 88
1293 83
2692 84
72605 67
70159 57
54286 77
5446 69
6591 92
4226 88
105844 76
31410 81
327|10
3301 80
150 85
858 97
1923 81
51255 91
48516 95
1304 92
765 67
6888 48
2706 78
328|20
2687 57
112852 67
70286 66
1196 69
457 66
364 67
80463 66
3489 60
318 74
595 62
5349 60
2542 68
1219 67
35836 59
3751 59
79091 63
7153 70
596 59
2398 66
1148 70
329|5
130482 70
136850 70
858 53
1884 49
750 53
330|20
5378 60
316 64
1639 72
2918 76
919 75
3949 78
3535 75
5349 70
380 67
1676 67
2502 81
3703 77
1682 74
2683 64
1206 81
1721 67
2791 77
2081 73
8874 80
592 66
331|20
8874 80
6157 54
88125 75
6539 77
3897 77
4446 66
7361 84
50872 75
4995 80
4306 77
6874 81
5502 65
3911 73
608 81
4447 65
593 82
3751 69
8665 75
4367 60
2959 86
332|20
47 77
1653 78
1258 80
316 63
8983 71
431 72
97757 70
2291 73
1835 66
356 79
5502 64
4308 70
1203 81
1682 73
1249 81
76251 69
2905 89
318 85
2294 61
32 77
333|5
3785 49
3752 53
3616 53
3615 51
3646 36
334|20
55820 70
1196 74
1580 63
1291 74
3996 70
589 71
30810 63
4027 70
1 70
64957 63
1625 66
50601 46
44195 74
27416 62
6867 69
2997 72
293 72
480 67
5378 55
51935 68
335|6
780 68
592 68
356 82
296 84
2699 58
2001 65
336|12
1267 94
1 88
38798 71
33660 89
1784 83
2001 73
2268 86
293 91
1625 83
4886 87
50 96
150 86
337|16
318 108
47 98
16 97
805 89
1393 88
266 85
667 58
168 77
784 69
65 59
110 100
708 84
25 89
1356 94
277 77
786 76
338|8
189111 70
190207 70
190215 70
190219 70
7153 71
593 72
187541 52
185029 70
339|20
72641 81
5445 79
84152 86
96079 83
106072 72
69122 79
5617 86
41285 78
56869 70
48322 93
65216 83
91630 77
86504 87
91529 86
83613 64
4993 89
3470 90
102407 73
2028 88
5952 88
340|28
10 70
110 70
150 70
153 70
161 70
165 70
185 70
208 70
253 70
288 70
292 70
296 70
316 70
318 70
329 70
344 70
349 70
356 70
454 70
457 70
480 70
589 70
590 70
592 70
595 70
648 70
780 70
1356 70
341|11
2335 69
3624 68
130087 63
1370 74
135137 59
117529 69
5459 64
45672 64
1 83
47099 82
4025 64
342|14
2683 61
2598 52
2881 60
2369 51
1268 73
2605 58
2599 70
1198 79
3157 57
3826 46
2428 50
2827 42
3863 58
1959 70
343|12
858 90
3000 88
48394 79
4226 88
4878 83
3993 72
2571 86
1617 87
31658 85
55363 84
55820 82
296 88
344|14
111362 77
380 70
316 66
2628 63
4226 84
2571 83
4014 75
2012 70
4034 82
260 84
2541 68
4973 86
5418 76
2712 71
345|13
1019 78
2539 67
926 89
5902 86
8810 58
344 66
5707 64
2366 78
56949 71
3649 54
6658 69
3489 75
412 77
346|20
3174 66
778 77
608 79
6711 79
6286 76
306 80
7323 71
307 75
3535 73
1212 80
357 68
3949 75
714 73
7937 66
7396 74
5878 78
1120 69
1131 75
3627 73
7115 63
347|9
434 62
590 77
39 67
150 77
454 73
380 70
587 71
317 65
457 80
348|11
318 104
2324 99
4368 49
1213 99
6016 99
2959 102
6893 93
4973 100
1221 99
1960 89
2019 99
349|8
10 70
161 74
589 79
381 72
349 71
231 62
588 76
509 73
350|8
852 62
7 57
637 60
648 66
733 68
12 47
858 82
661 64
351|20
88932 70
87222 68
73344 79
52579 61
2231 79
88744 74
43836 57
79132 82
597 71
58559 83
12 49
8914 75
8950 79
63082 81
6214 79
90376 81
84152 80
480 75
4878 80
1193 84
352|20
72998 77
71745 58
1801 76
34319 71
2600 81
65682 74
1080 85
79695 66
110730 51
38038 83
130490 68
97752 77
1214 83
94864 68
41566 73
56587 74
44191 84
114935 82
59315 80
47610 78
353|18
552 66
25 75
267 63
216 73
367 67
288 67
144 68
186 59
333 78
266 72
112 69
198 71
234 51
145 65
293 83
158 58
163 75
296 87
354|20
1610 78
4306 80
2692 83
3147 84
47 82
903 83
733 73
3977 57
1225 86
35836 72
648 71
44191 81
8665 77
1917 61
7147 80
1923 74
589 81
2959 89
4718 62
1196 85
355|6
316 73
1580 77
3035 93
3175 79
317 71
916 95
356|20
2248 81
52435 91
52975 79
7122 70
44889 70
1641 81
2706 75
4011 90
802 74
7323 81
2502 89
56367 84
1223 95
55118 92
3949 86
3996 85
1246 86
1466 81
223 83
7153 90
357|20
4354 70
8998 70
27329 70
2804 84
595 78
529 82
4663 50
4091 71
1224 85
1242 87
34 75
208 61
58559 88
6296 80
30793 67
1042 65
2100 66
551 74
471 74
2067 90
358|9
26095 70
605 58
5066 67
52328 76
2226 70
42728 68
7361 86
69844 78
36525 53
359|15
405 47
1092 62
1101 65
51412 54
648 65
296 80
1097 72
2396 72
2424 61
593 79
2701 43
2942 52
1682 71
2530 55
4995 76
360|5
1422 50
1620 62
1488 66
1711 63
1414 58
361|20
47099 67
1580 61
377 62
1552 53
49272 71
1263 69
53125 59
589 68
49822 60
8360 63
318 76
2529 68
5218 64
6188 62
2422 33
3082 58
1732 71
1370 61
46972 56
7458 61
362|20
1945 92
592 75
6539 85
51540 84
5989 87
637 69
70 77
7153 91
1252 94
44665 84
407 87
6874 90
2959 96
1196 91
1208 96
8961 85
48516 93
7438 87
356 91
1201 94
363|6
1552 52
1732 69
1517 60
296 72
653 53
318 75
364|5
858 95
9 67
783 74
376 67
1 86
365|20
59315 59
81229 54
128975 44
6874 64
90345 55
158872 52
129354 44
103075 51
135536 44
70286 60
112852 62
76077 53
112818 54
1777 53
6502 61
155820 25
541 62
95720 46
93270 36
135569 56
366|7
116797 80
59315 76
33794 79
91529 81
2028 83
122882 79
7438 80
367|20
926 96
3061 80
1270 91
1287 91
486 60
3536 77
3824 59
2384 67
3072 85
898 101
3618 81
3225 54
2248 86
3157 69
3969 83
3717 72
1259 92
4023 71
1196 94
1258 94
368|20
3753 59
2112 51
1944 67
2986 48
3869 63
1214 67
2947 66
415 45
3035 72
832 58
50 73
2819 65
1801 61
2490 59
1917 50
1391 54
2193 59
225 59
161 63
2881 55
369|20
1256 72
785 63
47 74
2706 65
839 56
377 66
52973 69
743 45
4214 54
5418 70
3863 58
1372 62
27904 69
60069 74
2857 56
1967 73
150 70
2011 65
1580 65
3174 65
370|19
4011 78
4878 75
8961 73
6377 76
2628 59
1748 74
2116 63
589 74
2329 78
7438 74
3977 52
1676 64
593 79
4973 80
4226 79
1240 74
1089 79
8636 71
2716 72
371|9
2571 99
112512 70
1258 98
4090 85
56715 102
3000 100
4226 100
4993 98
1748 94
372|20
335 70
924 74
318 83
1603 46
1479 61
589 74
81 59
387 46
616 68
337 69
1220 71
1201 79
165 67
1243 78
1258 77
377 67
1401 65
450 55
1206 77
1306 57
373|20
216 65
60 62
169 41
350 63
585 51
44 47
371 65
163 67
616 67
198 63
265 69
25 67
6 71
733 66
47 74
2 64
736 59
305 50
357 66
141 64
374|7
296 84
208 58
1219 79
480 75
592 68
1258 82
1339 69
375|7
344 68
1027 67
32 87
2628 69
3256 77
4226 92
500 73
376|20
91535 68
2002 64
1214 85
1101 74
2916 79
33794 84
1198 92
349 76
1371 67
376 66
1240 85
1375 73
4993 89
858 93
457 86
4226 91
5952 88
344 67
2763 81
2797 80
377|20
4942 70
2793 50
1262 96
2791 90
748 75
1345 82
5027 61
5113 72
27692 70
3421 87
6021 70
3364 83
2072 66
8641 86
2163 47
92760 70
2858 93
1503 55
2124 77
2015 79
378|10
33794 78
7153 83
48516 85
3114 76
858 86
68954 80
91529 79
71535 75
90600 72
364 79
379|8
318 86
377 70
19 53
292 69
480 74
367 63
597 69
344 61
380|20
60818 70
172875 70
172881 70
172887 70
355 50
6979 77
5476 34
2735 62
68194 79
63433 72
72356 94
105731 47
1833 66
551 78
6731 83
27831 85
1665 66
393 55
140956 79
2791 87
381|20
2085 68
1088 69
3253 74
185 60
317 64
27808 66
1240 79
19 55
3753 70
4321 68
72011 74
3082 67
333 75
2140 74
1385 57
2273 66
1208 87
457 79
104 69
2716 77
382|20
1204 97
142372 47
135532 77
1201 95
112171 82
1198 94
912 94
81847 86
4638 65
63540 37
1681 61
170289 70
103042 73
72737 81
2496 73
357 80
81537 65
59501 76
101362 59
4890 69
383|7
2436 80
2541 70
2496 68
1584 76
2558 47
1246 82
903 85
384|14
3527 68
1388 55
2683 60
2502 75
4333 45
3098 67
4396 54
457 73
358 51
968 70
2724 51
296 77
3991 48
1204 80
385|20
736 59
1080 73
249 74
1219 74
1036 73
1136 78
282 60
1073 71
1200 74
1228 76
1022 66
1007 54
1201 79
1246 74
344 58
589 73
1023 65
1287 74
594 67
1303 78
386|14
110 64
410 50
112 53
165 56
223 61
648 55
185 48
608 65
485 49
305 44
44 41
585 44
349 56
10 55
387|20
4393 70
5156 70
5780 70
7336 70
26124 70
40966 70
2712 64
5062 63
1247 74
5489 70
4195 65
7132 76
2946 62
1387 74
3000 77
51939 53
4995 74
912 78
7938 70
1783 54
388|6
6158 70
63239 70
33615 62
86298 56
62999 66
8360 68
389|7
17 93
140 78
628 86
762 64
743 59
95 74
32 97
390|17
6344 70
64957 71
4239 76
5220 53
1193 84
2571 83
9010 79
2291 75
5296 55
4226 84
7254 73
6377 81
63062 79
1206 82
2329 84
4014 75
1784 74
391|20
5575 70
500 67
3994 69
1213 84
516 67
199 79
4027 77
150 76
1408 76
4014 73
1527 73
1059 74
2916 73
4973 85
357 72
555 76
5026 83
4936 69
1210 81
3067 71
392|5
3004 51
2858 77
707 57
1198 80
1125 70
393|20
91658 71
102125 71
48394 75
36517 75
8636 75
110102 76
44199 75
5388 67
54259 72
4848 80
5669 74
1291 81
68848 72
86190 69
2571 82
1206 82
122892 71
106642 88
1625 73
106489 66
394|5
588 61
316 53
344 50
225 56
457 64
395|13
329 59
1025 66
296 74
160 53
208 52
173 48
485 54
355 41
520 57
595 66
126 40
48 56
367 57
396|6
1276 77
1597 57
1777 63
44 47
204 46
2081 67
397|5
4017 73
8645 78
1701 73
8228 74
6993 82
398|10
6408 70
1197 92
5971 88
7022 86
1198 91
60069 86
2455 76
1136 90
48516 91
82459 85
399|8
1198 86
110 82
5445 75
1196 84
593 85
480 76
1270 81
2194 80
400|9
608 93
356 92
2571 93
2959 98
7153 93
1221 95
3578 90
858 96
59615 67
401|15
5952 78
6297 68
55768 61
48982 68
166461 71
49274 49
50872 73
32031 58
79091 71
170939 70
38038 74
8360 69
3114 73
33615 63
1136 80
402|10
1084 88
597 78
52 79
329 73
296 92
586 68
315 64
1036 86
434 68
527 92
403|7
110 81
2427 65
3210 71
296 84
61465 57
1663 76
180 69
404|12
204 46
349 66
474 69
34 68
364 74
508 70
105 64
593 78
509 67
277 59
315 55
185 59
405|20
70708 70
293 86
7254 78
37731 77
2959 92
345 78
1213 90
7134 70
64614 84
6023 66
1241 85
2329 89
1247 85
3052 77
68237 86
1199 90
27592 82
27664 66
3418 77
1215 88
406|5
1586 50
135 51
56949 58
46972 56
724 54
407|5
7153 82
2959 86
6539 76
1240 77
54286 73
408|20
1198 97
122904 88
44840 72
165101 73
6618 88
1291 94
1210 94
89745 91
1278 95
7324 76
44 59
8641 86
115210 87
103596 40
68554 77
2571 95
109487 92
63131 81
80489 89
4649 84
409|20
2485 61
2490 73
2028 87
3812 75
1278 88
2997 86
296 90
1078 71
3016 68
1073 82
2683 70
2289 85
3846 71
912 91
2013 66
1911 60
2352 80
1230 86
2541 71
3174 73
410|20
389 70
3224 97
318 94
2302 69
4002 79
1060 79
4297 72
3263 66
1859 69
111 88
58 87
2145 72
3255 75
2321 74
3504 88
3948 72
11 80
4019 81
3 69
597 75
411|20
508 72
261 73
586 60
432 52
353 72
431 70
194 67
318 84
272 74
515 72
356 79
266 67
257 67
349 69
10 67
31 63
344 60
227 56
455 48
122 50
412|20
2828 21
2384 61
2915 73
903 85
608 87
2720 43
2858 84
1883 65
1307 80
1214 81
1784 76
2239 98
1 81
930 89
1136 87
2710 58
915 78
2398 82
17 79
1079 84
413|12
2706 83
1198 101
3753 82
2424 76
593 100
128360 91
4993 99
16 94
5574 83
3948 80
64957 84
2959 104
414|20
4458 70
4666 70
5285 70
5635 70
6033 70
6493 70
6563 70
6628 70
6797 70
48319 70
58879 70
169992 70
3802 45
3599 70
1600 70
8666 29
4975 71
7444 66
4081 39
177593 97
415|19
296 90
1213 89
4321 72
3507 86
4308 76
47 85
1021 54
111 87
2617 66
1276 90
3861 65
4369 65
99114 85
1221 90
63082 85
1234 86
45722 75
1197 91
175 87
416|11
5952 62
5951 42
531 51
1296 60
1199 65
1721 53
830 48
1206 63
7323 57
4848 62
3677 63
417|14
778 91
4995 91
4975 78
7254 81
1198 95
106782 90
27773 89
168250 83
1625 82
7153 93
74458 90
110102 86
48394 84
4878 90
418|19
356 84
296 86
63082 82
104374 83
1276 87
1136 86
117176 79
1573 69
137337 81
1682 77
5816 76
88125 78
74458 82
367 65
89745 81
45672 62
87869 74
7361 87
54001 81
419|20
4093 70
111 84
46976 78
27822 55
2858 83
319 75
6287 63
3578 83
1213 87
64969 76
47 82
79592 68
34319 68
89580 70
60756 72
27704 70
90943 70
2412 44
1240 80
52245 66
420|20
1161 84
4993 85
45499 70
923 82
26693 70
48385 70
1927 89
5608 80
2052 57
6934 64
7022 82
3979 53
59295 70
2329 86
54259 75
1131 81
2762 80
4973 88
5669 77
527 87
421|8
2858 86
909 83
5008 91
953 85
1178 92
2313 81
2478 65
1203 89
422|19
2539 61
2710 54
4947 5
4971 62
5039 75
4925 70
2581 60
4916 59
1265 75
2804 77
3053 76
2665 70
1283 84
4835 69
2908 75
3943 58
1213 82
2670 77
858 83
423|5
1653 82
110 82
2194 80
5349 72
1320 64
424|20
1193 83
141 69
2804 78
40278 73
608 82
108729 68
293 80
69122 73
1092 65
54503 78
58559 82
3186 70
66097 75
778 81
5679 66
3176 70
2288 78
2174 71
71668 73
112556 76
425|20
45517 65
377 68
2329 81
733 69
6 75
1645 68
8368 77
2081 71
4306 75
1680 72
1909 66
367 62
46723 68
1625 72
1036 76
4901 67
750 84
2353 66
1342 54
145 61
426|18
59784 69
150 75
471 69
337 72
54001 77
1197 84
6378 72
72641 74
4886 76
8644 67
37729 72
597 69
5444 74
91325 42
588 75
3247 58
4022 73
79091 73
427|17
4887 52
5463 49
5015 64
110 75
58 77
5528 67
6348 47
5312 50
2710 52
5696 45
4993 77
5266 58
2683 61
5400 56
5816 69
1208 81
5574 65
428|20
2471 41
2762 61
3827 47
1089 66
2953 41
2916 58
1380 52
1997 60
3440 33
4022 59
317 50
4255 38
1208 68
1391 49
6377 63
2581 49
260 66
3285 48
588 59
653 49
429|12
339 84
421 76
150 92
225 84
165 85
266 83
329 79
252 82
279 66
317 78
237 77
204 59
430|12
923 83
2987 75
3745 72
6287 63
2858 84
6365 69
2571 86
4447 68
4014 78
329 69
2076 81
4446 70
431|5
172 43
1625 57
1376 54
3948 52
802 52
432|20
1831 49
5630 69
6870 76
8640 60
6539 78
3916 75
5989 80
84189 70
110 81
35836 71
4886 78
2762 78
1206 83
49272 82
19 55
318 89
58559 83
69481 82
7158 76
33660 80
433|5
91529 73
1089 77
50 78
5299 58
110 74
434|20
1136 86
3147 84
1090 82
1265 80
5989 81
1101 70
1779 59
586 64
344 63
3863 64
1208 89
3160 78
589 81
780 69
6796 78
2791 80
4226 86
2194 81
8665 77
1291 84
435|9
2353 76
44191 88
485 69
3510 76
34405 89
2302 73
158 62
82459 88
48780 90
436|20
204 48
435 47
440 68
432 51
161 71
480 72
377 68
531 63
536 54
502 47
364 77
235 69
371 68
344 60
2 67
585 53
450 56
587 68
437 48
227 55
437|20
748 68
318 93
5 63
640 57
1299 84
1120 75
1396 74
1246 84
454 75
1171 74
1225 89
1183 77
1097 80
1307 82
1268 82
592 72
198 72
155 45
112 70
246 92
438|20
7154 62
2501 76
8966 63
27801 80
1527 75
6711 84
3898 30
1784 74
8644 70
6367 65
2424 65
3889 48
223 78
1517 71
7361 86
2641 62
5009 64
2617 64
3753 70
2393 66
439|5
356 83
4022 74
7153 83
78499 83
1240 78
440|7
8690 70
541 84
29 81
1653 82
1274 82
3174 71
1235 85
441|9
589 91
2683 75
2959 101
4306 90
260 97
296 98
51255 94
47 93
68358 91
442|5
2908 27
2881 23
1186 25
3752 23
4361 26
443|8
2329 90
79132 89
296 91
48394 82
106487 76
108190 61
7153 90
63082 87
444|9
356 85
592 70
208 60
21 73
111 85
110 83
235 75
296 87
344 64
445|16
2028 81
590 76
34405 79
47 79
116897 80
780 68
4011 82
899 81
593 83
33794 77
1080 78
45722 70
17 75
1230 80
306 83
2710 55
446|17
237 57
339 62
300 62
296 75
480 67
368 63
288 59
172 49
17 68
16 71
357 65
150 69
434 55
153 54
648 62
593 76
337 66
447|16
257 76
293 89
337 82
531 73
382 65
589 87
552 70
253 81
362 79
532 67
292 77
31 72
474 81
540 59
442 69
160 65
448|373
2368 70
3284 70
3933 70
6302 70
6476 70
7245 70
48262 70
49688 70
75803 70
75816 70
78116 70
79590 70
86593 70
92198 70
98908 70
100326 70
102819 70
104760 70
108715 70
109191 70
111680 70
113416 70
116207 70
116985 70
129657 70
130083 70
133377 70
136654 70
138546 70
142424 70
151777 70
152658 70
157130 70
158022 70
161290 70
164375 70
53996 64
136778 70
5418 69
288 61
88356 39
2580 74
155358 70
2889 73
4034 75
148888 51
81156 75
2713 50
103335 69
95441 55
34048 59
80126 65
3057 70
1057 65
2794 53
33830 5
8665 68
6059 63
110553 49
90374 66
151501 70
3764 44
6143 63
103819 29
4361 71
104913 67
3986 53
5528 66
1196 76
105351 50
83349 57
3276 70
1090 74
5349 65
587 65
106330 36
4677 62
95508 70
109895 37
110611 70
671 63
2289 73
152077 68
80693 62
111360 52
170 62
87444 59
94323 54
8493 54
3671 72
91653 63
4981 70
2991 68
78034 70
119145 70
5099 47
4299 61
2567 55
6996 26
109864 29
6582 52
73017 69
370 57
543 65
115617 71
590 70
154065 70
5553 57
41569 60
3286 34
6645 74
589 73
1920 54
2857 57
111663 58
78499 76
2657 64
6537 56
1148 77
46974 51
48516 78
80241 62
445 56
4262 72
3689 28
114935 71
6428 61
127194 70
109673 51
127096 69
89388 70
4156 70
3793 68
33679 61
2014 54
64285 74
3968 56
49530 66
3450 58
160563 58
5502 60
8169 68
6314 36
122490 70
3386 69
140725 62
4896 70
2642 43
127136 65
2763 69
2520 70
457 73
48783 67
3263 58
5400 55
5541 57
4011 76
58351 70
127132 70
152091 61
3698 62
435 46
4799 55
84152 74
3401 49
2858 75
3174 64
7076 70
106542 70
6218 61
2860 49
1283 81
3618 66
2616 57
90439 69
2404 39
4660 70
2530 54
26386 70
4327 69
3030 82
71464 61
32 74
91529 72
4158 50
99114 73
98585 63
93326 50
2268 70
80489 71
130576 42
105504 74
2791 72
50601 48
7007 68
4234 59
3623 51
80727 5
78467 33
8641 68
4128 69
106782 72
2537 43
112138 65
3247 55
112818 65
2027 38
3101 60
5779 70
82202 50
1704 74
98296 70
6863 61
89305 60
4203 64
1201 78
6212 37
637 58
84954 59
6814 70
94864 57
67695 55
159077 70
92439 65
6812 36
3156 52
802 63
118354 70
134130 70
138036 67
65135 70
52975 68
4368 39
90717 63
45722 64
79259 70
68157 73
4233 36
74458 73
3258 55
1262 77
3949 73
101025 49
69526 46
1831 44
1083 58
1884 74
1476 65
156609 47
3755 59
111659 52
4734 58
161 68
95201 70
135887 65
2598 51
87232 68
4634 5
5334 45
5459 54
146730 70
72694 70
157432 70
132488 70
4558 49
1375 62
6424 70
71518 65
2716 71
94780 52
3593 24
129354 54
158 51
1409 50
6514 70
2881 59
51662 67
90522 59
68554 63
2126 50
122932 70
93510 69
137857 70
125916 5
2953 47
2090 64
1760 25
480 69
58803 67
2109 64
50792 36
46062 27
85510 59
80864 70
112171 68
122900 66
2587 54
1527 68
117529 59
4993 75
92264 54
5247 46
533 55
912 79
26464 70
2249 63
4678 64
103772 63
114601 61
96861 62
420 51
59615 54
2349 71
109372 5
95207 53
348 70
19 50
136020 59
4502 35
91094 57
138208 58
3511 36
79428 63
2643 34
109183 70
2139 68
4212 70
5942 57
96417 61
112852 73
99728 65
89470 66
142448 61
64983 60
2640 70
2046 61
4881 73
3882 52
3744 53
1032 65
116799 69
5 56
4040 44
157407 70
2115 67
1617 77
4367 55
105254 63
3388 47
3760 70
2146 65
2968 71
6281 60
466 51
96448 46
86332 66
64969 66
115170 70
1036 72
3397 67
2474 65
1408 71
155743 70
106920 73
8542 69
120466 64
2051 32
7143 71
7150 53
89087 53
34150 53
2253 47
2973 75
449|8
1917 55
2502 76
4034 75
1222 77
2770 55
762 49
2011 65
2324 78
450|11
3977 61
589 87
110 88
3363 86
3535 83
3948 74
3409 64
1035 87
3568 70
358 60
1259 89
451|7
733 77
593 91
7 65
5 66
494 78
25 79
17 83
452|20
4025 76
2858 103
2617 79
5292 106
1206 104
1676 85
3219 78
47 101
3101 82
163 92
1092 82
1917 75
2126 67
1356 96
552 80
2628 80
1200 101
608 105
2707 87
3273 66
453|20
208 64
858 96
2335 73
4022 83
3618 80
1617 93
3452 71
1357 91
112 74
2671 81
1884 90
1894 63
2294 71
318 98
1614 66
3534 73
2959 97
798 61
5266 69
780 76
454|9
7361 79
2692 75
7116 30
55820 73
6016 79
27773 74
2160 79
2858 76
26131 83
455|12
272 77
432 52
367 64
590 77
253 73
364 79
555 75
252 67
110 81
225 69
588 75
597 70
456|9
1407 76
634 49
135 67
5 70
724 71
780 79
733 83
260 97
706 70
457|10
329 68
3593 25
2692 83
1356 78
223 79
2394 73
2701 47
3608 66
733 73
2094 67
458|12
597 81
185 72
10 80
380 81
95 70
454 85
300 79
595 86
153 70
587 82
150 89
552 73
459|6
79132 92
5618 93
8961 87
48780 90
50872 85
260 93
460|17
89039 70
4886 85
4703 91
3831 85
1441 79
4878 88
3483 71
8970 80
1 86
49272 90
40815 83
85414 77
68237 89
76093 87
47610 81
63082 89
2571 91
461|6
74458 61
2762 59
1036 60
91500 52
3578 61
539 53
462|20
26838 70
89090 70
164655 70
188189 70
1136 75
1219 72
158966 83
1248 82
508 67
1653 73
1674 66
8917 62
8620 9
3424 73
2146 63
7044 72
3814 81
1213 76
82857 70
26131 81
463|7
6377 86
2028 87
4310 64
3753 73
2006 66
1092 69
5995 87
464|20
1370 74
58025 64
63853 54
296 90
2019 90
3527 79
5254 70
7007 78
1101 73
1779 62
377 75
1653 86
55820 83
648 73
33493 77
1610 81
65088 76
74727 73
1617 88
62374 75
465|20
2941 86
2987 79
1200 88
3448 81
5060 87
1299 88
3703 86
3649 57
1625 80
292 76
904 96
3101 71
1754 79
750 96
1256 86
593 93
3732 74
3740 89
3334 92
377 78
466|20
5418 80
30793 67
79091 79
92259 90
5989 83
5459 63
318 93
63082 85
59784 74
5010 81
74458 85
6281 70
5952 86
8529 72
64716 87
68954 84
4993 87
45447 66
81845 85
55247 84
467|22
41 70
58 70
389 70
466 70
527 70
593 70
780 70
1183 70
1233 70
1357 70
1365 70
1408 70
1721 70
2028 70
2125 70
2324 70
2334 70
2384 70
2390 70
2393 70
2394 70
2493 70
468|7
592 66
349 69
1 75
317 63
296 81
32 77
165 69
469|20
3658 70
3832 70
3507 81
3032 82
2736 76
2132 87
1958 78
910 81
1090 80
1485 62
1388 60
2321 70
1234 81
2081 74
1193 85
36 77
2908 79
909 79
2023 69
3255 71
470|16
253 74
318 88
110 82
588 76
282 67
5 62
597 71
32 80
595 75
592 69
500 68
26 76
356 83
357 72
434 63
300 70
471|6
2571 78
8874 77
527 79
1 74
8360 69
7147 73
472|6
58559 87
3450 66
3298 78
2840 59
1221 89
858 91
473|8
4979 74
2959 86
60 66
7147 77
6281 65
3897 77
48322 85
2596 71
474|422
638 70
2179 70
2697 70
4046 70
5114 70
5311 70
5353 70
5455 70
5601 70
6201 70
6273 70
6382 70
6407 70
6592 70
6912 70
7702 70
7826 70
7832 70
7839 70
8057 70
8446 70
8458 70
8459 70
8611 70
8650 70
8774 70
8938 70
1466 73
6708 71
2940 74
2616 61
2334 56
7139 76
4218 70
371 68
750 83
2935 68
8645 77
5481 56
6370 82
25865 70
2553 68
912 80
2467 75
5548 66
7301 79
52967 67
5945 62
480 73
1983 48
3462 68
1068 70
8600 67
6650 5
8482 70
6791 83
4016 74
1784 70
3668 72
3977 53
8961 74
4160 81
30820 65
6984 70
2750 66
5034 53
7716 70
2612 70
4419 64
1300 80
4187 69
1187 66
6565 74
272 73
5440 70
25937 63
1099 61
3125 70
5826 70
5649 70
7256 78
4912 73
6016 81
1208 82
2083 75
3385 59
2310 67
3360 74
3163 75
1413 61
4081 37
1643 69
968 72
2116 65
26965 67
5954 75
1263 75
5116 70
3536 65
8778 5
63433 62
2952 70
318 84
3394 52
1200 77
3384 82
4356 79
932 86
7698 71
516 66
4873 73
48385 65
39869 79
1902 70
2641 59
7036 63
2181 70
4638 57
31116 79
2455 68
2146 68
628 69
3897 75
1030 49
4022 71
344 60
3196 78
92 48
237 62
6770 64
3259 60
3368 60
26151 65
1293 76
34072 68
3044 70
1639 70
5944 57
6539 75
477 65
7361 81
55687 70
58 79
4014 73
3467 74
8154 84
4191 61
2134 63
4644 63
4293 59
5013 74
1399 59
1196 80
2918 73
5899 72
4465 67
100 58
361 60
3341 77
8921 70
195 63
3789 70
4709 62
1588 59
3468 83
4678 66
2723 64
2118 74
1939 85
7019 47
3147 79
1792 61
33903 77
1682 72
41566 66
1693 66
1957 74
5021 68
2313 74
3870 70
948 79
47099 74
3447 69
6614 62
216 68
5619 65
3987 39
5060 75
3111 83
45950 71
32584 59
5525 70
2567 58
5956 68
7 59
1172 81
3217 65
8331 70
587 69
5238 62
1189 79
2416 61
832 66
3095 78
7386 73
1223 83
7058 70
5246 35
5418 73
27803 81
26 73
4002 72
1135 64
45 65
6945 70
2411 54
2520 70
7347 69
5375 70
5673 74
3039 72
7833 70
33781 5
720 84
2103 53
33154 78
608 78
1327 52
101 76
7061 70
5451 58
5682 58
5434 70
6609 70
31658 78
4578 35
2009 67
4704 70
7572 70
4929 48
3306 73
6334 62
5379 76
5437 61
42418 58
4128 71
7451 73
2786 35
2243 66
27846 78
6197 61
3264 49
3608 61
5603 68
6124 60
1222 79
1663 73
3566 53
3755 62
2628 61
4815 59
2089 66
7102 52
27706 64
7013 79
1348 67
45666 47
5755 39
4055 71
2058 66
4462 19
1544 56
2405 58
4998 70
273 56
1977 50
1732 78
7822 70
7073 70
41527 66
4787 69
1676 65
3708 59
6669 68
317 64
25940 70
971 79
7366 58
3115 76
7026 52
2710 53
50685 77
2114 73
3809 66
3516 64
2770 56
535 71
4878 77
5992 74
41997 73
1083 61
4487 63
7293 69
1016 57
2006 60
1007 56
4993 79
3412 71
5007 70
3929 55
6639 58
8712 70
1876 59
3546 70
34359 70
7579 50
7325 65
6837 70
2634 52
7753 63
8943 18
8385 70
4308 69
3246 77
3745 67
1148 79
42002 60
50740 68
3952 61
1927 83
7581 61
910 76
3948 65
54881 79
1284 82
4007 72
5341 66
3675 78
52975 70
6244 65
965 74
454 71
1247 76
7215 66
1282 73
8207 80
6242 65
6502 77
4509 67
3528 70
2391 73
4262 75
4039 61
42018 10
3271 75
976 70
48394 72
5384 70
5168 70
1358 72
6534 51
8773 70
2384 57
48780 76
1269 75
4600 66
2642 46
111 78
933 82
3578 77
5297 38
944 74
6020 70
2123 56
748 63
4896 73
5380 77
53953 63
3712 5
25996 70
1997 73
4464 73
4085 68
51540 73
2707 66
2069 69
6710 74
1488 64
6378 72
928 79
3038 86
7116 30
44511 70
594 70
1962 71
421 61
4316 29
2761 76
4823 63
892 71
1345 69
5294 73
1408 74
6579 69
3272 68
3421 72
3844 70
6787 78
37736 65
2249 66
1610 74
2468 49
3498 69
4902 77
6268 66
5225 75
5404 69
929 70
25999 70
7835 70
805 71
4126 64
475|20
6539 95
4993 101
87232 93
40815 92
5816 91
8644 84
81564 90
4701 80
81834 98
6564 60
68791 84
111759 96
7153 102
1527 90
71530 71
4896 93
106487 86
112852 99
3578 98
82461 78
476|14
594 78
34 78
380 75
158 60
153 64
586 67
440 76
364 86
378 65
357 78
224 77
165 77
296 91
11 82
477|20
34 74
913 86
3100 83
2105 70
1271 75
1207 87
70687 20
2174 75
45672 64
4571 77
3973 49
4226 89
1103 88
5291 81
348 77
3593 26
1 82
1274 86
6502 85
59615 63
478|5
1917 48
3114 61
594 58
1584 59
1101 55
479|20
5365 70
4488 68
524 68
1025 75
3707 54
1220 76
4010 69
3244 75
3526 73
4092 51
1968 76
4700 65
4003 68
3671 78
2671 72
341 70
2012 69
2542 81
454 71
2384 59
480|20
43914 70
2700 73
8533 69
2193 66
2797 70
3484 50
2571 78
1210 77
2596 67
8866 59
47610 69
6306 79
5379 74
2018 66
7153 78
3911 70
44191 74
38061 78
5673 72
380 64
481|7
1608 54
1687 53
1629 48
1729 59
1620 51
1597 51
1485 51
482|20
2068 72
8985 59
1036 82
474 77
1042 64
4389 80
780 72
27706 69
3211 71
1610 80
4367 62
1374 79
1220 79
1602 46
653 65
592 72
30812 75
4862 50
8361 64
8529 71
483|20
105325 70
783 68
2541 69
2959 89
109971 70
45722 73
1199 87
50872 79
2000 78
4306 80
69757 77
2683 66
2273 67
1588 63
109487 82
66934 81
1721 70
2328 59
68522 70
8972 71
484|20
93320 70
1438 60
6155 75
6944 76
2706 76
33166 86
6874 90
3697 66
1059 82
76293 68
919 84
2762 85
1821 61
837 75
5810 75
1753 80
3254 74
4718 66
2413 80
3646 48
485|5
588 82
161 80
253 79
292 76
231 66
486|12
653 70
47 91
110 93
153 68
474 84
95 69
288 74
329 75
161 85
318 100
292 80
6 89
487|12
27611 60
8961 61
318 69
1198 66
31658 64
1197 67
6539 61
5445 58
116797 62
4027 61
8874 64
86377 70
488|20
720 86
838 75
608 82
1223 86
26 74
5135 79
2109 68
7720 58
7303 81
4014 73
5995 81
457 78
105 68
1136 82
272 76
1269 78
3176 69
1278 81
1125 73
910 79
489|20
79536 70
86000 70
4848 72
736 56
8387 9
4700 58
45666 44
4720 66
2683 58
2021 64
2389 36
1619 59
950 74
58559 73
2236 54
2167 58
1616 55
247 73
376 54
2717 52
490|20
46578 69
89492 66
81591 61
91077 69
60074 53
5816 63
4144 70
54001 68
1 67
1784 63
7153 71
4993 71
89759 61
86320 62
60128 56
76251 62
8368 68
69122 63
2006 53
78499 71
491|13
106782 95
69757 88
7293 86
27808 77
4246 89
3948 80
104374 96
86833 88
140110 83
8529 80
180231 70
4306 93
88405 73
492|20
736 78
784 69
628 87
858 105
852 79
64 58
990 54
830 76
743 59
62 88
52 88
1499 47
66 57
1210 101
881 52
1474 50
1405 69
724 75
1047 79
65 58
493|13
2985 66
4444 65
2916 71
1275 76
2571 80
1527 71
2028 79
3793 73
2167 63
1215 81
4701 63
2924 83
260 81
494|5
1196 89
4498 64
3578 85
2028 88
1210 88
495|20
140523 70
115149 87
1259 91
1721 77
136562 77
80489 87
19 61
50872 86
231 69
102123 74
52319 84
7254 82
7360 88
8528 84
1645 79
46578 90
30810 79
2918 86
148626 90
56775 74
496|6
1221 77
99149 67
858 78
904 79
8865 52
114713 57
497|11
1193 72
112556 66
112290 68
1916 66
92259 73
2329 71
112552 71
1258 71
2762 67
5349 61
111362 66
498|7
344 71
231 70
648 79
10 80
300 79
356 94
316 75
499|6
1202 75
2337 67
38304 86
327 61
56286 69
1304 85
500|18
2599 66
2987 63
543 61
2700 68
2542 71
1265 69
2916 65
356 72
3301 63
1784 65
1914 58
595 65
2355 63
3536 60
1885 58
322 64
838 68
720 77
501|9
6 71
62 67
93 52
45 63
3 61
637 58
11 71
18 68
662 59
502|7
7236 73
1077 76
4412 20
3469 70
2001 64
2520 70
1777 69
503|19
7455 70
7361 77
4878 73
356 75
91500 63
593 77
527 77
858 79
4226 77
1259 74
1342 51
2877 53
92509 61
90866 69
500 61
441 72
48516 77
2858 74
48394 69
504|18
4995 85
5812 80
2321 73
1 82
3556 78
7153 87
6708 77
1288 88
6927 70
4033 82
4700 68
6565 81
342 71
3408 75
6879 73
4361 80
5952 86
5955 75
505|7
1241 89
4105 83
1029 75
74685 81
273 64
6502 89
54999 77
506|9
59258 61
54272 67
37741 73
56782 79
62293 70
51834 57
49286 63
112556 70
61024 66
507|5
165 65
266 63
253 67
377 65
593 76
508|5
2872 43
2011 41
1952 47
1175 47
898 51
509|20
26958 70
130073 70
2028 75
87232 69
33830 5
5313 47
48 58
2090 64
2080 62
6942 69
8907 46
6156 58
5816 68
39 61
3988 55
6807 73
7458 64
1196 76
45447 58
616 67
510|20
1882 34
7026 42
35836 55
494 56
1198 65
514 55
457 60
2935 57
858 66
2699 45
317 49
8949 59
2918 60
145 48
1262 65
6787 62
1208 67
372 45
1242 63
40819 61
511|11
2959 95
53953 71
115149 85
164179 85
6534 57
99114 88
92259 93
318 96
2324 92
1653 88
56757 82
512|10
480 77
150 79
349 73
47 83
350 71
442 64
457 82
50 87
317 67
593 87
513|7
5952 82
318 88
2174 71
235 72
1304 82
1220 76
1080 79
514|20
1335 70
5704 70
62586 70
168358 70
180263 70
1704 79
2005 73
2792 64
2013 61
1673 80
134130 76
76093 77
1333 75
58998 73
68157 79
2406 68
3210 70
54503 77
4855 76
1644 44
515|6
33794 94
2028 98
527 101
91529 96
58559 100
2959 105
516|26
260 70
457 70
480 70
647 70
708 70
1042 70
1090 70
1197 70
1198 70
1954 70
1958 70
2021 70
2259 70
2268 70
3052 70
3471 70
4027 70
4291 70
4306 70
4321 70
4322 70
4333 70
4337 70
4349 70
4361 70
4429 70
517|20
4306 54
53125 45
1265 53
165489 70
97938 51
88744 50
86880 45
4148 41
26761 70
3398 49
1293 54
3988 41
2858 55
4963 52
1204 60
1704 54
47629 52
7669 59
1206 56
46578 55
518|5
3101 64
2657 67
783 66
1876 60
6365 65
519|6
1704 96
356 97
140110 83
6378 87
7445 84
1968 90
520|20
7266 70
318 95
1049 73
59315 81
4995 88
32 86
2716 83
4333 53
1291 89
1732 88
4085 76
2723 73
3081 75
3994 77
33493 79
135 63
2393 70
60516 50
2406 75
1584 80
521|8
661 71
112 70
86 84
104 72
58 87
79 59
52 76
852 68
522|20
99114 81
81932 78
89492 78
63113 71
2959 88
1193 85
1375 68
4993 84
223 77
27611 77
76060 65
180 69
59315 76
1617 84
10 71
67255 81
2023 70
6187 82
318 88
127098 86
523|15
168252 99
8970 88
5989 95
318 106
91529 96
1721 83
293 97
65261 100
4270 72
3147 99
27731 91
134130 94
31696 79
527 101
101962 84
524|20
1356 75
150 74
552 62
748 64
344 61
442 61
253 72
1225 82
20 52
589 77
1242 80
544 61
173 53
1302 71
380 68
457 78
1020 64
788 54
193 48
466 54
525|20
120807 70
317 63
6863 65
8622 70
33004 68
7147 75
2396 74
40815 73
137337 77
1639 71
1968 74
91869 70
45880 66
2100 61
339 66
4886 75
50872 74
86332 70
8983 71
3996 76
526|12
593 88
55247 83
46578 84
176415 70
1295 68
90430 83
4014 78
2352 78
176413 70
215 83
81845 85
51255 84
527|20
2137 78
3114 87
3210 81
3016 73
2161 82
4571 83
2118 88
3421 86
455 56
2867 86
2450 48
1909 78
1214 89
4299 76
736 73
2477 69
588 86
4016 87
1259 93
2533 69
528|15
4886 69
2278 64
80906 75
4037 69
1240 70
64614 71
3821 41
150 68
1291 74
80463 71
593 75
99813 74
85342 72
48516 76
58559 74
529|5
653 59
135 56
65 46
62 69
733 68
530|6
292 73
500 70
300 72
586 65
593 89
11 80
531|5
593 87
590 79
919 79
480 77
1215 86
532|10
1721 75
4863 5
457 87
290 90
1245 93
1242 90
2023 76
2329 92
1304 90
517 67
533|8
1200 93
6502 93
79132 95
46578 94
93840 90
4973 99
2455 82
66934 91
534|20
116724 70
97913 83
94953 74
2003 79
2167 72
7569 84
153 65
1485 70
65514 84
104218 67
344 69
2571 92
5445 82
95875 68
112818 78
82461 71
96610 80
2987 80
138036 81
1566 78
535|6
2571 67
2581 49
2700 62
2688 50
2583 68
2882 33
536|8
232 70
272 70
356 74
335 70
225 62
150 69
434 55
589 71
537|10
80906 89
367 67
7153 88
53322 73
104218 64
97304 83
6539 82
318 93
89745 84
105504 86
538|8
595 86
3671 90
80549 88
4039 73
69757 86
5047 74
44889 70
66934 90
539|8
4306 76
6753 68
5218 71
50872 74
88 61
3301 69
4886 75
69122 71
540|9
2598 63
2959 99
1073 88
8874 92
1681 62
2183 85
2841 79
2747 68
1196 94
541|18
590 77
457 80
413 56
15 61
110 81
595 74
597 70
480 75
356 82
203 69
529 76
357 71
22 68
345 73
546 43
586 62
281 76
350 69
542|20
6539 75
30793 61
5299 61
2542 78
34319 64
33679 64
4963 74
5481 56
1997 74
4025 58
3623 54
924 76
4369 59
6378 71
2571 80
7254 71
41566 67
37733 69
7361 82
45517 64
543|16
73881 83
1702 67
595 89
3301 85
231 73
2378 75
2379 55
86882 87
6377 96
588 90
377 85
48385 81
2571 99
4526 61
4388 64
92259 102
544|22
1 70
3 70
14 70
32 70
40 70
62 70
68 70
95 70
116 70
619 70
626 70
648 70
650 70
694 70
736 70
780 70
839 70
1042 70
1047 70
1059 70
1105 70
1356 70
545|5
1438 57
1267 86
2763 78
1367 62
44 54
546|13
1270 80
3328 85
480 75
1970 59
2456 51
1976 36
589 79
2657 69
1673 82
3941 70
3959 68
3566 54
1977 52
547|5
1211 73
2859 74
2917 82
1394 82
1288 85
548|26
69 70
260 70
356 70
733 70
1196 70
1393 70
1477 70
1621 70
2571 70
2716 70
3263 70
3578 70
3916 70
4776 70
4899 70
5955 70
6874 70
7458 70
8531 70
49910 70
58559 70
74532 70
80862 70
122904 70
125916 70
168712 70
549|5
2571 72
2028 71
4226 73
1210 71
589 68
550|6
167296 70
102125 78
106782 88
116797 86
112852 88
122882 85
551|20
5010 76
34162 70
60069 79
1544 57
45186 71
103772 67
51935 76
4226 83
2353 68
7153 82
5989 78
135569 72
115149 77
88129 73
134130 78
6934 62
47 79
4701 65
2959 86
98809 75
552|20
2916 66
3317 72
1405 51
2953 47
2245 58
2944 71
2890 66
2125 67
508 67
3948 61
5349 65
2959 79
2857 55
173 48
2991 66
2871 71
2628 57
4308 65
4878 72
3101 59
553|17
55765 88
3481 85
1923 82
2571 94
4011 94
50 96
3949 90
1089 96
44199 86
5513 70
2231 89
2395 80
3052 82
61257 70
1221 96
33166 88
2959 99
554|18
1196 93
1022 80
2820 70
1207 93
1517 79
1282 87
1210 92
1760 31
2282 62
1225 95
907 68
1358 85
2096 77
1028 89
593 95
608 94
953 91
2324 95
555|20
790 70
3664 70
1 83
3111 91
3395 70
104 72
1334 60
2506 69
2072 61
4002 79
1266 88
2641 64
2256 59
2791 82
2701 48
1333 81
1320 67
337 78
1393 76
3526 78
556|7
162600 75
122890 78
3081 78
88125 86
588 86
72998 81
74789 68
557|6
648 72
231 64
1291 86
260 88
1210 86
150 80
558|12
5329 70
5064 87
4903 74
2297 81
2568 70
4993 93
4306 88
367 72
5283 68
1097 86
4164 78
5294 86
559|20
552 63
608 83
355 45
329 66
544 62
1527 73
173 54
377 71
745 79
174 55
529 77
350 68
349 70
533 60
836 59
1210 82
420 54
786 61
227 57
253 73
560|20
5839 70
91535 61
136018 49
67997 85
79132 80
3253 71
142558 70
2355 70
39435 55
1527 72
40414 77
64614 77
48744 63
56587 68
593 82
76251 70
84944 71
109313 70
5878 80
40819 76
561|20
168174 70
5308 55
78469 58
3703 74
60069 75
91535 59
2105 62
73017 72
5445 70
2000 71
83134 73
79132 77
79592 61
80463 75
89745 74
527 80
8972 65
353 72
33162 67
68157 76
562|20
27140 70
6870 84
6377 89
2580 89
1249 93
4776 84
36529 82
1259 90
1982 81
2268 84
2133 75
83134 86
3210 79
48394 84
30707 87
33836 55
2692 90
88163 88
99191 70
1240 87
563|20
61071 70
70932 70
80858 70
919 76
74450 63
588 74
5943 53
118997 64
86833 74
1197 84
128832 70
85397 65
45221 44
33499 53
7380 67
96821 79
81784 51
95307 47
65585 67
55250 46
564|20
50942 70
356 84
31685 65
131013 67
61024 76
79224 54
87869 74
500 68
108156 61
81784 53
93270 47
6188 73
106918 81
65230 66
67087 70
80693 67
94677 77
8984 68
73266 51
2671 74
565|6
590 76
231 61
19 54
21 71
50 85
539 69
566|15
648 69
10 70
231 62
329 66
342 68
141 71
203 69
345 74
39 67
497 76
265 76
588 76
708 69
353 76
2 70
567|20
8189 70
26743 70
92681 70
109897 70
152071 70
5690 59
136602 46
122888 70
6333 51
1274 56
122922 53
153070 70
151687 70
117877 70
108928 42
954 56
122924 46
27773 55
648 47
135887 48
568|23
50 70
147 70
296 70
356 70
480 70
593 70
765 70
1103 70
1104 70
1257 70
1298 70
1895 70
2313 70
2359 70
2863 70
3053 70
3148 70
3261 70
3363 70
8169 70
46723 70
63853 70
65088 70
569|5
231 70
50 96
380 80
588 86
592 78
570|20
208 54
8636 70
48516 78
1225 77
586 57
2683 60
457 73
1196 76
110 74
4993 76
7361 78
1198 78
1079 74
10 65
3793 69
1391 57
589 73
380 64
527 77
185 56
571|20
1331 70
2982 70
2366 66
1128 58
610 66
2902 50
1998 27
3696 65
1980 70
1987 70
70 64
1924 57
2279 45
1327 49
3732 61
1972 42
1278 75
1644 40
2327 62
1978 37
572|20
1961 85
2570 66
2788 90
2321 76
111 90
904 94
2987 78
2302 71
1834 87
2539 69
2917 87
1307 84
1 85
161 80
3421 82
838 84
1356 83
2006 68
3167 74
1953 84
573|20
89745 91
72998 83
3752 74
356 95
7293 84
6754 79
8665 87
32587 90
1073 89
88744 85
1127 84
68954 92
98809 87
2640 86
48516 98
71535 87
59369 84
60069 92
88140 82
1562 53
574|23
47 70
110 70
150 70
153 70
161 70
185 70
225 70
231 70
292 70
296 70
300 70
316 70
318 70
329 70
339 70
344 70
380 70
410 70
434 70
588 70
592 70
593 70
595 70
575|8
2566 5
2580 82
296 87
2581 63
2572 75
2542 83
2574 43
2598 57
576|5
849 49
1321 57
1373 47
1479 54
2289 65
577|20
2415 70
1183 69
1288 80
1129 67
2944 75
2194 76
733 68
1213 81
2076 75
2020 78
1262 80
1931 77
1391 59
2987 69
952 75
1909 66
260 80
919 74
2248 72
1270 76
578|6
6751 70
52668 81
45668 82
830 74
72407 66
75446 70
579|15
3174 78
2485 65
1022 80
2018 78
838 86
1917 67
1391 69
596 79
1573 77
2965 70
1653 91
2599 84
892 83
2687 76
595 84
580|20
5767 70
6583 70
480 72
8844 70
6989 70
3809 66
41569 65
3699 63
4041 67
33166 75
356 80
508 72
8376 64
3578 78
608 79
3785 58
3089 80
1320 61
54286 72
1201 82
581|8
7153 90
5995 89
4973 92
116797 85
3949 85
4306 85
109487 87
6377 87
582|12
91529 85
2959 92
116797 84
4993 88
5618 88
2571 88
76251 77
69844 82
104841 80
48516 90
97752 77
76093 84
583|12
8533 69
88405 59
2706 67
117590 74
317 62
60756 67
6942 72
595 71
46578 77
104 65
2694 62
7451 73
584|17
288 78
22 83
203 84
315 71
500 81
316 80
539 85
234 59
296 101
257 84
434 75
586 75
338 70
349 86
282 80
480 92
590 94
585|13
3173 74
1228 91
54503 86
2959 96
428 83
1405 62
7254 80
441 86
1805 64
296 93
27373 70
5325 78
79132 90
586|20
34332 70
4016 91
111659 68
106002 81
149406 80
167036 90
45499 81
136556 70
5445 88
117851 78
1291 99
71264 90
106489 79
135436 74
3753 83
2640 90
3147 98
122916 94
3793 90
101362 64
587|20
1234 89
628 78
2012 76
534 82
2002 64
1641 82
236 72
1376 77
2622 74
1541 63
3260 87
497 84
3082 73
445 67
3448 81
2574 46
765 66
691 66
329 72
3406 71
588|12
50 78
16 72
20 49
356 75
350 62
198 63
593 77
364 73
163 67
253 67
223 70
3 60
589|8
1092 71
318 97
590 85
373 80
586 68
587 78
527 92
337 81
590|20
924 75
8807 68
2371 61
38061 78
81834 75
40815 71
4890 59
903 78
5 57
3624 61
555 72
4047 74
51662 69
2085 64
419 53
595 71
329 62
2376 64
3635 67
2398 75
591|11
2908 78
2706 69
2712 70
2355 72
3615 62
3578 80
2394 71
3798 62
356 82
223 77
2724 56
592|19
514 76
2 75
153 65
415 58
110 88
177 65
420 59
380 76
44 55
788 60
588 82
163 78
204 54
610 79
39 72
419 61
253 80
432 57
240 62
593|20
1196 73
1073 68
1086 71
1617 73
4034 71
41566 61
1197 75
344 55
8368 70
339 60
2959 76
8961 68
5816 65
2797 66
4896 67
588 67
595 66
5952 71
377 63
141 61
594|20
7031 70
2671 91
7115 83
1616 78
5943 68
1188 88
2269 76
1733 110
4902 100
6996 34
780 86
1429 89
6140 86
7046 71
39 84
595 94
799 93
2028 103
8482 70
7169 91
595|5
265 83
50 94
1186 81
1199 93
1966 81
596|20
33649 70
43744 70
182793 70
129397 48
128908 70
1 76
142488 84
122922 74
4310 59
71838 61
4025 59
2501 73
110102 75
149406 65
2774 70
5502 65
8665 74
6537 61
2571 81
345 72
597|20
1799 75
490 68
3040 74
2529 88
2858 91
903 92
3039 84
2000 83
1291 91
357 81
1228 93
1845 93
2411 62
1580 78
1148 94
1198 94
2723 76
485 68
592 76
2692 90
598|5
56367 78
8360 73
593 85
114265 70
103543 43
599|496
26142 70
26567 70
26590 70
26676 70
26854 70
27595 70
34800 70
53450 70
60803 70
69131 70
74696 70
79895 70
84523 70
87960 70
92674 70
98799 70
102735 70
102852 70
104017 70
105020 70
122433 70
157865 70
158874 70
160978 70
161044 70
174727 70
179053 70
1801 57
6035 56
3387 43
33437 57
112 53
5995 65
167706 70
4394 70
836 47
7235 51
8809 55
102749 70
89087 46
42011 39
432 41
471 56
5628 57
1015 51
2 55
2269 49
69 59
3947 53
79091 59
104837 70
4037 62
7587 62
6881 57
1449 62
7225 60
81229 54
68952 65
4728 49
5081 49
33966 70
1779 46
3669 70
87197 70
170297 70
79057 55
95965 70
55207 70
4007 60
1220 61
80831 59
46723 57
71282 63
7757 60
3259 51
92309 54
1376 56
7192 47
4654 47
101423 70
53468 51
62662 70
3174 55
3698 53
2882 33
2359 57
1183 58
2792 53
1095 60
8387 9
53125 53
115713 62
2949 60
2471 42
3 51
1231 64
3861 50
240 47
1480 56
2301 60
1445 42
8045 70
586 50
2942 44
1185 64
4594 70
2474 57
3671 63
3196 65
64839 62
98697 70
2606 44
1777 56
5309 44
7022 64
4873 61
541 66
27311 64
43921 60
67734 59
4240 70
5026 66
168 47
33493 58
4125 17
7354 52
207 56
1094 54
742 49
1609 44
1042 49
3362 63
4553 59
4632 50
2278 57
468 52
122904 61
75416 70
42718 60
4285 55
79274 64
1794 70
45081 49
108192 70
3489 57
3503 67
89804 56
163809 70
577 40
3071 52
1204 70
3981 39
95771 70
45382 56
6548 50
59387 62
166528 63
168492 73
6691 70
605 46
424 31
2991 59
248 49
97950 70
3865 57
1216 56
342 54
35836 56
27772 46
176419 54
151781 70
277 49
6320 16
39381 62
5111 70
4090 58
2450 35
2676 59
2356 43
79702 60
1597 50
410 50
1721 55
3702 56
183301 70
1387 65
2072 46
26729 64
2393 52
4247 38
4591 48
1032 57
3087 51
1895 58
634 35
210 52
2074 67
51575 42
3505 64
5247 40
481 48
4215 36
1355 28
2657 55
2028 65
4011 66
420 43
552 50
1196 66
2395 57
5303 56
1752 41
3186 56
4310 48
1784 59
3200 71
7254 59
688 40
473 38
1079 65
1552 48
1148 67
1544 45
63113 56
2325 55
26649 57
6804 70
161 58
4109 47
34332 48
1653 65
4808 39
7707 70
3468 69
502 38
1221 67
1792 51
68319 48
6787 64
2119 26
3884 16
4254 35
3973 37
103609 70
8934 70
5377 62
42632 65
55290 59
4506 53
7840 58
5568 46
1689 41
7005 70
103228 58
59947 70
786 48
4351 54
172253 70
4679 53
1411 66
117630 70
1590 48
112623 61
3146 39
8984 52
1920 47
519 37
179817 59
3979 41
3741 64
44020 44
26630 70
7285 61
3030 71
1021 41
8638 61
87 49
7153 66
2877 47
2018 56
3173 54
5198 70
7101 51
7701 20
3213 64
26159 54
2339 70
33896 63
2000 60
4006 56
136562 55
37382 50
6645 64
171763 68
8528 60
27008 70
4017 60
4167 56
86142 65
1249 67
3255 57
736 49
2779 55
84414 57
27773 64
2083 62
98499 45
4034 64
119828 70
1993 39
94864 50
6631 24
2321 56
26242 54
3703 62
41566 55
2529 62
1968 61
8914 59
3257 48
159403 70
1036 62
76093 64
5103 56
6947 58
1952 66
2124 54
4084 44
6016 68
778 65
81 51
2171 61
1253 62
4275 50
7982 43
3723 60
849 47
2681 53
6565 62
39414 51
122916 62
6440 64
8917 55
72011 59
1605 50
1240 62
923 64
68157 64
5961 70
5053 70
3571 54
2403 59
3871 69
44238 70
72226 67
7004 46
2054 45
62970 50
5159 56
354 60
122924 52
48774 63
1394 64
3763 52
70286 63
1904 56
3969 59
81562 58
102590 70
233 59
4155 56
1031 58
76 52
459 39
1097 61
1178 70
60291 5
3328 68
1232 59
3036 60
5283 48
4327 59
610 57
2726 66
4732 33
5970 55
2396 61
594 57
1247 65
45499 53
3476 57
2399 40
137218 70
1997 62
3271 61
27801 63
6365 52
1799 54
580 58
122900 58
2803 51
80219 53
466 44
110882 63
3997 35
26176 70
2378 51
117895 32
26662 65
90603 63
119218 70
44 41
809 41
1960 61
4519 53
1959 60
414 40
1073 62
61236 52
1479 53
4019 61
1245 69
37857 64
161032 70
371 56
3020 58
88593 70
6774 63
2005 60
90405 52
26285 70
6793 32
627 61
1617 67
6734 30
108090 70
2427 52
51024 58
122922 61
3440 33
6874 65
4919 53
338 46
81591 57
1704 64
1499 31
357 57
62155 57
144 53
34148 56
53519 52
4504 70
2796 50
216 55
6827 18
1429 56
7445 57
1385 46
90471 53
8425 70
10 55
26542 50
7387 63
72998 57
89470 58
3629 68
1297 59
3424 65
1672 55
44761 66
196 42
70703 70
2383 33
180 56
4040 39
6333 60
4440 60
5291 62
88235 58
1639 59
4580 8
153236 70
86190 56
4477 33
103027 70
32291 59
34811 70
5171 48
122260 70
8784 60
5954 63
8798 61
707 47
880 44
314 61
61323 57
600|20
3269 50
1394 69
3785 51
2717 51
5569 57
4306 68
1206 71
56775 57
2015 60
7 51
2013 54
262 67
1210 71
1060 64
2431 59
2077 61
2423 62
4641 62
527 72
5076 49
601|20
141846 70
68157 91
1262 93
106782 90
60069 89
49272 91
5445 82
1193 93
1207 92
79132 91
904 96
166024 78
1917 66
7153 92
2324 94
170697 81
31658 91
5989 88
88810 89
2571 92
602|20
161 69
19 51
350 64
494 67
14 65
471 65
125 72
434 58
235 67
481 56
315 54
371 65
474 69
527 78
21 66
349 66
440 66
339 65
480 70
163 67
603|20
602 70
803 70
2008 70
2577 70
3459 70
4787 70
2912 77
1769 56
485 59
4420 70
920 75
1 78
2706 67
1844 79
3787 70
1222 81
190 49
2716 76
3983 85
101 78
604|20
220 70
292 74
151 77
329 69
410 66
426 64
435 52
316 69
22 72
235 76
181 45
332 62
273 61
637 66
285 70
173 57
588 79
23 67
553 79
1 82
605|20
35347 70
6787 76
1197 81
5667 70
42738 59
51662 70
7373 66
596 66
780 64
4571 69
2316 61
7454 52
150 71
60040 60
8977 43
3269 55
72982 70
1210 78
62376 49
60937 48
606|20
263 70
563 70
583 70
3808 70
4671 70
4840 70
5856 70
6111 70
6573 70
8685 70
32728 70
55805 70
3147 84
4392 69
2311 76
6308 48
50842 5
6591 90
8270 69
2025 94
607|20
891 72
1610 80
448 77
3147 86
1094 70
1307 81
592 71
204 52
1552 64
527 88
3476 74
296 88
2313 80
3440 42
423 61
1518 69
2118 81
2193 73
380 73
2028 86
608|20
52245 61
2997 75
3793 72
2763 71
174 52
2000 71
1214 74
919 71
2700 74
4161 63
5146 61
1639 69
541 78
473 45
2529 73
522 71
4343 58
1909 65
2431 66
1220 72
609|8
296 76
833 37
356 74
339 62
454 65
318 79
208 52
292 62
610|20
5953 70
58975 70
70206 70
78626 70
82765 70
97988 70
107447 70
107462 70
110591 70
110746 70
118082 70
139655 70
160341 70
86644 62
56801 55
61024 79
77561 75
4816 78
62434 79
3972 88
