1|20
260 101
1927 102
804 77
3 79
1009 74
2406 84
1587 80
3671 95
2617 77
3053 95
2571 101
1222 101
2137 85
1377 75
2395 87
2761 97
2641 74
2872 89
1258 100
2700 93
2|6
333 72
122882 75
71535 75
46970 64
58559 81
80489 75
3|8
5764 70
647 37
6835 70
5919 38
2851 31
2288 41
5048 29
4518 36
4|20
106 70
1291 75
3408 66
265 69
52 67
4347 72
2467 73
908 78
345 69
1304 75
1923 68
2959 81
368 66
1219 76
4765 74
1199 79
4166 39
1732 76
21 65
2858 76
5|9
515 74
1 77
364 78
608 82
290 80
261 74
34 71
318 87
21 70
6|20
349 76
318 96
775 70
141 75
348 81
104 74
327 64
410 68
165 78
87 67
366 68
17 82
1084 88
222 76
16 86
416 52
277 67
460 63
867 12
316 72
7|20
8528 69
3623 51
8636 69
8360 67
1517 66
466 53
8373 44
1220 70
7155 51
8808 52
6863 62
31878 67
1610 71
1219 75
4700 60
45668 61
8970 68
27741 76
6333 69
8865 53
8|10
356 84
47 81
231 62
318 89
454 72
292 69
32 80
141 70
380 69
252 68
9|10
5451 60
923 80
5890 87
2901 61
922 84
6044 70
1987 70
5378 62
3735 76
5447 58
10|20
597 64
33679 61
8533 67
8969 59
72720 69
88810 74
136020 58
6377 73
5943 48
109374 71
113394 70
61250 47
82167 53
140110 65
5377 69
77841 70
6942 69
1028 72
72330 70
66203 54
11|13
733 79
1584 81
1210 91
170 75
1438 60
648 76
1918 66
493 82
10 77
457 87
1693 76
150 83
1923 81
12|7
2717 76
2100 81
838 98
2072 78
1876 76
2581 79
6942 97
13|7
3717 70
3624 69
3798 70
2174 77
47 87
3893 76
305 62
14|10
344 61
477 67
110 80
540 53
597 70
153 57
592 68
4 46
539 70
105 66
15|20
91529 75
7438 73
111759 73
2329 78
1 72
1909 64
1240 71
115713 73
1200 75
293 74
2571 77
3949 74
120466 64
1198 78
2028 76
2011 66
158 52
160980 67
4306 73
4022 68
16|20
1230 74
78499 75
913 76
1136 77
1299 73
1617 75
1203 77
3429 78
2858 74
608 76
3683 76
4002 68
1199 78
912 77
2707 60
5782 72
1260 69
319 69
27773 74
2109 62
17|20
260 88
64839 81
296 87
5952 85
527 88
1193 88
3681 87
1240 81
2717 63
2858 85
1093 72
81932 81
5618 88
50 89
5971 84
2959 91
1201 89
541 87
82459 82
1 82
18|20
8117 70
65596 70
88094 70
145283 70
157110 70
166015 70
171023 70
103253 63
60684 78
44199 77
2 70
86628 75
59784 70
2918 79
109374 81
4226 84
53129 86
139385 79
47 81
1291 81
19|20
3692 70
3662 46
54 40
2733 39
1702 45
1240 62
1270 65
3712 48
1881 51
216 57
3 53
1834 65
2184 57
3017 54
2044 33
2354 43
2005 61
3146 41
3387 48
2694 52
20|20
1566 74
5419 64
4014 77
2140 76
586 65
661 70
3189 77
5014 84
1333 79
4161 70
3784 66
1030 59
5313 53
2804 84
2054 59
34 76
1097 80
6358 70
4519 72
1722 65
21|20
107013 70
117922 70
140301 70
57640 72
2985 64
2990 64
2717 57
5418 73
31433 60
112175 73
7153 78
30793 60
4446 65
52973 70
45186 67
2023 67
79185 62
1721 66
102125 68
5459 57
22|20
8961 54
2723 46
60950 49
64575 49
1193 58
70286 53
4993 57
2160 57
39183 49
7147 53
3996 53
3481 52
55765 54
48780 55
7361 59
51540 53
6711 57
2968 53
3949 55
48394 53
23|20
6234 70
3996 70
293 73
1206 75
1136 76
1960 69
7587 72
3424 75
3181 76
2467 71
1248 83
1617 75
6807 73
1952 75
6440 73
1258 75
1243 77
1080 71
8228 67
1711 55
24|20
1784 71
2617 61
111759 76
134853 77
58998 73
1265 75
1198 82
3147 80
1197 82
1220 73
2424 62
5418 74
72011 72
54286 73
27773 79
64957 68
356 79
44191 76
1682 74
68358 76
25|6
58559 100
60069 97
74458 95
79132 98
527 101
260 101
26|21
10 70
34 70
47 70
150 70
153 70
165 70
185 70
208 70
225 70
288 70
296 70
300 70
344 70
349 70
356 70
380 70
434 70
454 70
457 70
592 70
593 70
27|20
1196 83
2478 64
2640 73
3508 87
3555 69
1201 85
3519 63
969 81
2080 71
673 57
2886 19
2529 79
1387 81
1101 68
1947 73
1250 85
1276 85
3114 78
1083 65
3809 68
28|20
27450 70
60943 70
61011 70
63033 70
5617 66
59369 58
60046 70
507 54
3300 60
55094 56
59018 70
26695 70
2951 66
3006 62
2231 64
5418 63
26812 51
2058 56
353 61
61167 70
29|17
98961 83
7379 71
1250 89
1201 90
111362 81
48516 89
1100 54
26554 89
3441 72
4327 76
2872 77
2301 78
1617 87
3681 88
55820 83
4223 77
99114 84
30|7
5952 98
108932 93
1200 97
91529 98
116823 89
112852 98
1198 102
31|10
1198 91
1200 87
648 74
1363 67
1073 82
1036 83
1197 92
377 75
1246 86
1270 87
32|20
236 69
314 80
1356 81
357 74
224 75
627 75
1079 86
1084 85
318 92
761 56
1197 89
849 62
912 89
880 57
1198 89
58 85
203 70
608 88
497 82
410 66
33|20
110 82
17 76
2396 78
2272 61
448 72
428 76
265 76
1280 87
1177 86
1617 84
50 87
261 77
11 75
452 53
345 75
608 85
150 78
1188 75
800 82
2690 76
34|18
780 65
2273 62
3717 61
26606 73
45499 65
3996 73
4310 59
3624 60
31685 61
1721 65
5146 61
7090 77
70 67
2006 60
3000 78
4306 75
27728 32
3997 38
35|5
11 87
185 71
595 88
21 83
300 82
36|12
5171 41
3066 61
552 46
4025 44
1262 60
2735 40
2359 52
1372 50
1278 60
2194 57
3347 61
1704 59
37|5
344 71
356 97
661 78
329 77
457 93
38|16
434 55
39 61
223 71
161 67
246 78
168 56
273 54
480 68
356 76
457 72
364 73
50 78
500 63
300 64
551 65
21 65
39|20
2571 87
2391 77
1921 83
1862 42
1219 85
1907 78
2081 76
2459 69
924 83
2529 82
1729 76
47 83
260 87
2080 73
592 71
296 87
3213 84
610 75
589 82
596 74
40|20
440 79
454 80
588 85
339 76
158 63
432 58
431 85
186 63
616 81
514 80
21 79
592 76
1 88
223 87
585 62
216 80
104 76
371 77
111 93
267 67
41|20
96829 72
64839 67
122882 66
6287 54
1569 60
106920 69
86781 79
3160 66
1721 60
2028 70
6763 37
5418 67
53519 57
122904 67
55247 68
924 69
4011 71
2324 72
35836 61
5995 70
42|20
3869 80
4654 61
1021 53
2423 78
3248 45
4477 44
2500 46
1431 58
195 71
3326 79
2407 72
1090 87
2735 60
3693 55
1020 72
4545 73
4132 55
2263 58
3535 84
2805 64
43|20
225 94
296 114
596 96
588 104
587 95
420 73
158 76
631 79
5 80
597 96
168 83
355 63
47 109
367 87
519 63
594 99
236 90
1 106
60 87
259 77
44|10
36 77
663 71
12 48
661 68
94 79
1 80
104 69
112 66
494 72
889 70
45|20
2718 77
1036 87
2028 92
1653 91
1682 86
2396 86
3249 73
261 85
4308 81
329 74
1367 68
2890 84
593 94
1127 82
2431 77
6377 91
569 67
1197 95
1060 84
2858 92
46|9
590 85
588 86
315 68
208 65
1 88
432 59
225 79
434 68
339 77
47|20
508 61
68932 57
72395 65
2420 61
597 59
148626 67
5989 65
96588 64
69122 62
6155 56
4975 58
30749 64
106100 66
45950 61
2028 68
4018 54
1259 66
6373 56
33166 65
2407 54
48|7
4886 89
1320 73
1527 85
1193 96
3793 85
48 72
1653 93
49|5
2028 89
1214 85
139385 85
318 95
527 91
50|20
8143 70
114335 70
136564 70
142074 70
171759 70
175693 70
179073 70
175707 70
71264 55
82848 70
1377 46
44555 63
8157 57
6807 61
95543 46
8253 51
96610 55
924 60
32875 70
4896 56
51|20
7040 70
5620 66
2613 62
4437 91
2023 79
1500 83
522 84
858 98
4508 81
2951 90
1014 83
1407 73
2282 65
2420 83
3388 55
260 94
3186 78
3994 79
3501 62
2371 72
52|20
152081 89
51255 95
74458 93
1923 86
7438 93
40583 83
59784 81
55765 92
112852 95
86892 90
55363 96
112138 88
49272 95
52245 71
69481 94
50794 68
1704 96
54736 88
44665 91
47200 77
53|5
481 89
1100 70
249 106
1125 101
916 116
54|7
296 68
593 68
639 45
1 63
205 52
161 59
500 55
55|5
2407 49
673 43
3275 63
2890 56
4011 62
56|10
786 70
253 81
165 81
110 91
589 90
370 70
434 68
410 71
69 84
185 69
57|20
2140 69
942 82
920 71
3175 70
1784 71
3429 83
933 84
1193 82
3446 31
160 56
1499 37
2640 70
892 73
11 71
2947 74
6 76
2478 61
2291 73
1688 65
2301 72
58|20
588 86
282 73
185 69
419 62
367 73
277 70
48 71
280 86
337 83
345 84
3 74
357 80
527 95
587 79
218 74
500 77
508 84
368 80
364 90
353 86
59|20
1696 44
6460 108
3489 79
1188 82
1222 93
2076 87
3448 84
1263 90
1247 92
527 94
1244 91
904 97
903 93
965 87
2616 66
1953 87
608 93
105 73
912 95
3471 85
60|5
832 64
58559 80
805 69
455 47
858 82
61|8
266 70
1101 71
7438 84
173 56
555 79
2012 73
4878 86
3949 84
62|20
99114 89
176371 85
3793 83
56757 82
73017 86
30793 70
179819 71
68554 75
185135 96
168248 94
5903 87
4878 91
2028 92
5502 74
6058 66
344 67
1721 76
45499 76
41566 78
78105 65
63|20
5669 73
4246 70
48780 76
500 65
6016 80
31658 77
2858 78
64285 79
85414 67
1221 81
106696 69
4963 73
50 81
1097 72
260 80
110 77
1222 79
4979 72
5952 78
77561 66
64|20
5878 85
3101 68
2640 76
2959 91
8784 80
2054 58
4239 79
4025 62
5026 87
40819 82
266 70
2699 61
27266 82
3969 76
1805 63
6296 79
4776 79
3148 81
4262 81
356 86
65|7
1246 81
33660 81
7458 71
2329 85
4993 84
91542 75
3147 84
66|20
593 92
47 88
5418 86
922 95
2139 82
2956 67
3745 77
1956 89
4581 70
5349 80
1210 90
1094 76
2001 72
380 75
6539 86
671 77
1 86
6378 82
7766 94
296 92
67|8
99114 81
4306 80
27193 75
79132 83
60069 82
2012 70
4886 79
4993 84
68|20
47978 70
95218 70
6534 50
48696 70
67267 74
30825 58
1799 67
3556 69
8622 67
4351 62
63113 66
58295 64
7151 68
2413 66
6287 57
653 56
41566 65
5541 59
260 75
48043 65
69|10
4370 81
4848 96
3671 95
2476 91
1193 101
356 99
553 89
4022 89
260 101
3994 85
70|13
1193 90
1097 82
1914 81
1269 87
4995 87
318 95
8949 82
1968 83
1210 89
89492 83
1250 91
1235 92
2366 79
71|7
494 71
647 70
736 66
95 60
733 73
589 80
7 62
72|9
1047 71
150 83
858 95
2490 77
1357 89
260 92
50 93
1198 93
1196 91
73|20
1193 87
45720 76
105037 59
6333 79
59315 79
76293 65
138204 77
2706 72
152081 79
45221 46
68135 73
150 79
8376 72
93510 80
59784 72
116823 77
106072 71
1682 80
52245 63
35836 73
74|20
31522 70
2594 84
2908 84
30749 84
6870 82
3006 82
52281 81
49772 86
55118 89
2997 88
6305 83
608 91
4546 86
41863 89
27773 88
6001 90
1251 92
6552 84
46976 81
44555 91
75|14
5445 65
1240 68
5952 72
2193 63
6870 67
2529 69
168 54
541 73
3176 63
1962 64
2078 68
1889 68
1266 74
1374 67
76|20
48877 47
5956 58
2918 61
58803 58
1247 65
74458 63
7669 69
79132 65
8957 51
858 68
55820 63
1258 65
63436 41
1201 68
1208 67
48 50
288 52
34405 64
1 62
1196 66
77|6
3996 78
4973 87
7361 86
8636 76
3578 80
33794 79
78|13
296 78
165 67
3809 64
589 74
546 41
27904 72
260 79
590 70
480 70
68791 64
344 57
44974 71
380 64
79|13
3266 105
3029 76
589 88
1916 80
307 89
4005 74
260 94
1189 90
1345 76
2000 83
1374 85
2659 70
2076 87
80|20
7445 84
96691 75
84189 70
91630 85
49530 87
8950 93
6539 91
4223 86
5630 80
3527 85
76251 86
80363 65
52604 88
6502 93
34048 77
1221 99
60684 89
6952 67
5989 92
77561 82
81|26
10 70
32 70
47 70
110 70
150 70
153 70
161 70
165 70
208 70
231 70
288 70
296 70
316 70
318 70
329 70
344 70
356 70
364 70
367 70
377 70
380 70
457 70
480 70
588 70
589 70
592 70
82|20
6886 70
2381 50
2378 62
6566 46
368 71
6536 72
3253 72
4310 62
1608 67
1372 69
145 63
356 82
6708 73
1485 63
4369 62
6564 50
6888 43
5803 45
4015 56
364 79
83|20
56367 68
7143 68
7323 66
6539 68
161 64
586 54
2115 64
1270 71
6874 71
2324 73
1537 69
7153 72
68954 70
48774 69
30749 68
8014 75
1222 73
3753 61
1223 78
64983 58
84|20
55 70
987 70
912 86
1096 80
420 55
1227 83
113 55
580 54
5060 78
1293 78
900 73
1097 77
62 73
368 71
1305 74
1247 82
1296 79
11 75
1073 77
1094 69
85|7
1519 70
1624 49
1140 70
1694 56
1643 73
1747 69
1635 79
86|14
4993 87
4310 65
6947 77
2411 60
457 82
5418 81
3996 81
4901 73
1835 72
33794 82
1196 87
3555 72
1097 79
2687 72
87|5
4023 66
2009 75
3504 90
671 75
2139 81
88|12
7312 70
74795 75
4993 91
68157 90
5952 89
1193 91
223 85
8665 82
4262 85
56782 95
8677 47
58559 91
89|104
26645 70
32060 70
44851 70
53280 70
53578 70
67888 70
69211 70
81087 70
84246 70
103602 70
108078 70
109596 70
118894 70
121007 70
128089 70
128944 70
131098 70
131439 70
134847 70
140481 70
146684 70
148632 70
150554 70
164226 70
30793 54
169912 43
87869 62
1923 62
4015 47
950 60
173253 70
2324 68
27826 70
92259 68
11 66
3977 47
86298 49
8154 70
77688 70
2997 64
170837 70
49274 40
157775 70
1 67
142196 70
99117 53
62008 70
72624 70
108156 55
3752 58
2059 55
128520 69
3175 61
133879 70
48649 70
126088 70
5529 41
65588 70
99130 70
40962 47
1732 67
68659 55
91666 70
2683 57
3751 63
750 75
6650 74
149508 70
2395 58
51575 47
65230 55
171751 70
85881 67
139157 70
6863 60
4246 58
108949 51
1230 61
160567 71
73319 49
177185 70
130520 56
5220 46
121338 70
153386 70
50872 62
149566 70
145491 70
4890 53
129354 52
32243 70
84944 59
6402 70
1288 68
140133 70
119141 66
947 75
176621 70
4973 64
158398 70
69469 70
54503 66
141928 70
102481 61
90|11
1137 70
1144 70
581 98
81 71
892 85
1073 85
116 71
896 44
17 83
7 68
613 67
91|20
3013 70
6395 70
8147 70
7153 80
3360 72
2791 76
3897 76
1080 77
4850 61
3429 83
7000 64
2060 67
2916 70
1391 61
2100 61
318 84
2146 68
1225 81
1246 77
8501 67
92|5
2572 84
2114 87
1015 70
2454 77
1801 82
93|20
736 82
1917 76
552 80
1721 86
539 89
480 94
1372 86
368 89
2355 91
1923 93
2193 90
2006 80
339 86
1097 96
1591 69
260 106
2968 98
1676 84
593 106
558 76
94|12
231 54
377 62
367 57
364 70
288 58
19 49
10 62
586 55
590 67
380 61
589 70
318 78
95|20
18 82
4878 91
6979 78
4732 50
3019 91
5246 40
32 89
2952 82
1247 92
1198 95
5283 69
3361 84
1513 67
2009 77
539 79
122 59
1584 82
1240 86
4262 88
5349 81
96|16
527 87
1094 71
272 79
3819 93
150 78
2021 73
2571 86
1214 81
2058 70
1220 78
733 74
2340 64
1721 70
2396 78
367 66
1291 84
97|8
4701 76
4306 91
3578 92
4993 96
4963 90
4299 77
3981 56
4161 77
98|19
81845 86
8961 82
122912 82
5299 68
63992 52
187541 64
56152 77
134853 84
69644 62
6863 72
5618 89
56801 54
3499 83
134130 83
74789 63
82461 69
1258 87
88810 85
79132 87
99|11
318 111
161 91
420 68
592 85
196 67
122 66
145 78
150 95
316 83
236 83
588 95
100|20
497 84
296 89
1393 78
95 64
592 73
605 61
6059 76
28 87
2245 70
62 77
4308 77
1777 75
838 83
2125 82
1288 89
234 53
1197 91
2005 80
4014 78
4623 76
101|13
2580 83
3285 62
2723 69
2700 79
2908 79
2390 82
3175 74
2395 74
358 55
2702 63
3394 56
2997 83
2502 85
102|12
158 55
588 74
150 74
592 66
253 70
480 73
344 59
539 69
553 72
593 82
586 60
223 76
103|20
86014 70
1954 84
60040 70
1968 82
77206 70
2161 78
1732 87
81834 86
608 89
2384 61
4254 48
104 72
139642 62
56782 94
2096 74
101 84
6534 58
374 47
60069 87
30793 67
104|20
4740 70
743 49
5218 73
8643 66
1288 82
47997 73
468 65
76251 73
8533 73
4018 64
38038 77
1566 70
7361 84
6060 47
3034 72
1641 74
4641 72
108190 59
616 72
7034 76
105|20
4788 70
69685 70
95311 70
95313 70
110586 70
141816 70
141818 70
170597 70
172587 70
172793 70
173351 70
173535 70
6433 57
4974 60
70286 82
108981 70
95175 70
69122 78
1243 91
3916 80
106|7
69844 91
72998 84
59501 82
86880 79
5349 85
53125 81
59784 81
107|7
231 71
253 83
590 88
165 83
434 70
208 67
318 103
108|16
800 90
6022 67
4995 90
2585 88
5316 69
4975 77
3978 68
5349 80
2926 81
4246 82
4878 90
4994 78
1968 85
1684 68
497 87
5380 88
109|20
380 64
1033 66
231 57
364 74
589 73
480 69
62 67
31 60
587 65
1032 65
586 57
778 76
540 49
256 53
163 67
252 62
223 72
553 69
537 61
168 57
110|11
26171 58
2468 50
1198 83
1089 83
1222 82
1208 84
4881 77
47 79
527 82
1193 82
2428 51
111|20
100194 70
162602 70
171251 70
2145 66
96588 74
65088 67
66203 59
84772 68
2081 71
91529 79
6365 67
45666 51
3255 70
1282 74
6539 77
86833 75
122882 75
59143 81
86911 63
5283 61
112|13
788 55
161 72
1917 60
16 79
21 70
208 57
434 60
39 66
3717 64
19 54
110 80
32 79
70286 76
113|20
4083 70
39 67
3168 74
932 87
2331 56
3359 83
1086 83
3504 84
1339 72
904 88
3546 70
4063 43
4062 65
1077 78
1589 72
2475 64
3831 76
46 60
1733 95
4007 76
114|7
141718 70
54001 67
2291 66
167732 70
122886 66
8961 68
3147 72
115|20
1580 75
2804 84
1387 86
2792 69
3146 54
3273 55
3052 78
2841 76
2719 46
595 79
2700 82
383 67
2027 42
2148 64
2770 59
3785 64
2916 78
3175 76
588 81
1377 66
116|18
2716 70
858 80
1299 75
62383 58
1339 66
1276 79
597 65
1029 63
1101 63
2797 69
2657 63
1961 72
1407 60
5995 75
1704 76
165 66
2115 69
8360 67
117|20
708 66
587 68
589 77
151 69
36 74
1036 75
595 72
288 64
596 69
48 61
315 59
454 69
353 73
474 71
10 67
60 62
805 70
491 63
616 70
485 60
118|5
1221 80
1625 70
153 54
1961 73
1810 66
119|20
95441 73
117176 87
1092 74
91529 92
74458 90
4387 84
79132 94
168252 95
44022 77
78499 95
122904 89
106782 93
442 70
4993 94
31685 74
6365 78
141004 49
4148 69
88744 86
8644 79
120|5
260 83
32 78
5 59
631 58
52 72
121|12
497 73
440 66
161 68
527 79
292 63
344 57
186 53
316 62
1 73
19 51
163 68
337 69
122|20
27660 88
69784 86
7022 97
148652 73
4816 85
56174 85
94959 94
81591 88
71535 94
30810 88
2997 98
1732 99
108932 94
780 83
1090 97
3253 86
106782 99
72226 101
1200 98
1214 96
123|12
68554 68
115569 82
79132 83
109487 81
1196 84
4226 85
296 85
7153 84
143458 70
47 82
96829 86
2858 83
124|10
56145 80
2161 78
260 91
175 88
1358 81
6377 87
4226 90
3147 89
608 90
1223 96
125|20
5088 70
86721 70
110330 70
54503 82
72011 77
162578 88
119145 81
176371 79
55247 82
1240 80
86332 75
68157 86
112623 73
4082 40
160567 89
3342 69
109487 83
88140 74
98607 70
81562 77
126|8
364 73
349 64
231 56
380 63
410 57
300 64
253 65
457 72
127|5
2915 55
903 64
55276 59
5060 60
272 59
128|7
904 91
965 81
926 85
1066 92
1721 71
1080 82
1198 89
129|20
4370 72
480 79
3698 72
2692 87
2138 86
1968 82
8368 85
653 66
7143 83
316 71
6874 86
239 63
2916 78
733 77
4896 82
2028 88
3977 60
3000 88
1907 80
31658 87
130|6
208 59
316 67
292 69
110 82
590 76
296 85
131|14
2273 57
6947 65
58559 74
908 74
4878 72
89745 70
7256 72
68237 71
2722 51
2028 73
48516 75
3178 65
64614 70
969 72
132|20
6251 70
3275 70
4995 67
2987 60
7444 54
3262 58
4168 48
31658 67
44191 65
1089 69
3967 65
5502 55
50 70
58559 69
5992 67
2108 58
1844 68
2657 56
47 66
2470 53
133|7
454 58
356 67
589 64
150 61
153 47
380 55
527 68
134|7
442 64
595 78
349 74
380 72
367 68
509 74
296 88
135|20
592 71
4084 59
893 68
3994 73
2004 72
608 86
1358 78
3852 71
3489 73
1614 63
1198 88
4128 77
1883 65
2302 68
1291 84
410 65
1261 87
4022 76
4881 81
1077 80
136|20
161 76
193 50
585 57
338 60
277 64
380 71
181 47
337 76
437 50
165 74
611 59
151 73
340 66
252 69
432 55
552 65
350 70
280 79
273 60
150 79
137|20
6787 83
2716 77
1198 86
750 89
919 78
1270 81
318 89
150 76
2997 81
1200 81
6986 70
7153 84
1242 83
110 81
33493 71
1197 86
2959 87
1237 89
903 83
7762 84
138|5
2707 67
1960 77
1959 76
849 60
3996 78
139|20
4025 37
7445 44
60684 47
4865 46
68319 37
7090 49
5502 41
260 52
8371 40
53953 40
58025 38
106782 50
6957 44
7163 36
3827 37
3624 39
52722 38
54259 45
4367 37
115617 47
140|20
5699 70
5299 63
1393 72
356 80
609 63
32596 62
4795 66
34072 71
1617 80
5256 48
5943 52
1084 79
4337 70
3108 76
43396 75
4719 55
1005 43
4321 67
5812 75
4259 73
141|20
5418 73
54503 75
4963 74
2478 61
71535 74
317 61
68954 77
54286 72
6365 65
54272 70
4447 63
5502 63
6377 77
6373 64
1265 74
91529 77
2502 78
441 75
1517 69
48516 81
142|8
434 62
384 75
588 78
50 88
527 87
356 85
337 76
377 73
143|15
1721 64
61250 48
6942 71
7169 68
8533 69
106696 69
3421 71
87232 71
78316 64
69069 68
59421 53
2144 69
96821 75
7173 59
500 63
144|20
589 79
541 83
8368 79
597 70
590 75
410 63
1246 80
527 84
356 82
500 68
19 55
2700 76
434 60
733 71
780 68
1036 77
5377 77
552 63
586 61
2081 73
145|5
344 60
339 67
380 67
318 87
588 74
146|7
7293 67
3257 55
32 73
1367 56
3686 56
410 58
47610 68
147|5
1234 84
168 63
552 65
555 77
2395 74
148|10
88125 74
5618 80
108932 73
81847 74
72998 68
5816 70
8368 76
7153 79
81834 76
4993 79
149|12
1097 59
1374 60
1831 38
1527 58
260 66
173 42
1206 65
1200 63
2021 56
1580 55
1391 50
1375 53
150|6
3 67
1356 78
5 61
95 61
733 73
1073 78
151|12
786 73
562 91
780 81
837 80
747 69
1265 93
828 78
1073 91
1 93
648 82
1393 86
1359 65
152|13
50 84
2959 86
116897 86
89492 76
1193 84
69481 80
85774 74
115713 79
111 82
92259 85
1234 81
79132 82
318 88
153|20
134853 48
1732 48
8533 45
4014 45
81456 39
106782 49
8528 46
6863 41
87194 40
2617 38
1246 48
106100 48
1954 47
7458 43
4226 50
89904 47
72998 43
133780 70
586 37
36535 48
154|7
114662 86
119145 92
81834 95
122904 92
106072 80
76093 94
77561 82
155|10
153 60
3286 38
1200 85
260 88
141 73
2355 76
2384 60
2948 81
432 55
2959 91
156|20
26313 70
31038 70
1230 79
1711 60
3341 82
6296 74
762 48
2361 56
2076 77
4784 59
661 65
2926 72
8571 70
47 78
3176 70
58 79
848 61
866 81
1485 61
923 80
157|5
785 64
3617 59
2720 39
2770 52
527 79
158|6
1093 71
2605 63
2872 76
2723 70
2428 54
66320 70
159|20
2959 76
60069 71
45720 65
597 63
4022 65
89864 66
49286 62
140110 63
84954 57
4447 59
1197 75
68954 71
6942 67
1961 68
106696 65
480 65
539 62
166643 66
40819 70
63082 72
160|20
126 38
1371 52
1198 71
196 45
3408 59
5349 59
3213 67
2408 44
839 47
3593 27
2748 28
533 49
1975 46
1676 55
3745 57
2011 59
733 60
3826 42
778 69
2840 46
161|8
4980 63
7247 76
47610 76
1223 93
38038 81
3429 89
2144 76
2336 77
162|8
150 90
225 83
168 72
50 101
300 83
266 80
31 77
62 85
163|5
1608 60
1810 63
1747 62
1777 63
1837 47
164|8
1036 87
2916 82
110 91
589 89
3527 83
1101 76
1201 96
2167 75
165|13
2353 66
3624 61
110 78
5505 67
5527 72
3256 69
5956 71
5418 75
5530 49
5450 69
1127 71
3409 58
5881 63
166|20
33794 84
1721 74
4011 89
5378 68
3481 81
49530 80
2353 73
47644 64
54272 79
8961 83
1198 91
2542 88
1036 83
608 89
434 65
5219 67
5418 83
2396 82
349 75
2324 90
167|20
33493 67
4886 73
778 77
3052 69
7147 73
6857 74
45501 55
6480 70
1682 73
2231 74
784 53
33794 74
2083 73
2413 68
6333 71
8961 73
2139 70
150 71
6773 72
35836 66
168|19
3730 96
1248 102
1201 95
1089 94
296 93
923 91
1222 93
5291 85
3543 86
1302 81
3362 88
1148 94
3101 72
57669 94
2076 87
1729 81
908 93
85354 63
80463 88
169|20
3536 84
2028 100
364 97
953 99
4886 95
5400 74
8644 84
524 85
2795 90
1022 87
3114 94
3967 96
1517 87
1035 98
8641 91
6365 83
661 81
457 96
3287 57
1416 84
170|10
318 86
296 81
586 60
377 68
34 70
592 66
277 60
500 66
266 65
588 74
171|17
485 74
1220 91
1025 90
801 69
1259 96
1079 98
828 78
317 76
869 89
380 82
1136 101
1225 101
661 79
318 106
47 96
1198 102
1208 102
172|6
3087 62
3578 78
7438 78
2072 60
3793 73
2762 77
173|5
10 68
329 64
586 60
597 68
588 74
174|14
553 78
520 66
224 76
648 73
161 77
317 67
158 59
780 72
315 64
485 65
282 68
440 75
350 72
10 74
175|5
531 70
8911 70
43904 35
38388 82
8362 58
176|8
165 82
434 69
39 76
368 81
380 78
780 78
47 92
471 81
177|20
42002 64
91542 71
6332 59
3668 72
45672 60
783 63
27706 64
2657 65
114662 71
1206 79
83132 77
5218 70
508 70
3114 73
1321 66
2176 76
8798 73
88140 69
2012 65
339 65
178|16
7361 92
527 91
2329 91
5995 88
6502 86
4235 88
1198 92
208 62
6539 83
296 90
349 75
10 75
4226 90
1240 83
2579 84
318 95
179|14
367 71
589 88
161 80
231 68
288 72
743 54
1061 81
317 70
786 68
592 75
671 76
296 92
434 66
364 88
180|5
1261 82
260 82
1748 78
1242 81
2140 70
181|20
157 58
593 76
596 65
353 69
539 65
516 61
132 59
169 42
25 66
31 60
542 49
6 72
707 54
185 56
464 54
502 44
415 48
480 68
592 62
344 55
182|20
4879 70
6969 70
3911 73
2728 74
4313 68
8042 84
1291 79
3113 57
3578 78
1590 60
161 71
4452 55
224 71
4980 61
4262 77
2353 67
2890 73
1127 72
541 82
6041 77
183|12
480 75
380 69
1196 84
2951 81
2534 38
4085 70
1287 80
2194 79
3247 60
1233 86
2662 68
1408 79
184|20
158035 70
181413 70
193565 70
97304 82
74754 61
168250 78
191005 70
106072 71
166291 89
127152 91
86332 76
80463 84
5816 78
122898 62
81845 86
5810 71
170813 69
174479 70
112852 85
148626 85
185|10
1685 70
2396 75
5377 75
1721 67
5952 80
1393 71
595 73
2085 67
4995 79
899 82
186|20
2605 68
1214 89
1291 92
3745 78
1269 91
2527 78
2532 65
4361 84
1307 87
2968 87
4306 89
2541 78
1702 63
480 84
1097 86
3977 63
919 87
3527 83
593 95
1196 94
187|20
26122 70
3949 79
49272 79
231 59
1206 82
6874 79
1729 72
1209 82
48394 75
6502 78
2701 45
4027 77
288 65
2542 80
7153 81
39427 52
6890 78
1222 82
8949 75
1748 78
188|10
2346 74
1212 95
594 83
1282 87
3469 82
2396 87
1091 60
3341 95
1264 89
2206 93
189|5
48516 84
4993 83
79132 82
2959 86
58559 83
190|14
6711 85
4776 78
8784 78
4995 83
5630 71
4306 81
30749 80
1221 87
4975 71
8961 80
858 89
8464 76
69844 80
7438 82
191|17
496 70
21 75
72 69
175 88
494 75
417 82
17 80
6 84
85 85
292 72
314 81
58 87
235 77
213 62
161 77
160 62
162 91
192|5
356 89
288 71
316 72
349 76
432 57
193|7
44555 77
55442 76
4878 75
6016 77
307 73
1270 74
5618 77
194|5
163 70
1396 68
1500 71
1288 80
5060 75
195|20
3424 79
2770 54
1041 88
1653 78
1923 71
3160 73
4723 45
1863 49
2336 72
2166 49
4308 70
1909 67
260 82
2028 80
3252 73
2908 74
1392 67
1365 70
70 68
190 64
196|7
70286 76
3578 79
59315 75
58559 83
364 79
1214 78
110 80
197|7
1513 62
1240 79
1882 42
786 64
2167 68
153 59
1784 75
198|20
3894 70
3499 75
920 71
1213 81
3949 76
1994 68
1485 60
2572 70
4019 73
1089 81
110 77
593 80
4128 71
1270 77
4886 74
1079 78
2117 73
912 81
1573 65
1682 72
199|20
5464 67
2165 74
2280 50
736 59
5673 69
349 64
5502 61
482 71
8532 70
1172 77
300 64
50068 69
4881 72
3175 66
7445 66
2973 73
34338 66
41997 70
1956 75
377 64
200|20
3809 73
7022 86
50802 68
3968 65
2485 62
500 73
5610 46
590 80
1029 74
53996 74
2572 79
4993 89
4041 76
57640 82
1302 79
1784 79
6383 53
1653 86
1569 74
1517 77
201|20
1748 93
1527 87
1584 86
2858 95
339 80
589 93
2717 70
994 97
788 65
1196 97
2797 87
733 83
1259 94
2174 83
1198 99
2455 82
1569 80
1213 99
160 68
24 76
202|20
3329 70
924 83
29 82
2289 82
1197 88
1196 86
2966 81
161 75
608 86
1209 87
1296 82
3194 74
1784 76
469 76
923 84
2000 77
1587 68
1719 93
3147 86
32 82
203|9
56174 73
8665 79
2407 68
5952 85
590 78
49272 84
40815 80
333 77
296 87
204|17
1136 91
3949 86
33794 84
48394 83
27075 70
1080 85
79008 88
6104 94
8874 88
81591 78
4878 88
91658 77
711 66
2313 83
86320 79
55820 85
5218 79
205|6
912 83
99114 78
91542 72
5816 73
95167 70
96079 74
206|5
36 85
608 94
733 80
140 70
141 77
207|5
2991 60
2428 42
2707 54
3740 64
100 47
208|6
1210 78
2628 60
380 65
2353 64
2278 68
2762 74
209|7
60684 81
1291 86
68157 87
74458 83
185029 87
122886 80
88125 82
210|20
123553 70
34405 93
166203 70
3147 95
31696 77
7649 68
58559 96
2105 77
6365 78
34397 70
4625 50
84772 77
122926 95
76093 91
62836 70
33493 82
1584 84
47610 86
108932 89
122918 89
211|18
58559 86
63113 71
90405 67
57669 87
60684 79
7153 85
73017 79
2105 68
4367 61
356 84
2642 49
1556 34
318 90
44665 79
85414 73
1198 87
1136 86
260 86
212|20
170697 69
122920 70
122892 66
2571 77
5218 68
48394 72
3578 74
1196 77
135143 68
74795 65
179401 64
79132 77
77800 79
108932 71
110102 71
96821 75
8874 76
65261 80
59784 65
2291 71
213|17
3285 66
87520 50
80363 60
76251 79
8957 69
2860 57
1234 89
5419 67
51935 84
69844 85
39446 60
4132 55
858 93
69526 53
4558 56
49530 81
58559 91
214|5
83 70
628 60
743 41
1363 52
802 57
215|20
1172 85
4973 87
63082 82
1291 82
2028 83
3252 76
3210 72
1968 78
1247 83
49272 82
1089 86
72407 52
5650 75
318 89
1208 86
2000 76
1197 86
1196 84
1297 75
4019 77
216|20
104 66
21 68
3996 75
3946 52
2946 66
3993 67
3897 76
2599 73
34 70
3994 68
4034 78
3363 75
1965 70
3422 65
3555 66
3253 69
2087 70
3986 55
2018 68
1923 71
217|20
1867 70
3434 70
1275 65
2468 43
3197 50
1912 65
2302 56
1876 51
380 58
1221 72
2471 45
1918 51
1385 50
3165 68
1590 51
1562 39
1703 53
2056 70
1831 42
160 49
218|6
2657 61
2692 74
1380 61
1198 77
6934 58
5349 65
219|20
60072 57
2115 68
59315 70
6539 71
442 56
30707 74
1704 75
180 65
1219 75
1005 41
27773 76
56156 59
6188 65
6721 67
30825 59
2997 74
1552 55
1500 69
2890 68
1921 74
220|20
3996 85
733 79
1198 93
3994 78
6539 85
1258 91
1917 66
4545 73
33794 86
165 78
71264 81
4623 78
53464 55
5218 80
6365 75
3751 78
32 87
1036 85
5502 73
1591 60
221|20
4338 70
7013 88
8529 70
1080 85
3246 88
2871 84
1208 91
7063 91
2702 66
4029 85
5954 82
2352 80
922 90
2997 86
1278 88
2858 87
1212 89
1959 79
1961 82
3671 83
222|20
81831 70
100498 39
48516 75
1249 75
99813 73
91529 72
59900 51
93287 72
1721 61
2706 61
3273 46
2411 51
64622 68
7143 69
87869 65
778 73
30825 56
42011 42
673 50
64839 69
223|15
55854 70
6711 71
1 67
736 56
1961 67
457 68
2716 66
48394 66
608 71
8784 66
48516 73
3863 55
4306 68
260 72
2683 55
224|11
3496 70
3044 80
356 90
2915 77
289 68
3668 82
1270 88
2797 82
1721 75
2716 83
1259 88
225|15
2423 74
1285 78
588 78
1717 62
2791 81
1321 71
1136 87
1197 88
1753 75
2004 71
2371 67
1407 67
785 71
1060 77
3024 61
226|20
6938 70
32666 70
3552 78
542 54
1240 78
3098 76
2804 81
3668 76
3653 78
2231 79
145 64
2253 49
3052 74
2628 64
762 50
53129 86
4816 71
16 80
2144 75
46948 66
227|19
46976 80
52319 79
81845 86
109487 85
134130 83
215 86
48738 85
47099 83
1196 88
32587 82
912 90
55721 89
1682 82
750 93
778 87
40629 78
97913 81
70286 82
150 80
228|5
2571 89
1373 62
362 76
318 94
3113 61
229|13
34 78
589 85
377 76
45 74
587 75
5 64
475 93
442 65
597 75
364 85
213 62
110 87
527 90
230|20
34330 70
52715 70
47 65
7438 65
527 68
3147 67
45499 56
6537 53
2291 62
1387 66
6863 56
1485 52
595 61
4022 61
2096 57
588 62
4034 66
1676 54
8644 57
2641 50
231|5
92259 83
858 83
593 80
1198 82
109487 77
232|20
31867 70
41769 70
57526 70
70336 53
8644 68
1586 58
44972 39
4019 75
43928 39
30883 30
65802 57
8376 67
39292 76
1035 79
66198 64
66097 74
32011 45
6564 49
7451 76
33164 36
233|20
48394 66
3751 62
48516 73
1721 59
356 71
106100 68
162600 62
608 72
7153 72
134214 62
57669 73
122920 64
2329 73
4239 65
7371 73
3977 48
3147 71
3948 59
49272 69
5418 66
234|20
2616 65
2140 78
172 62
126 48
1562 50
4519 73
153 62
2710 62
3624 68
3483 65
1391 68
438 65
1460 78
2987 79
65 54
260 91
1359 59
3175 78
588 83
2080 76
235|13
480 76
736 66
500 70
454 73
592 69
235 73
595 76
32 81
527 86
648 70
223 80
588 77
377 72
236|30
1214 70
1278 70
1345 70
1350 70
1387 70
1388 70
1982 70
1997 70
1998 70
2447 70
2459 70
2490 70
2496 70
2502 70
2505 70
2542 70
2572 70
2580 70
2596 70
2598 70
2606 70
2657 70
2683 70
2694 70
2718 70
2770 70
2806 70
2858 70
3024 70
3052 70
237|10
32 69
4254 39
94959 68
293 71
1371 56
1193 74
7361 75
7980 70
43936 54
1374 67
238|9
4954 77
3528 76
4265 60
4901 71
4238 67
593 85
4499 84
4957 50
1193 85
239|20
58559 91
5459 65
4085 75
380 75
95 65
7445 78
608 91
7147 84
6378 81
2115 81
4896 83
36529 81
3994 77
33679 73
47 87
590 82
4022 80
208 63
733 78
51662 82
240|20
368 85
543 81
480 89
367 77
810 50
500 82
546 51
110 97
173 64
1 94
542 64
104 82
34 86
174 66
204 63
225 83
383 76
262 94
434 72
420 65
241|16
81786 70
71899 86
527 83
1206 82
1193 82
99114 79
100714 58
8981 76
53123 83
116897 87
56367 77
3910 78
106782 81
115569 80
4235 81
48780 79
242|7
39 68
380 70
231 63
457 81
592 70
454 73
111 84
243|8
112 81
353 95
62 90
588 95
193 60
586 77
181 56
376 79
244|19
3090 86
1049 71
110 83
257 71
165 74
151 74
1090 83
3755 66
2278 74
648 71
1580 73
1957 80
1610 80
1196 86
3256 73
1573 71
1242 86
3753 72
2243 74
245|5
3196 56
2739 57
3114 54
3274 48
1361 57
246|20
1304 92
616 82
1680 85
6016 96
3081 80
44191 90
60684 87
4973 98
1732 92
1298 86
53125 79
2291 86
2692 92
293 91
4011 94
5013 88
60069 92
48082 90
82202 62
95167 82
247|20
48516 80
593 80
2858 78
49272 76
1961 74
44191 75
527 80
116797 76
68358 74
122886 72
480 71
223 74
1265 75
2078 73
1198 80
1682 73
6377 77
1089 80
953 77
919 73
248|11
4886 77
1198 84
166528 76
176371 76
316 65
147374 66
102903 68
189333 5
122912 77
58559 83
5218 73
249|20
110350 70
102903 75
2167 72
94959 84
84601 74
2395 78
97306 76
3408 77
89047 70
91500 76
91542 80
40815 83
69844 84
904 94
46723 78
3826 54
68791 74
88812 68
67695 12
50 92
250|6
1282 89
2407 76
318 103
1597 72
1246 93
8880 81
251|5
142115 102
293 93
356 96
318 102
1089 98
252|8
164179 85
89745 86
6377 88
164909 84
1682 84
166643 81
143355 73
78499 89
253|10
44555 94
916 95
608 93
2300 90
7099 91
4217 92
26366 70
1192 100
4642 97
3363 87
254|20
46578 85
44195 87
207 74
49278 71
6333 78
780 71
110 84
1210 86
49272 84
27846 85
32587 80
2571 87
44929 85
47 84
293 84
1580 73
5995 85
32 82
592 71
48394 80
255|9
1270 57
4467 57
2023 50
3501 40
1663 54
1394 57
3392 44
2542 58
2915 51
256|20
3247 66
88744 83
377 78
4973 96
53972 77
118696 75
95441 71
104841 83
71535 86
2953 61
81229 79
53121 63
30707 90
2571 92
68791 76
170 76
6942 85
90405 73
6537 71
33493 79
257|5
1500 69
594 68
2502 77
494 66
2406 65
258|5
4995 85
7147 81
72641 78
76093 83
47099 82
259|6
508 64
5945 56
1784 63
4886 67
1356 66
1584 63
260|20
7361 83
3556 73
162 82
903 79
5690 82
6337 74
4878 79
5617 78
342 63
5219 59
2997 78
8011 81
1206 81
3317 77
6709 62
8874 78
2348 74
3822 77
2959 84
8645 78
261|11
3897 80
16 80
2060 70
296 84
2723 68
1682 78
4085 70
2194 79
7361 86
4238 67
58559 85
262|12
708 60
539 63
457 70
322 65
339 61
85 71
26 66
17 67
213 52
273 52
593 74
728 61
263|20
223 79
150 78
500 70
2987 74
2953 56
110 82
4226 85
8370 81
1197 87
7458 72
708 69
1111 83
2125 78
6942 78
5013 79
163 74
457 81
8636 77
1967 80
2085 70
264|12
7841 88
1376 69
151 70
5816 73
1907 74
1320 63
1917 59
150 74
3578 78
1090 79
253 70
1876 59
265|20
3807 70
316 62
253 67
1302 69
724 58
1240 72
3504 77
230 65
3831 70
1956 76
3098 70
529 72
1270 75
3791 57
1177 79
2322 58
1488 59
2474 66
1198 80
1962 68
266|20
476 70
2812 70
2700 76
2278 70
24 64
2770 55
2702 61
64 42
1405 55
2580 79
1527 73
2167 65
457 78
1580 69
2300 79
1923 72
2094 64
132 63
2571 82
2097 60
267|12
2858 92
593 94
1175 94
3006 85
1302 82
3999 57
3113 63
1093 77
589 89
2571 93
923 91
3996 87
268|20
1641 69
587 63
1125 66
1911 50
2802 56
1036 70
1370 63
50 77
2064 72
1784 66
1912 70
1966 65
454 64
1234 75
2247 56
1394 74
2829 59
802 61
260 75
2858 74
269|6
724 66
743 52
95 63
1 84
63 58
648 74
270|8
661 60
62 65
79 51
628 65
14 64
1356 69
141 63
25 65
271|9
3897 70
32 70
2791 69
969 71
6787 72
2858 72
55765 69
1320 56
2288 69
272|7
177765 71
1240 72
51662 71
122922 72
49272 76
158238 74
6365 64
273|11
440 81
593 96
500 78
608 95
223 89
111 95
150 86
21 81
466 65
235 82
520 71
274|20
50147 70
2947 75
3037 83
1645 67
4951 68
2036 50
1359 53
35957 65
553 72
76293 61
3918 65
1503 49
45431 67
4816 67
54999 67
5667 70
4876 47
56805 68
1921 77
54004 69
275|20
1784 79
2289 86
5884 70
1171 76
357 77
1912 83
2539 68
235 78
4886 83
2572 79
2355 77
3253 76
1192 96
926 88
111 89
2100 69
3089 91
1393 78
1719 97
1392 74
276|9
673 74
356 108
466 75
104 89
631 76
648 90
2 91
1367 79
344 79
277|6
637 67
736 72
656 64
1 87
780 76
260 94
278|5
2371 70
1347 71
4002 81
318 96
2369 61
279|20
134130 74
1101 65
166528 73
90405 63
61132 67
79132 78
56782 83
97913 72
1608 64
4226 79
59315 72
88129 70
54286 72
1258 79
8665 71
58559 79
4993 79
8376 65
107406 67
1200 77
280|20
92535 94
344 66
262 85
3146 55
4239 83
4447 73
8638 82
919 84
72641 82
86817 57
8368 87
49530 81
6863 75
35836 77
55052 81
54503 86
4246 81
48516 92
1911 61
3916 82
281|5
46578 72
8361 54
35836 62
3897 69
3861 51
282|20
5995 89
3977 60
3263 66
25 78
6708 79
2683 69
4718 66
6711 90
5481 63
6863 74
5669 83
3752 69
588 82
80463 86
1921 86
1193 91
4369 67
48322 94
1194 82
784 61
283|7
1580 63
39 60
1704 74
356 74
586 56
2082 51
805 66
284|18
474 84
173 61
2 80
296 96
15 69
348 86
248 70
318 101
47 92
353 87
275 43
44 60
339 78
367 74
276 71
165 82
637 69
235 82
285|8
1193 82
949 77
1247 80
6978 64
113207 70
4447 64
441 77
296 82
286|20
454 72
778 83
5989 79
1333 76
165 72
500 69
7438 81
2294 65
4993 84
4995 81
7361 86
70 71
4980 62
1258 84
4963 78
1097 77
4848 80
539 71
377 71
110 81
287|20
3160 59
3578 61
223 60
2633 61
1059 58
586 47
3005 47
532 46
1193 65
2599 58
2028 63
1485 48
3826 39
2081 56
8949 59
2012 53
101 61
4034 62
2422 31
2115 57
288|20
4473 70
4966 70
1008 70
2867 69
42015 60
141 63
2571 76
13 61
53519 60
2407 61
5418 71
3916 69
2347 40
2528 58
30810 67
575 51
32587 71
587 64
2517 54
8361 57
289|24
3 70
16 70
235 70
266 70
594 70
708 70
750 70
1080 70
1101 70
1208 70
1220 70
1258 70
1917 70
2012 70
2174 70
2710 70
2797 70
4322 70
6125 70
6327 70
6453 70
7025 70
7028 70
26704 70
290|20
1228 90
1299 87
2494 89
2739 88
608 90
2130 79
908 90
341 70
1447 76
342 70
1056 69
1719 97
953 87
928 89
1394 87
2648 75
475 94
2731 85
1357 87
2385 48
291|7
40815 90
122892 82
106489 78
134853 93
7153 97
88125 91
1 91
292|20
520 60
103339 60
122900 69
4896 73
2291 72
474 70
85056 61
46972 63
95167 68
164909 74
3176 67
3476 69
1608 64
31221 39
1101 65
3985 66
3984 68
1017 68
69844 75
231 59
293|5
1682 60
1673 64
344 48
1617 65
1097 59
294|20
416 40
3869 60
1064 54
2794 45
610 59
2133 57
1391 52
3868 59
1129 57
520 51
3387 48
355 38
2378 51
3693 42
785 56
2193 59
2367 49
2458 47
348 61
3501 45
295|9
1221 85
3198 78
1287 80
1213 85
4351 67
1198 85
858 87
318 88
2329 84
296|6
160848 70
2028 83
169034 70
4144 83
50 86
2324 85
297|15
832 51
543 51
1645 52
111 63
454 54
1089 64
6 59
1249 64
1047 49
1370 52
1488 48
150 57
170 51
1092 50
866 62
298|20
57640 53
95510 46
6811 42
8370 56
8807 50
63131 48
6881 49
3785 42
122900 51
103042 45
6294 36
2167 47
2005 54
6006 44
653 44
55995 37
3018 50
69757 53
103772 47
3825 39
299|5
3793 79
1387 86
188 78
1198 90
1214 84
300|32
318 70
356 70
527 70
593 70
1172 70
1704 70
2028 70
2324 70
2329 70
2571 70
2762 70
2858 70
2959 70
4848 70
4973 70
5995 70
6016 70
6711 70
7361 70
8950 70
48394 70
56174 70
63082 70
79132 70
81591 70
92259 70
99114 70
109487 70
112183 70
112290 70
112552 70
112556 70
301|20
21 65
357 65
2490 64
6711 76
589 73
8949 70
837 62
3948 64
364 73
527 78
5989 72
4963 71
608 77
292 63
3578 74
3897 73
4226 77
3753 65
1393 67
1792 58
302|7
480 80
14 76
3 70
25 78
648 74
707 63
110 87
303|11
5378 65
3703 81
1127 75
5544 81
1196 86
3471 78
1580 72
1394 82
2683 66
920 76
1358 77
304|20
314 83
2571 91
2433 65
10 76
1376 76
480 81
1373 62
1777 76
1270 88
1517 79
151 77
356 90
208 63
474 80
1214 86
1375 73
640 58
1722 67
185 67
2701 50
305|20
74624 70
140627 70
87869 78
919 83
1197 92
106100 85
138210 78
788 59
7482 84
80590 63
103075 63
903 89
6537 68
93840 85
54736 81
592 73
2288 85
58803 79
55276 82
1272 92
306|20
5784 47
68954 75
69644 55
6377 75
95543 59
81847 72
111743 59
85367 68
168418 74
167018 69
72998 67
122904 72
69406 65
85788 48
4963 72
115664 69
134368 66
112852 75
161634 60
133419 63
307|20
2190 70
4181 70
31424 70
49314 70
5010 64
7845 54
3392 51
1220 63
6793 35
6483 18
2332 25
56003 45
1991 47
3273 44
4876 41
3421 63
1409 46
413 46
4447 56
52867 70
308|20
2959 54
45517 43
96821 50
72998 45
318 55
2 44
904 54
589 49
8961 48
56152 47
56367 49
5618 53
36 47
410 40
79132 51
4993 52
8464 47
1221 53
2248 48
6 49
309|20
2202 86
1645 66
898 86
1682 74
296 80
1089 81
1269 78
7153 80
6947 71
8340 71
1104 88
7218 70
25886 84
1219 78
8154 84
971 79
1944 76
6365 65
1262 80
2762 75
310|13
6863 68
6947 74
1101 68
6503 50
2524 73
2457 70
5899 78
733 72
246 85
3254 67
1223 90
1080 79
2671 71
311|6
6561 70
5992 48
1517 44
6461 47
1407 40
2706 42
312|20
5816 76
1375 69
3499 81
589 82
2454 70
1358 78
4878 84
4103 83
3793 77
2028 85
1371 65
4121 68
2366 76
2747 60
4105 79
5446 75
2699 61
2529 81
1350 80
1356 79
313|20
4980 59
170 66
3917 65
2455 69
5544 77
541 80
2193 69
2000 72
6 76
1968 75
1089 82
1301 74
1240 74
3175 69
4865 73
2005 72
2167 65
1375 65
2087 71
2530 56
314|20
7 54
1042 56
44 46
165 63
457 70
293 71
597 62
329 58
442 54
26 66
830 56
728 61
618 70
107 59
536 49
10 61
1376 61
153 51
208 51
150 67
315|7
1262 71
2729 65
2529 67
2067 72
2553 61
909 69
902 68
316|11
1748 70
253 63
3968 53
158 50
5445 65
3751 63
7438 70
6874 71
48 56
3882 49
2572 65
317|20
133115 70
73321 63
91529 78
74545 71
7445 69
1213 82
48774 76
4262 75
1884 77
5989 76
3578 77
4011 80
68358 76
1208 83
72011 71
3897 76
3499 76
96829 81
116797 78
56782 84
318|20
26713 70
81191 70
90245 70
111817 70
127180 70
145080 70
150696 70
7445 72
1090 79
116799 75
82459 79
48385 67
2294 64
64839 78
88125 78
109487 79
4021 92
33794 77
54286 76
89753 76
319|7
115617 87
6377 91
356 93
136864 51
1221 96
122904 87
110 90
320|5
72998 66
71535 71
31184 69
59315 70
1013 61
321|12
587 73
356 86
160 61
592 71
597 73
780 72
339 71
355 48
410 65
3 68
500 71
457 82
322|20
2882 37
1968 67
2542 72
58559 73
2788 73
2146 62
2617 55
2918 68
778 72
2599 66
4027 69
4993 73
1230 71
51540 67
1 69
1617 73
1923 64
4010 55
11 65
1035 71
323|20
377 61
480 65
356 72
1094 60
161 63
115569 70
1198 74
29 70
551 62
22 58
318 77
112183 62
253 62
111659 50
3257 52
260 73
150 66
329 57
342 57
266 58
324|5
2764 77
3972 72
3864 32
3949 73
3897 71
325|20
2848 70
235 70
2986 55
262 76
1573 66
2596 72
1584 71
1217 85
1676 65
4714 38
3770 50
3261 67
2894 70
2155 62
1279 82
1614 59
3994 68
2268 74
2915 68
5008 85
326|20
8665 77
47610 76
20 54
2858 84
86882 78
5418 79
4973 89
133771 81
48774 81
2324 86
1293 79
2692 83
72605 66
70159 55
54286 77
5446 74
6591 92
4226 85
105844 75
31410 79
327|10
3301 79
150 84
858 96
1923 81
51255 90
48516 94
1304 90
765 68
6888 48
2706 78
328|20
2687 58
112852 68
70286 65
1196 71
457 67
364 67
80463 67
3489 59
318 75
595 63
5349 61
2542 69
1219 69
35836 59
3751 61
79091 62
7153 70
596 61
2398 66
1148 72
329|5
130482 70
136850 70
858 55
1884 51
750 56
330|20
5378 62
316 65
1639 71
2918 77
919 76
3949 79
3535 76
5349 71
380 67
1676 65
2502 81
3703 78
1682 76
2683 63
1206 82
1721 67
2791 77
2081 71
8874 80
592 67
331|20
8874 80
6157 52
88125 77
6539 77
3897 78
4446 67
7361 84
50872 76
4995 80
4306 78
6874 80
5502 66
3911 73
608 83
4447 65
593 83
3751 71
8665 74
4367 58
2959 86
332|20
47 77
1653 77
1258 79
316 64
8983 71
431 73
97757 70
2291 73
1835 66
356 79
5502 64
4308 69
1203 81
1682 74
1249 81
76251 70
2905 82
318 84
2294 62
32 76
333|5
3785 50
3752 54
3616 55
3615 52
3646 36
334|20
55820 70
1196 73
1580 62
1291 72
3996 68
589 70
30810 64
4027 70
1 69
64957 63
1625 66
50601 49
44195 74
27416 71
6867 70
2997 71
293 71
480 66
5378 56
51935 68
335|6
780 70
592 69
356 84
296 85
2699 60
2001 66
336|12
1267 96
1 89
38798 72
33660 91
1784 84
2001 74
2268 87
293 92
1625 84
4886 88
50 96
150 86
337|16
318 110
47 100
16 98
805 90
1393 90
266 83
667 59
168 75
784 70
65 62
110 100
708 84
25 90
1356 95
277 76
786 77
338|8
189111 70
190207 70
190215 70
190219 70
7153 72
593 72
187541 52
185029 71
339|20
72641 79
5445 79
84152 85
96079 81
106072 72
69122 78
5617 86
41285 79
56869 70
48322 93
65216 82
91630 77
86504 87
91529 86
83613 64
4993 88
3470 89
102407 73
2028 87
5952 87
340|28
10 70
110 70
150 70
153 70
161 70
165 70
185 70
208 70
253 70
288 70
292 70
296 70
316 70
318 70
329 70
344 70
349 70
356 70
454 70
457 70
480 70
589 70
590 70
592 70
595 70
648 70
780 70
1356 70
341|11
2335 72
3624 68
130087 66
1370 75
135137 59
117529 70
5459 64
45672 67
1 84
47099 84
4025 65
342|14
2683 59
2598 53
2881 57
2369 51
1268 69
2605 56
2599 69
1198 78
3157 52
3826 46
2428 47
2827 41
3863 59
1959 69
343|12
858 90
3000 85
48394 80
4226 86
4878 84
3993 72
2571 86
1617 86
31658 84
55363 85
55820 82
296 86
344|14
111362 77
380 69
316 66
2628 63
4226 83
2571 83
4014 72
2012 69
4034 81
260 84
2541 68
4973 86
5418 77
2712 69
345|13
1019 76
2539 66
926 85
5902 85
8810 58
344 63
5707 65
2366 76
56949 68
3649 52
6658 67
3489 73
412 73
346|20
3174 68
778 78
608 79
6711 78
6286 76
306 80
7323 72
307 76
3535 73
1212 79
357 67
3949 76
714 73
7937 81
7396 77
5878 77
1120 70
1131 77
3627 76
7115 63
347|9
434 61
590 76
39 68
150 77
454 73
380 70
587 71
317 65
457 80
348|11
318 104
2324 99
4368 51
1213 100
6016 99
2959 102
6893 91
4973 102
1221 100
1960 89
2019 100
349|8
10 73
161 77
589 83
381 75
349 74
231 64
588 80
509 74
350|8
852 62
7 59
637 58
648 66
733 69
12 45
858 83
661 64
351|20
88932 70
87222 71
73344 89
52579 62
2231 78
88744 75
43836 57
79132 82
597 70
58559 84
12 47
8914 75
8950 79
63082 81
6214 80
90376 81
84152 79
480 74
4878 81
1193 84
352|20
72998 76
71745 57
1801 76
34319 71
2600 80
65682 75
1080 84
79695 66
110730 50
38038 83
130490 68
97752 78
1214 84
94864 70
41566 74
56587 77
44191 84
114935 83
59315 80
47610 79
353|18
552 66
25 75
267 62
216 74
367 68
288 69
144 69
186 59
333 77
266 70
112 67
198 71
234 52
145 66
293 84
158 59
163 76
296 87
354|20
1610 79
4306 81
2692 83
3147 84
47 82
903 85
733 73
3977 57
1225 86
35836 72
648 71
44191 81
8665 77
1917 62
7147 79
1923 75
589 81
2959 89
4718 63
1196 85
355|6
316 74
1580 79
3035 95
3175 81
317 71
916 95
356|20
2248 82
52435 89
52975 79
7122 70
44889 70
1641 81
2706 74
4011 89
802 72
7323 81
2502 88
56367 83
1223 96
55118 88
3949 86
3996 83
1246 85
1466 81
223 83
7153 88
357|20
4354 70
8998 70
27329 70
2804 84
595 79
529 81
4663 52
4091 70
1224 83
1242 87
34 75
208 61
58559 88
6296 80
30793 66
1042 67
2100 67
551 75
471 75
2067 89
358|9
26095 70
605 59
5066 73
52328 78
2226 70
42728 70
7361 88
69844 80
36525 54
359|15
405 45
1092 61
1101 64
51412 54
648 64
296 77
1097 70
2396 71
2424 60
593 78
2701 43
2942 51
1682 71
2530 54
4995 75
360|5
1422 65
1620 63
1488 64
1711 63
1414 63
361|20
47099 68
1580 61
377 62
1552 53
49272 71
1263 70
53125 61
589 69
49822 61
8360 64
318 77
2529 69
5218 64
6188 62
2422 35
3082 59
1732 71
1370 61
46972 57
7458 62
362|20
1945 94
592 75
6539 86
51540 84
5989 86
637 66
70 78
7153 91
1252 94
44665 85
407 75
6874 89
2959 95
1196 92
1208 94
8961 85
48516 93
7438 88
356 91
1201 94
363|6
1552 52
1732 70
1517 62
296 72
653 53
318 76
364|5
858 97
9 68
783 75
376 71
1 88
365|20
59315 58
81229 55
128975 45
6874 60
90345 56
158872 53
129354 50
103075 45
135536 46
70286 58
112852 61
76077 51
112818 56
1777 54
6502 60
155820 25
541 60
95720 45
93270 35
135569 52
366|7
116797 82
59315 77
33794 80
91529 83
2028 84
122882 79
7438 81
367|20
926 91
3061 83
1270 90
1287 89
486 60
3536 77
3824 60
2384 64
3072 81
898 100
3618 80
3225 54
2248 86
3157 65
3969 82
3717 72
1259 90
4023 68
1196 93
1258 93
368|20
3753 60
2112 54
1944 67
2986 48
3869 63
1214 68
2947 66
415 45
3035 72
832 58
50 73
2819 66
1801 61
2490 59
1917 51
1391 54
2193 62
225 60
161 62
2881 53
369|20
1256 71
785 62
47 73
2706 63
839 52
377 64
52973 69
743 45
4214 57
5418 71
3863 59
1372 63
27904 70
60069 74
2857 57
1967 72
150 69
2011 65
1580 64
3174 66
370|19
4011 76
4878 75
8961 71
6377 74
2628 58
1748 73
2116 61
589 73
2329 77
7438 73
3977 51
1676 61
593 77
4973 79
4226 76
1240 71
1089 78
8636 69
2716 70
371|9
2571 101
112512 70
1258 100
4090 87
56715 100
3000 100
4226 101
4993 101
1748 97
372|20
335 70
924 75
318 82
1603 48
1479 61
589 74
81 60
387 45
616 67
337 69
1220 71
1201 79
165 67
1243 79
1258 77
377 66
1401 64
450 58
1206 77
1306 56
373|20
216 67
60 60
169 43
350 64
585 52
44 49
371 64
163 68
616 68
198 64
265 70
25 68
6 74
733 67
47 75
2 65
736 61
305 53
357 67
141 65
374|7
296 86
208 59
1219 84
480 77
592 70
1258 85
1339 73
375|7
344 68
1027 69
32 89
2628 70
3256 79
4226 94
500 76
376|20
91535 68
2002 64
1214 85
1101 73
2916 79
33794 85
1198 91
349 75
1371 69
376 68
1240 83
1375 73
4993 89
858 93
457 85
4226 90
5952 88
344 65
2763 80
2797 81
377|20
4942 70
2793 49
1262 93
2791 86
748 71
1345 75
5027 67
5113 72
27692 70
3421 84
6021 70
3364 80
2072 68
8641 83
2163 51
92760 70
2858 91
1503 56
2124 75
2015 76
378|10
33794 79
7153 83
48516 85
3114 78
858 87
68954 81
91529 81
71535 77
90600 72
364 80
379|8
318 87
377 69
19 54
292 67
480 74
367 64
597 69
344 60
380|20
60818 70
172875 70
172881 70
172887 70
355 51
6979 77
5476 33
2735 60
68194 96
63433 72
72356 95
105731 47
1833 66
551 79
6731 83
27831 85
1665 68
393 57
140956 78
2791 87
381|20
2085 70
1088 70
3253 72
185 61
317 64
27808 67
1240 78
19 55
3753 71
4321 69
72011 76
3082 68
333 75
2140 73
1385 60
2273 66
1208 85
457 79
104 68
2716 77
382|20
1204 98
142372 47
135532 65
1201 96
112171 78
1198 95
912 95
81847 87
4638 63
63540 37
1681 51
170289 70
103042 73
72737 83
2496 71
357 79
81537 71
59501 78
101362 59
4890 70
383|7
2436 85
2541 71
2496 66
1584 77
2558 50
1246 83
903 85
384|14
3527 67
1388 55
2683 59
2502 76
4333 55
3098 68
4396 54
457 73
358 49
968 69
2724 51
296 77
3991 51
1204 81
385|20
736 61
1080 73
249 71
1219 76
1036 73
1136 79
282 60
1073 71
1200 76
1228 78
1022 66
1007 53
1201 80
1246 74
344 57
589 74
1023 67
1287 75
594 68
1303 77
386|14
110 63
410 50
112 51
165 56
223 62
648 54
185 48
608 66
485 49
305 45
44 41
585 44
349 55
10 55
387|20
4393 70
5156 70
5780 70
7336 70
26124 70
40966 70
2712 64
5062 72
1247 74
5489 70
4195 67
7132 77
2946 62
1387 74
3000 76
51939 53
4995 72
912 78
7938 70
1783 53
388|6
6158 70
63239 70
33615 66
86298 59
62999 68
8360 71
389|7
17 94
140 79
628 90
762 62
743 61
95 74
32 99
390|17
6344 70
64957 70
4239 75
5220 52
1193 83
2571 82
9010 82
2291 75
5296 54
4226 82
7254 72
6377 80
63062 73
1206 82
2329 83
4014 72
1784 73
391|20
5575 70
500 66
3994 69
1213 84
516 66
199 79
4027 78
150 74
1408 77
4014 73
1527 74
1059 75
2916 73
4973 86
357 71
555 75
5026 82
4936 71
1210 80
3067 71
392|5
3004 50
2858 77
707 55
1198 80
1125 69
393|20
91658 72
102125 72
48394 76
36517 73
8636 75
110102 76
44199 75
5388 66
54259 73
4848 79
5669 76
1291 81
68848 73
86190 69
2571 82
1206 83
122892 70
106642 88
1625 74
106489 66
394|5
588 64
316 56
344 51
225 58
457 66
395|13
329 59
1025 67
296 74
160 52
208 52
173 48
485 55
355 42
520 56
595 66
126 40
48 56
367 57
396|6
1276 78
1597 57
1777 64
44 48
204 49
2081 67
397|5
4017 76
8645 82
1701 80
8228 75
6993 79
398|10
6408 70
1197 91
5971 86
7022 85
1198 91
60069 87
2455 75
1136 90
48516 90
82459 84
399|8
1198 84
110 79
5445 73
1196 82
593 82
480 73
1270 79
2194 77
400|9
608 94
356 92
2571 93
2959 97
7153 93
1221 95
3578 89
858 97
59615 66
401|15
5952 76
6297 67
55768 61
48982 68
166461 69
49274 48
50872 73
32031 59
79091 70
170939 70
38038 73
8360 69
3114 73
33615 63
1136 79
402|10
1084 93
597 80
52 83
329 75
296 95
586 70
315 69
1036 88
434 69
527 96
403|7
110 80
2427 65
3210 71
296 83
61465 56
1663 75
180 69
404|12
204 50
349 66
474 70
34 68
364 76
508 71
105 62
593 79
509 67
277 59
315 58
185 58
405|20
70708 70
293 84
7254 76
37731 77
2959 91
345 77
1213 89
7134 70
64614 83
6023 67
1241 82
2329 88
1247 86
3052 77
68237 85
1199 89
27592 81
27664 67
3418 75
1215 87
406|5
1586 56
135 54
56949 63
46972 61
724 59
407|5
7153 84
2959 87
6539 78
1240 78
54286 76
408|20
1198 97
122904 88
44840 69
165101 59
6618 87
1291 92
1210 93
89745 90
1278 94
7324 75
44 59
8641 85
115210 87
103596 41
68554 76
2571 95
109487 91
63131 80
80489 88
4649 84
409|20
2485 61
2490 74
2028 88
3812 74
1278 88
2997 86
296 89
1078 74
3016 68
1073 82
2683 68
2289 85
3846 71
912 91
2013 66
1911 59
2352 80
1230 87
2541 73
3174 76
410|20
389 70
3224 100
318 93
2302 69
4002 79
1060 79
4297 78
3263 65
1859 78
111 87
58 86
2145 71
3255 75
2321 73
3504 87
3948 72
11 78
4019 80
3 69
597 74
411|20
508 73
261 73
586 61
432 52
353 73
431 74
194 71
318 86
272 75
515 73
356 80
266 65
257 67
349 68
10 67
31 64
344 59
227 53
455 48
122 52
412|20
2828 21
2384 59
2915 73
903 86
608 86
2720 43
2858 85
1883 65
1307 80
1214 82
1784 76
2239 99
1 81
930 90
1136 88
2710 60
915 80
2398 82
17 78
1079 85
413|12
2706 82
1198 100
3753 82
2424 76
593 98
128360 91
4993 98
16 93
5574 82
3948 81
64957 83
2959 102
414|20
4458 70
4666 70
5285 70
5635 70
6033 70
6493 70
6563 70
6628 70
6797 70
48319 70
58879 70
169992 70
3802 45
3599 71
1600 79
8666 29
4975 70
7444 66
4081 37
177593 96
415|19
296 88
1213 89
4321 72
3507 87
4308 76
47 84
1021 51
111 87
2617 66
1276 89
3861 61
4369 65
99114 84
1221 89
63082 85
1234 86
45722 76
1197 90
175 86
416|11
5952 62
5951 42
531 49
1296 60
1199 65
1721 52
830 48
1206 63
7323 57
4848 60
3677 64
417|14
778 93
4995 91
4975 78
7254 82
1198 96
106782 92
27773 92
168250 84
1625 83
7153 94
74458 89
110102 86
48394 87
4878 92
418|19
356 82
296 83
63082 80
104374 80
1276 85
1136 84
117176 76
1573 68
137337 81
1682 76
5816 74
88125 77
74458 79
367 64
89745 79
45672 61
87869 72
7361 85
54001 76
419|20
4093 70
111 86
46976 78
27822 51
2858 85
319 78
6287 65
3578 83
1213 88
64969 76
47 83
79592 68
34319 70
89580 70
60756 74
27704 70
90943 70
2412 44
1240 80
52245 63
420|20
1161 85
4993 85
45499 69
923 83
26693 70
48385 69
1927 85
5608 81
2052 60
6934 65
7022 82
3979 53
59295 70
2329 86
54259 75
1131 83
2762 80
4973 88
5669 78
527 86
421|8
2858 86
909 85
5008 92
953 86
1178 93
2313 81
2478 67
1203 90
422|19
2539 61
2710 55
4947 75
4971 62
5039 75
4925 70
2581 60
4916 59
1265 75
2804 77
3053 75
2665 70
1283 84
4835 70
2908 74
3943 62
1213 82
2670 77
858 84
423|5
1653 86
110 86
2194 84
5349 77
1320 69
424|20
1193 82
141 68
2804 78
40278 74
608 82
108729 70
293 80
69122 73
1092 64
54503 77
58559 83
3186 69
66097 74
778 81
5679 65
3176 70
2288 78
2174 70
71668 75
112556 77
425|20
45517 66
377 68
2329 82
733 69
6 76
1645 67
8368 77
2081 70
4306 76
1680 73
1909 67
367 61
46723 69
1625 72
1036 75
4901 67
750 85
2353 66
1342 56
145 61
426|18
59784 67
150 73
471 69
337 71
54001 74
1197 82
6378 72
72641 72
4886 75
8644 66
37729 70
597 68
5444 73
91325 41
588 73
3247 58
4022 72
79091 72
427|17
4887 54
5463 53
5015 66
110 76
58 77
5528 69
6348 49
5312 57
2710 55
5696 46
4993 79
5266 59
2683 61
5400 57
5816 70
1208 81
5574 66
428|20
2471 42
2762 62
3827 48
1089 67
2953 44
2916 58
1380 53
1997 62
3440 35
4022 58
317 50
4255 36
1208 68
1391 50
6377 64
2581 49
260 66
3285 48
588 60
653 49
429|12
339 84
421 77
150 93
225 86
165 88
266 82
329 80
252 82
279 67
317 78
237 80
204 64
430|12
923 85
2987 76
3745 72
6287 65
2858 85
6365 71
2571 87
4447 68
4014 75
329 69
2076 81
4446 71
431|5
172 48
1625 62
1376 58
3948 57
802 57
432|20
1831 49
5630 68
6870 76
8640 60
6539 77
3916 75
5989 78
84189 70
110 79
35836 70
4886 78
2762 77
1206 82
49272 80
19 54
318 87
58559 83
69481 80
7158 75
33660 80
433|5
91529 73
1089 77
50 77
5299 59
110 73
434|20
1136 87
3147 84
1090 81
1265 81
5989 80
1101 69
1779 61
586 62
344 62
3863 65
1208 87
3160 78
589 81
780 69
6796 77
2791 80
4226 85
2194 80
8665 76
1291 82
435|9
2353 76
44191 89
485 69
3510 78
34405 91
2302 73
158 63
82459 89
48780 90
436|20
204 51
435 47
440 68
432 51
161 70
480 72
377 68
531 63
536 54
502 47
364 77
235 69
371 66
344 59
2 67
585 53
450 61
587 68
437 47
227 53
437|20
748 67
318 93
5 63
640 56
1299 85
1120 78
1396 74
1246 84
454 75
1171 74
1225 89
1183 78
1097 80
1307 81
1268 79
592 72
198 72
155 45
112 68
246 90
438|20
7154 62
2501 77
8966 66
27801 80
1527 76
6711 84
3898 29
1784 75
8644 70
6367 65
2424 65
3889 43
223 80
1517 73
7361 87
2641 62
5009 66
2617 64
3753 72
2393 66
439|5
356 84
4022 75
7153 85
78499 83
1240 78
440|7
8690 70
541 84
29 81
1653 82
1274 81
3174 72
1235 87
441|9
589 92
2683 74
2959 100
4306 91
260 97
296 96
51255 94
47 93
68358 91
442|5
2908 23
2881 20
1186 23
3752 20
4361 23
443|8
2329 88
79132 86
296 87
48394 80
106487 74
108190 61
7153 87
63082 85
444|9
356 87
592 72
208 61
21 74
111 87
110 84
235 76
296 88
344 64
445|16
2028 80
590 73
34405 79
47 78
116897 84
780 66
4011 81
899 81
593 81
33794 76
1080 76
45722 70
17 72
1230 78
306 81
2710 56
446|17
237 60
339 62
300 64
296 76
480 68
368 64
288 60
172 52
17 68
16 72
357 65
150 69
434 55
153 53
648 63
593 76
337 67
447|16
257 78
293 92
337 84
531 74
382 69
589 90
552 72
253 81
362 81
532 68
292 77
31 74
474 83
540 60
442 69
160 66
448|373
2368 70
3284 70
3933 70
6302 70
6476 70
7245 70
48262 70
49688 70
75803 70
75816 70
78116 70
79590 70
86593 70
92198 70
98908 70
100326 70
102819 70
104760 70
108715 70
109191 70
111680 70
113416 70
116207 70
116985 70
129657 70
130083 70
133377 70
136654 70
138546 70
142424 70
151777 70
152658 70
157130 70
158022 70
161290 70
164375 70
53996 63
136778 70
5418 70
288 60
88356 38
2580 74
155358 70
2889 71
4034 75
148888 46
81156 74
2713 50
103335 67
95441 59
34048 60
80126 50
3057 70
1057 65
2794 51
33830 62
8665 69
6059 64
110553 48
90374 80
151501 70
3764 42
6143 69
103819 29
4361 67
104913 68
3986 53
5528 65
1196 78
105351 50
83349 58
3276 70
1090 73
5349 67
587 64
106330 36
4677 60
95508 70
109895 36
110611 70
671 64
2289 72
152077 69
80693 59
111360 53
170 62
87444 63
94323 53
8493 58
3671 73
91653 63
4981 70
2991 68
78034 70
119145 71
5099 45
4299 61
2567 55
6996 28
109864 29
6582 53
73017 70
370 57
543 62
115617 69
590 69
154065 70
5553 60
41569 62
3286 33
6645 75
589 73
1920 52
2857 58
111663 60
78499 75
2657 62
6537 59
1148 75
46974 50
48516 77
80241 62
445 55
4262 72
3689 27
114935 71
6428 67
127194 70
109673 52
127096 69
89388 70
4156 70
3793 68
33679 61
2014 54
64285 75
3968 55
49530 69
3450 62
160563 59
5502 61
8169 67
6314 36
122490 70
3386 68
140725 66
4896 70
2642 44
127136 79
2763 68
2520 70
457 73
48783 67
3263 57
5400 55
5541 60
4011 76
58351 70
127132 70
152091 63
3698 63
435 45
4799 55
84152 73
3401 48
2858 75
3174 66
7076 70
106542 70
6218 62
2860 49
1283 80
3618 65
2616 55
90439 69
2404 39
4660 70
2530 53
26386 70
4327 66
3030 77
71464 64
32 73
91529 74
4158 46
99114 73
98585 64
93326 51
2268 70
80489 71
130576 44
105504 74
2791 70
50601 51
7007 62
4234 59
3623 51
80727 56
78467 33
8641 68
4128 68
106782 75
2537 30
112138 68
3247 56
112818 68
2027 37
3101 60
5779 70
82202 50
1704 76
98296 70
6863 63
89305 60
4203 63
1201 78
6212 38
637 55
84954 58
6814 70
94864 61
67695 11
159077 70
92439 76
6812 35
3156 55
802 63
118354 70
134130 72
138036 67
65135 70
52975 67
4368 40
90717 62
45722 66
79259 70
68157 76
4233 36
74458 72
3258 55
1262 77
3949 73
101025 47
69526 44
1831 44
1083 59
1884 73
1476 65
156609 51
3755 59
111659 52
4734 59
161 67
95201 70
135887 65
2598 53
87232 69
4634 81
5334 45
5459 55
146730 70
72694 70
157432 70
132488 70
4558 48
1375 61
6424 70
71518 63
2716 68
94780 52
3593 30
129354 58
158 51
1409 50
6514 70
2881 57
51662 69
90522 58
68554 61
2126 50
122932 70
93510 69
137857 65
125916 11
2953 51
2090 63
1760 25
480 69
58803 66
2109 62
50792 37
46062 27
85510 59
80864 70
112171 63
122900 66
2587 52
1527 69
117529 60
4993 76
92264 55
5247 51
533 53
912 78
26464 70
2249 62
4678 63
103772 64
114601 65
96861 60
420 50
59615 55
2349 71
109372 53
95207 53
348 68
19 51
136020 58
4502 35
91094 56
138208 60
3511 46
79428 62
2643 33
109183 70
2139 68
4212 70
5942 56
96417 60
112852 74
99728 65
89470 65
142448 62
64983 59
2640 67
2046 60
4881 72
3882 50
3744 52
1032 65
116799 68
5 55
4040 44
157407 70
2115 69
1617 76
4367 54
105254 71
3388 46
3760 71
2146 64
2968 71
6281 59
466 53
96448 46
86332 66
64969 67
115170 70
1036 71
3397 67
2474 65
1408 72
155743 70
106920 73
8542 69
120466 64
2051 32
7143 71
7150 52
89087 51
34150 52
2253 45
2973 72
449|8
1917 55
2502 75
4034 73
1222 76
2770 51
762 45
2011 64
2324 77
450|11
3977 61
589 87
110 88
3363 85
3535 85
3948 76
3409 66
1035 88
3568 70
358 59
1259 89
451|7
733 78
593 91
7 66
5 64
494 76
25 78
17 81
452|20
4025 76
2858 103
2617 80
5292 97
1206 105
1676 83
3219 77
47 101
3101 82
163 91
1092 82
1917 76
2126 69
1356 97
552 79
2628 79
1200 102
608 105
2707 83
3273 64
453|20
208 65
858 97
2335 75
4022 83
3618 80
1617 93
3452 70
1357 91
112 72
2671 80
1884 90
1894 63
2294 72
318 99
1614 69
3534 74
2959 97
798 64
5266 68
780 77
454|9
7361 83
2692 79
7116 31
55820 76
6016 82
27773 79
2160 81
2858 79
26131 87
455|12
272 76
432 52
367 63
590 74
253 70
364 78
555 74
252 66
110 79
225 68
588 75
597 69
456|9
1407 76
634 49
135 67
5 69
724 72
780 80
733 84
260 98
706 70
457|10
329 66
3593 32
2692 82
1356 77
223 78
2394 71
2701 46
3608 62
733 72
2094 65
458|12
597 83
185 72
10 82
380 81
95 70
454 84
300 83
595 88
153 68
587 83
150 90
552 74
459|6
79132 92
5618 94
8961 87
48780 90
50872 87
260 94
460|17
89039 70
4886 86
4703 72
3831 82
1441 79
4878 90
3483 66
8970 82
1 86
49272 89
40815 85
85414 78
68237 89
76093 87
47610 82
63082 89
2571 92
461|6
74458 61
2762 60
1036 60
91500 54
3578 62
539 55
462|20
26838 70
89090 70
164655 70
188189 70
1136 75
1219 72
158966 81
1248 81
508 66
1653 71
1674 65
8917 59
8620 8
3424 73
2146 62
7044 70
3814 76
1213 74
82857 70
26131 79
463|7
6377 86
2028 88
4310 66
3753 75
2006 67
1092 69
5995 87
464|20
1370 74
58025 66
63853 54
296 88
2019 90
3527 78
5254 70
7007 72
1101 72
1779 64
377 74
1653 85
55820 84
648 73
33493 75
1610 82
65088 72
74727 88
1617 88
62374 75
465|20
2941 87
2987 81
1200 90
3448 82
5060 86
1299 90
3703 88
3649 56
1625 82
292 75
904 96
3101 71
1754 81
750 97
1256 86
593 93
3732 76
3740 87
3334 92
377 77
466|20
5418 82
30793 68
79091 79
92259 92
5989 84
5459 64
318 94
63082 87
59784 74
5010 82
74458 85
6281 69
5952 87
8529 71
64716 87
68954 86
4993 88
45447 68
81845 87
55247 84
467|22
41 70
58 70
389 70
466 70
527 70
593 70
780 70
1183 70
1233 70
1357 70
1365 70
1408 70
1721 70
2028 70
2125 70
2324 70
2334 70
2384 70
2390 70
2393 70
2394 70
2493 70
468|7
592 68
349 70
1 79
317 64
296 84
32 80
165 72
469|20
3658 70
3832 70
3507 83
3032 83
2736 83
2132 88
1958 79
910 84
1090 81
1485 63
1388 60
2321 70
1234 83
2081 73
1193 85
36 77
2908 78
909 81
2023 70
3255 72
470|16
253 72
318 89
110 81
588 76
282 65
5 60
597 70
32 80
595 75
592 68
500 69
26 75
356 83
357 71
434 61
300 70
471|6
2571 80
8874 78
527 81
1 75
8360 70
7147 75
472|6
58559 90
3450 72
3298 81
2840 60
1221 91
858 93
473|8
4979 74
2959 85
60 63
7147 76
6281 64
3897 77
48322 86
2596 73
474|422
638 70
2179 70
2697 70
4046 70
5114 70
5311 70
5353 70
5455 70
5601 70
6201 70
6273 70
6382 70
6407 70
6592 70
6912 70
7702 70
7826 70
7832 70
7839 70
8057 70
8446 70
8458 70
8459 70
8611 70
8650 70
8774 70
8938 70
1466 70
6708 69
2940 75
2616 55
2334 56
7139 74
4218 70
371 64
750 82
2935 84
8645 77
5481 55
6370 81
25865 70
2553 68
912 81
2467 73
5548 65
7301 80
52967 66
5945 62
480 68
1983 47
3462 76
1068 70
8600 77
6650 86
8482 70
6791 83
4016 70
1784 69
3668 70
3977 53
8961 72
4160 72
30820 64
6984 70
2750 64
5034 52
7716 70
2612 70
4419 88
1300 77
4187 78
1187 64
6565 73
272 72
5440 70
25937 63
1099 59
3125 70
5826 70
5649 70
7256 77
4912 73
6016 78
1208 79
2083 73
3385 59
2310 65
3360 71
3163 75
1413 77
4081 35
1643 69
968 72
2116 64
26965 79
5954 73
1263 77
5116 70
3536 64
8778 61
63433 62
2952 70
318 81
3394 51
1200 75
3384 84
4356 79
932 82
7698 71
516 63
4873 72
48385 64
39869 79
1902 70
2641 56
7036 59
2181 70
4638 54
31116 81
2455 66
2146 67
628 69
3897 75
1030 52
4022 70
344 57
3196 76
92 46
237 61
6770 69
3259 62
3368 62
26151 73
1293 71
34072 69
3044 69
1639 68
5944 59
6539 72
477 63
7361 79
55687 70
58 75
4014 70
3467 74
8154 82
4191 61
2134 62
4644 76
4293 57
5013 74
1399 60
1196 77
2918 75
5899 73
4465 66
100 54
361 57
3341 80
8921 70
195 61
3789 70
4709 61
1588 60
3468 82
4678 65
2723 63
2118 71
1939 80
7019 47
3147 76
1792 59
33903 75
1682 75
41566 65
1693 65
1957 73
5021 66
2313 73
3870 70
948 76
47099 73
3447 78
6614 61
216 66
5619 67
3987 47
5060 73
3111 85
45950 70
32584 55
5525 70
2567 55
5956 69
7 56
1172 79
3217 64
8331 70
587 64
5238 66
1189 77
2416 59
832 64
3095 77
7386 72
1223 89
7058 70
5246 34
5418 72
27803 81
26 71
4002 70
1135 63
45 65
6945 88
2411 54
2520 70
7347 64
5375 70
5673 71
3039 70
7833 70
33781 62
720 81
2103 52
33154 76
608 77
1327 51
101 76
7061 70
5451 57
5682 57
5434 70
6609 70
31658 77
4578 34
2009 65
4704 70
7572 70
4929 48
3306 73
6334 62
5379 81
5437 60
42418 65
4128 70
7451 74
2786 34
2243 66
27846 75
6197 61
3264 47
3608 58
5603 83
6124 60
1222 78
1663 70
3566 49
3755 60
2628 57
4815 55
2089 66
7102 52
27706 63
7013 78
1348 65
45666 49
5755 39
4055 88
2058 65
4462 19
1544 53
2405 56
4998 70
273 55
1977 48
1732 77
7822 70
7073 70
41527 75
4787 69
1676 63
3708 62
6669 68
317 60
25940 70
971 79
7366 56
3115 76
7026 50
2710 54
50685 74
2114 73
3809 63
3516 63
2770 52
535 64
4878 76
5992 76
41997 72
1083 61
4487 62
7293 71
1016 60
2006 58
1007 53
4993 77
3412 71
5007 70
3929 52
6639 57
8712 70
1876 55
3546 70
34359 70
7579 72
7325 68
6837 70
2634 60
7753 66
8943 18
8385 70
4308 68
3246 78
3745 65
1148 83
42002 63
50740 79
3952 59
1927 79
7581 63
910 81
3948 63
54881 77
1284 81
4007 72
5341 70
3675 77
52975 69
6244 70
965 74
454 65
1247 78
7215 66
1282 72
8207 82
6242 66
6502 75
4509 66
3528 71
2391 72
4262 73
4039 60
42018 10
3271 73
976 70
48394 73
5384 70
5168 70
1358 71
6534 51
8773 70
2384 54
48780 76
1269 79
4600 75
2642 45
111 78
933 83
3578 74
5297 37
944 72
6020 70
2123 54
748 60
4896 72
5380 75
53953 61
3712 56
25996 70
1997 72
4464 73
4085 64
51540 72
2707 63
2069 83
6710 73
1488 59
6378 70
928 78
3038 83
7116 31
44511 70
594 67
1962 70
421 58
4316 30
2761 75
4823 59
892 71
1345 64
5294 77
1408 73
6579 83
3272 68
3421 71
3844 68
6787 76
37736 72
2249 65
1610 72
2468 48
3498 75
4902 71
6268 75
5225 75
5404 88
929 70
25999 70
7835 70
805 67
4126 67
475|20
6539 95
4993 102
87232 93
40815 94
5816 91
8644 84
81564 90
4701 80
81834 98
6564 60
68791 83
111759 97
7153 102
1527 92
71530 71
4896 93
106487 87
112852 99
3578 98
82461 80
476|14
594 78
34 78
380 74
158 60
153 62
586 66
440 76
364 86
378 64
357 76
224 77
165 77
296 90
11 80
477|20
34 76
913 87
3100 83
2105 70
1271 77
1207 87
70687 20
2174 75
45672 65
4571 78
3973 36
4226 88
1103 88
5291 81
348 78
3593 34
1 82
1274 84
6502 85
59615 62
478|5
1917 51
3114 66
594 61
1584 62
1101 57
479|20
5365 70
4488 70
524 68
1025 73
3707 54
1220 74
4010 61
3244 71
3526 71
4092 51
1968 75
4700 67
4003 66
3671 77
2671 70
341 70
2012 67
2542 80
454 69
2384 56
480|20
43914 70
2700 72
8533 69
2193 68
2797 70
3484 52
2571 78
1210 77
2596 69
8866 58
47610 70
6306 82
5379 79
2018 66
7153 78
3911 70
44191 74
38061 78
5673 71
380 64
481|7
1608 54
1687 52
1629 50
1729 59
1620 51
1597 51
1485 51
482|20
2068 91
8985 59
1036 80
474 76
1042 66
4389 72
780 71
27706 68
3211 85
1610 79
4367 61
1374 79
1220 78
1602 46
653 63
592 70
30812 75
4862 49
8361 63
8529 68
483|20
105325 70
783 68
2541 71
2959 88
109971 70
45722 73
1199 87
50872 79
2000 76
4306 81
69757 79
2683 66
2273 67
1588 65
109487 82
66934 82
1721 70
2328 59
68522 70
8972 71
484|20
93320 70
1438 59
6155 72
6944 77
2706 75
33166 86
6874 87
3697 66
1059 82
76293 68
919 84
2762 84
1821 58
837 73
5810 73
1753 79
3254 74
4718 66
2413 79
3646 46
485|5
588 89
161 86
253 84
292 80
231 72
486|12
653 71
47 93
110 93
153 67
474 85
95 69
288 76
329 76
161 84
318 102
292 79
6 91
487|12
27611 61
8961 62
318 70
1198 68
31658 65
1197 67
6539 62
5445 59
116797 64
4027 62
8874 64
86377 71
488|20
720 85
838 77
608 83
1223 89
26 74
5135 76
2109 68
7720 60
7303 83
4014 72
5995 81
457 78
105 65
1136 84
272 76
1269 81
3176 71
1278 82
1125 73
910 82
489|20
79536 70
86000 70
4848 70
736 56
8387 14
4700 61
45666 45
4720 66
2683 56
2021 63
2389 35
1619 60
950 68
58559 75
2236 55
2167 58
1616 55
247 73
376 56
2717 53
490|20
46578 71
89492 66
81591 63
91077 70
60074 54
5816 64
4144 71
54001 66
1 67
1784 63
7153 71
4993 72
89759 88
86320 63
60128 60
76251 63
8368 68
69122 63
2006 54
78499 71
491|13
106782 96
69757 89
7293 86
27808 78
4246 87
3948 81
104374 96
86833 91
140110 84
8529 78
180231 70
4306 93
88405 74
492|20
736 79
784 69
628 89
858 106
852 79
64 52
990 69
830 77
743 60
62 88
52 89
1499 46
66 60
1210 101
881 51
1474 51
1405 68
724 75
1047 79
65 61
493|13
2985 66
4444 65
2916 71
1275 74
2571 80
1527 72
2028 79
3793 71
2167 64
1215 80
4701 62
2924 82
260 81
494|5
1196 88
4498 65
3578 84
2028 87
1210 87
495|20
140523 70
115149 86
1259 90
1721 77
136562 77
80489 87
19 61
50872 86
231 68
102123 75
52319 83
7254 82
7360 88
8528 85
1645 77
46578 92
30810 81
2918 87
148626 91
56775 73
496|6
1221 76
99149 66
858 77
904 77
8865 52
114713 56
497|11
1193 72
112556 67
112290 69
1916 62
92259 74
2329 73
112552 71
1258 71
2762 67
5349 62
111362 66
498|7
344 70
231 71
648 80
10 81
300 81
356 96
316 77
499|6
1202 78
2337 67
38304 92
327 61
56286 78
1304 84
500|18
2599 65
2987 63
543 58
2700 67
2542 71
1265 68
2916 64
356 72
3301 61
1784 64
1914 65
595 64
2355 63
3536 60
1885 56
322 63
838 67
720 74
501|9
6 73
62 67
93 54
45 64
3 61
637 56
11 69
18 68
662 60
502|7
7236 74
1077 76
4412 21
3469 70
2001 64
2520 70
1777 68
503|19
7455 70
7361 79
4878 75
356 76
91500 64
593 77
527 77
858 80
4226 77
1259 74
1342 54
2877 53
92509 62
90866 69
500 63
441 72
48516 78
2858 76
48394 70
504|18
4995 84
5812 79
2321 72
1 81
3556 78
7153 86
6708 76
1288 86
6927 70
4033 80
4700 68
6565 80
342 68
3408 74
6879 72
4361 77
5952 84
5955 75
505|7
1241 88
4105 85
1029 76
74685 84
273 65
6502 89
54999 78
506|9
59258 61
54272 67
37741 72
56782 80
62293 73
51834 57
49286 64
112556 71
61024 68
507|5
165 64
266 60
253 64
377 63
593 75
508|5
2872 42
2011 41
1952 48
1175 48
898 51
509|20
26958 70
130073 70
2028 74
87232 69
33830 55
5313 45
48 58
2090 63
2080 64
6942 69
8907 46
6156 56
5816 67
39 61
3988 55
6807 74
7458 64
1196 75
45447 57
616 66
510|20
1882 33
7026 42
35836 55
494 55
1198 66
514 56
457 62
2935 66
858 68
2699 46
317 50
8949 60
2918 61
145 49
1262 66
6787 64
1208 67
372 46
1242 64
40819 62
511|11
2959 96
53953 72
115149 85
164179 86
6534 59
99114 88
92259 95
318 97
2324 93
1653 89
56757 81
512|10
480 78
150 79
349 73
47 84
350 71
442 63
457 83
50 89
317 66
593 88
513|7
5952 83
318 90
2174 72
235 73
1304 82
1220 78
1080 80
514|20
1335 70
5704 70
62586 70
168358 70
180263 70
1704 80
2005 73
2792 63
2013 60
1673 80
134130 76
76093 77
1333 73
58998 74
68157 81
2406 68
3210 70
54503 76
4855 75
1644 43
515|6
33794 95
2028 99
527 102
91529 98
58559 101
2959 105
516|26
260 70
457 70
480 70
647 70
708 70
1042 70
1090 70
1197 70
1198 70
1954 70
1958 70
2021 70
2259 70
2268 70
3052 70
3471 70
4027 70
4291 70
4306 70
4321 70
4322 70
4333 70
4337 70
4349 70
4361 70
4429 70
517|20
4306 53
53125 47
1265 53
165489 70
97938 51
88744 50
86880 46
4148 42
26761 70
3398 49
1293 52
3988 42
2858 55
4963 52
1204 59
1704 56
47629 52
7669 59
1206 56
46578 55
518|5
3101 63
2657 65
783 64
1876 57
6365 65
519|6
1704 98
356 98
140110 85
6378 88
7445 86
1968 92
520|20
7266 70
318 95
1049 74
59315 81
4995 87
32 85
2716 82
4333 65
1291 87
1732 88
4085 75
2723 72
3081 76
3994 76
33493 76
135 62
2393 70
60516 50
2406 75
1584 79
521|8
661 71
112 70
86 82
104 73
58 88
79 60
52 78
852 69
522|20
99114 80
81932 78
89492 77
63113 69
2959 87
1193 84
1375 67
4993 83
223 78
27611 77
76060 70
180 70
59315 76
1617 83
10 69
67255 80
2023 70
6187 80
318 88
127098 87
523|15
168252 99
8970 89
5989 94
318 106
91529 97
1721 82
293 97
65261 102
4270 72
3147 99
27731 90
134130 94
31696 80
527 101
101962 86
524|20
1356 75
150 74
552 61
748 62
344 59
442 59
253 69
1225 82
20 51
589 77
1242 80
544 57
173 52
1302 71
380 67
457 77
1020 64
788 54
193 47
466 56
525|20
120807 70
317 61
6863 66
8622 70
33004 68
7147 75
2396 74
40815 74
137337 79
1639 70
1968 74
91869 70
45880 66
2100 62
339 66
4886 75
50872 75
86332 70
8983 72
3996 75
526|12
593 87
55247 82
46578 85
176415 70
1295 68
90430 83
4014 76
2352 78
176413 70
215 85
81845 85
51255 85
527|20
2137 79
3114 88
3210 81
3016 71
2161 82
4571 84
2118 87
3421 86
455 55
2867 85
2450 45
1909 78
1214 89
4299 75
736 74
2477 67
588 85
4016 84
1259 91
2533 69
528|15
4886 70
2278 65
80906 77
4037 69
1240 70
64614 72
3821 43
150 69
1291 73
80463 72
593 75
99813 74
85342 74
48516 76
58559 75
529|5
653 60
135 56
65 49
62 70
733 70
530|6
292 74
500 74
300 76
586 67
593 91
11 80
531|5
593 91
590 82
919 84
480 81
1215 90
532|10
1721 76
4863 101
457 88
290 91
1245 97
1242 92
2023 78
2329 94
1304 90
517 72
533|8
1200 95
6502 94
79132 96
46578 96
93840 93
4973 102
2455 83
66934 93
534|20
116724 70
97913 83
94953 76
2003 78
2167 74
7569 84
153 63
1485 69
65514 84
104218 67
344 67
2571 91
5445 81
95875 67
112818 82
82461 72
96610 81
2987 79
138036 80
1566 77
535|6
2571 73
2581 54
2700 67
2688 54
2583 72
2882 37
536|8
232 75
272 72
356 77
335 70
225 65
150 70
434 56
589 74
537|10
80906 91
367 68
7153 89
53322 75
104218 64
97304 84
6539 83
318 94
89745 85
105504 87
538|8
595 85
3671 90
80549 90
4039 72
69757 87
5047 76
44889 70
66934 91
539|8
4306 79
6753 71
5218 73
50872 78
88 64
3301 71
4886 78
69122 74
540|9
2598 65
2959 98
1073 87
8874 92
1681 51
2183 85
2841 80
2747 65
1196 94
541|18
590 74
457 78
413 55
15 59
110 79
595 73
597 69
480 73
356 81
203 66
529 76
357 70
22 66
345 73
546 43
586 61
281 73
350 67
542|20
6539 76
30793 62
5299 63
2542 80
34319 66
33679 66
4963 76
5481 58
1997 76
4025 59
3623 55
924 78
4369 61
6378 72
2571 82
7254 71
41566 69
37733 70
7361 83
45517 66
543|16
73881 99
1702 67
595 89
3301 85
231 73
2378 74
2379 58
86882 92
6377 97
588 91
377 84
48385 81
2571 100
4526 66
4388 63
92259 103
544|22
1 70
3 70
14 70
32 70
40 70
62 70
68 70
95 70
116 70
619 70
626 70
648 70
650 70
694 70
736 70
780 70
839 70
1042 70
1047 70
1059 70
1105 70
1356 70
545|5
1438 55
1267 85
2763 75
1367 61
44 52
546|13
1270 80
3328 83
480 73
1970 57
2456 48
1976 39
589 78
2657 67
1673 81
3941 70
3959 69
3566 52
1977 51
547|5
1211 79
2859 81
2917 83
1394 83
1288 86
548|26
69 70
260 70
356 70
733 70
1196 70
1393 70
1477 70
1621 70
2571 70
2716 70
3263 70
3578 70
3916 70
4776 70
4899 70
5955 70
6874 70
7458 70
8531 70
49910 70
58559 70
74532 70
80862 70
122904 70
125916 70
168712 70
549|5
2571 74
2028 73
4226 74
1210 73
589 70
550|6
167296 70
102125 79
106782 89
116797 88
112852 89
122882 84
551|20
5010 75
34162 70
60069 80
1544 56
45186 70
103772 68
51935 76
4226 81
2353 67
7153 81
5989 77
135569 69
115149 76
88129 73
134130 77
6934 63
47 78
4701 64
2959 84
98809 75
552|20
2916 66
3317 72
1405 50
2953 50
2245 59
2944 70
2890 67
2125 68
508 67
3948 61
5349 65
2959 78
2857 56
173 48
2991 66
2871 71
2628 56
4308 64
4878 73
3101 58
553|17
55765 89
3481 85
1923 82
2571 94
4011 94
50 96
3949 90
1089 96
44199 85
5513 70
2231 88
2395 81
3052 83
61257 70
1221 96
33166 89
2959 98
554|18
1196 91
1022 78
2820 70
1207 91
1517 79
1282 83
1210 90
1760 30
2282 63
1225 92
907 68
1358 82
2096 76
1028 88
593 92
608 91
953 89
2324 92
555|20
790 70
3664 70
1 83
3111 95
3395 71
104 73
1334 66
2506 67
2072 65
4002 79
1266 89
2641 65
2256 64
2791 83
2701 48
1333 79
1320 68
337 78
1393 77
3526 77
556|7
162600 82
122890 74
3081 80
88125 89
588 87
72998 82
74789 69
557|6
648 68
231 61
1291 80
260 83
1210 81
150 75
558|12
5329 72
5064 87
4903 78
2297 80
2568 66
4993 93
4306 89
367 72
5283 70
1097 86
4164 93
5294 92
559|20
552 63
608 83
355 46
329 65
544 59
1527 74
173 53
377 70
745 81
174 55
529 77
350 67
349 69
533 58
836 56
1210 82
420 54
786 62
227 55
253 71
560|20
5839 70
91535 61
136018 50
67997 85
79132 79
3253 68
142558 70
2355 69
39435 59
1527 72
40414 73
64614 77
48744 74
56587 70
593 80
76251 70
84944 71
109313 70
5878 79
40819 76
561|20
168174 70
5308 56
78469 57
3703 74
60069 77
91535 59
2105 63
73017 72
5445 70
2000 71
83134 72
79132 78
79592 61
80463 75
89745 75
527 80
8972 64
353 71
33162 67
68157 78
562|20
27140 70
6870 84
6377 90
2580 89
1249 93
4776 84
36529 82
1259 89
1982 80
2268 84
2133 77
83134 85
3210 79
48394 85
30707 90
33836 52
2692 90
88163 88
99191 70
1240 85
563|20
61071 70
70932 70
80858 70
919 75
74450 62
588 73
5943 52
118997 56
86833 74
1197 82
128832 70
85397 66
45221 44
33499 53
7380 69
96821 78
81784 61
95307 47
65585 66
55250 46
564|20
50942 70
356 83
31685 65
131013 69
61024 76
79224 53
87869 74
500 69
108156 64
81784 63
93270 46
6188 71
106918 80
65230 66
67087 71
80693 67
94677 72
8984 68
73266 63
2671 73
565|6
590 76
231 62
19 55
21 71
50 86
539 71
566|15
648 69
10 70
231 61
329 66
342 66
141 69
203 67
345 74
39 66
497 79
265 75
588 76
708 68
353 75
2 70
567|20
8189 70
26743 70
92681 70
109897 70
152071 70
5690 57
136602 50
122888 70
6333 51
1274 54
122922 52
153070 70
151687 70
117877 70
108928 41
954 57
122924 44
27773 56
648 46
135887 46
568|23
50 70
147 70
296 70
356 70
480 70
593 70
765 70
1103 70
1104 70
1257 70
1298 70
1895 70
2313 70
2359 70
2863 70
3053 70
3148 70
3261 70
3363 70
8169 70
46723 70
63853 70
65088 70
569|5
231 74
50 102
380 82
588 91
592 82
570|20
208 53
8636 70
48516 78
1225 78
586 57
2683 59
457 73
1196 77
110 74
4993 77
7361 79
1198 79
1079 75
10 64
3793 69
1391 58
589 73
380 63
527 78
185 56
571|20
1331 70
2982 70
2366 65
1128 49
610 64
2902 50
1998 27
3696 66
1980 70
1987 70
70 63
1924 54
2279 44
1327 48
3732 61
1972 41
1278 74
1644 40
2327 80
1978 37
572|20
1961 84
2570 65
2788 91
2321 75
111 89
904 94
2987 78
2302 71
1834 87
2539 68
2917 88
1307 83
1 85
161 79
3421 83
838 84
1356 83
2006 69
3167 74
1953 85
573|20
89745 91
72998 83
3752 74
356 95
7293 84
6754 80
8665 87
32587 89
1073 88
88744 86
1127 85
68954 93
98809 88
2640 84
48516 98
71535 89
59369 82
60069 94
88140 83
1562 53
574|23
47 70
110 70
150 70
153 70
161 70
185 70
225 70
231 70
292 70
296 70
300 70
316 70
318 70
329 70
339 70
344 70
380 70
410 70
434 70
588 70
592 70
593 70
595 70
575|8
2566 58
2580 84
296 87
2581 64
2572 76
2542 86
2574 42
2598 60
576|5
849 49
1321 57
1373 48
1479 55
2289 66
577|20
2415 70
1183 71
1288 80
1129 67
2944 75
2194 75
733 69
1213 82
2076 75
2020 78
1262 80
1931 78
1391 60
2987 70
952 75
1909 67
260 81
919 74
2248 74
1270 77
578|6
6751 70
52668 95
45668 81
830 76
72407 61
75446 70
579|15
3174 81
2485 65
1022 80
2018 80
838 87
1917 68
1391 71
596 80
1573 77
2965 70
1653 91
2599 84
892 86
2687 78
595 84
580|20
5767 70
6583 70
480 72
8844 70
6989 69
3809 66
41569 65
3699 64
4041 68
33166 76
356 79
508 72
8376 66
3578 77
608 80
3785 60
3089 81
1320 62
54286 73
1201 82
581|8
7153 90
5995 89
4973 93
116797 87
3949 87
4306 85
109487 87
6377 88
582|12
91529 86
2959 91
116797 85
4993 88
5618 89
2571 88
76251 77
69844 82
104841 78
48516 90
97752 78
76093 84
583|12
8533 70
88405 60
2706 66
117590 74
317 60
60756 68
6942 72
595 71
46578 78
104 65
2694 61
7451 73
584|17
288 80
22 81
203 81
315 74
500 83
316 80
539 86
234 60
296 102
257 83
434 73
586 75
338 70
349 85
282 78
480 91
590 92
585|13
3173 68
1228 91
54503 86
2959 95
428 82
1405 61
7254 80
441 86
1805 66
296 91
27373 70
5325 80
79132 90
586|20
34332 66
4016 89
111659 68
106002 79
149406 78
167036 91
45499 81
136556 70
5445 88
117851 78
1291 97
71264 88
106489 80
135436 74
3753 84
2640 86
3147 98
122916 93
3793 89
101362 63
587|20
1234 88
628 79
2012 76
534 80
2002 65
1641 83
236 72
1376 76
2622 74
1541 58
3260 86
497 85
3082 73
445 66
3448 82
2574 44
765 67
691 66
329 72
3406 72
588|12
50 78
16 73
20 49
356 76
350 63
198 63
593 77
364 73
163 67
253 66
223 72
3 60
589|8
1092 72
318 98
590 84
373 81
586 69
587 78
527 93
337 82
590|20
924 76
8807 68
2371 61
38061 78
81834 75
40815 72
4890 58
903 77
5 56
3624 59
555 71
4047 74
51662 70
2085 64
419 52
595 70
329 62
2376 63
3635 66
2398 74
591|11
2908 73
2706 67
2712 66
2355 69
3615 59
3578 77
2394 67
3798 62
356 79
223 75
2724 54
592|19
514 78
2 77
153 64
415 58
110 89
177 66
420 60
380 75
44 57
788 61
588 83
163 79
204 58
610 79
39 73
419 60
253 78
432 58
240 63
593|20
1196 73
1073 67
1086 73
1617 73
4034 71
41566 61
1197 75
344 54
8368 70
339 60
2959 77
8961 68
5816 65
2797 66
4896 67
588 67
595 66
5952 72
377 62
141 61
594|20
7031 70
2671 90
7115 84
1616 77
5943 66
1188 91
2269 76
1733 117
4902 95
6996 37
780 85
1429 86
6140 98
7046 72
39 83
595 93
799 90
2028 102
8482 70
7169 90
595|5
265 85
50 97
1186 86
1199 98
1966 81
596|20
33649 70
43744 70
182793 70
129397 48
128908 70
1 76
142488 83
122922 74
4310 60
71838 62
4025 58
2501 73
110102 74
149406 63
2774 70
5502 64
8665 73
6537 61
2571 80
345 71
597|20
1799 79
490 69
3040 73
2529 88
2858 91
903 92
3039 82
2000 83
1291 90
357 79
1228 93
1845 92
2411 63
1580 78
1148 95
1198 95
2723 74
485 68
592 76
2692 91
598|5
56367 75
8360 72
593 81
114265 70
103543 43
599|496
26142 70
26567 70
26590 70
26676 70
26854 70
27595 70
34800 70
53450 70
60803 70
69131 70
74696 70
79895 70
84523 70
87960 70
92674 70
98799 70
102735 70
102852 70
104017 70
105020 70
122433 70
157865 70
158874 70
160978 70
161044 70
174727 70
179053 70
1801 57
6035 67
3387 47
33437 57
112 51
5995 64
167706 70
4394 70
836 44
7235 58
8809 65
102749 70
89087 45
42011 38
432 42
471 56
5628 57
1015 49
2 55
2269 48
69 59
3947 53
79091 58
104837 70
4037 61
7587 63
6881 56
1449 61
7225 60
81229 57
68952 65
4728 49
5081 47
33966 70
1779 48
3669 70
87197 70
170297 70
79057 56
95965 70
55207 70
4007 60
1220 60
80831 58
46723 57
71282 63
7757 60
3259 52
92309 59
1376 55
7192 47
4654 45
101423 70
53468 51
62662 70
3174 56
3698 54
2882 34
2359 57
1183 58
2792 51
1095 59
8387 14
53125 55
115713 62
2949 60
2471 42
3 52
1231 63
3861 47
240 46
1480 56
2301 59
1445 39
8045 70
586 49
2942 43
1185 63
4594 70
2474 57
3671 62
3196 64
64839 61
98697 70
2606 43
1777 55
5309 43
7022 64
4873 60
541 65
27311 65
43921 59
67734 55
4240 70
5026 66
168 48
33493 56
4125 16
7354 51
207 55
1094 55
742 48
1609 44
1042 51
3362 63
4553 59
4632 49
2278 56
468 52
122904 62
75416 70
42718 61
4285 44
79274 65
1794 70
45081 49
108192 70
3489 56
3503 66
89804 54
163809 70
577 35
3071 56
1204 69
3981 39
95771 70
45382 68
6548 50
59387 62
166528 61
168492 75
6691 70
605 46
424 31
2991 59
248 48
97950 70
3865 59
1216 57
342 52
35836 56
27772 44
176419 66
151781 70
277 49
6320 16
39381 62
5111 70
4090 57
2450 32
2676 55
2356 43
79702 60
1597 49
410 50
1721 55
3702 56
183301 70
1387 64
2072 49
26729 65
2393 51
4247 39
4591 47
1032 56
3087 50
1895 55
634 34
210 52
2074 67
51575 42
3505 63
5247 44
481 51
4215 37
1355 28
2657 53
2028 65
4011 65
420 43
552 50
1196 66
2395 57
5303 56
1752 40
3186 55
4310 50
1784 58
3200 69
7254 58
688 43
473 38
1079 65
1552 48
1148 65
1544 46
63113 55
2325 53
26649 70
6804 70
161 57
4109 46
34332 46
1653 63
4808 39
7707 70
3468 68
502 38
1221 67
1792 50
68319 47
6787 65
2119 26
3884 23
4254 36
3973 28
103609 70
8934 70
5377 61
42632 66
55290 58
4506 53
7840 59
5568 46
1689 40
7005 70
103228 57
59947 70
786 49
4351 53
172253 70
4679 49
1411 65
117630 70
1590 48
112623 56
3146 41
8984 52
1920 46
519 37
179817 67
3979 41
3741 64
44020 44
26630 70
7285 61
3030 66
1021 39
8638 59
87 49
7153 65
2877 46
2018 56
3173 50
5198 70
7101 48
7701 29
3213 64
26159 59
2339 70
33896 63
2000 59
4006 55
136562 55
37382 48
6645 65
171763 69
8528 59
27008 70
4017 59
4167 53
86142 65
1249 66
3255 57
736 51
2779 53
84414 69
27773 64
2083 62
98499 45
4034 64
119828 70
1993 38
94864 53
6631 24
2321 55
26242 54
3703 63
41566 56
2529 62
1968 61
8914 59
3257 47
159403 70
1036 61
76093 63
5103 56
6947 59
1952 66
2124 53
4084 45
6016 67
778 65
81 51
2171 55
1253 62
4275 50
7982 43
3723 63
849 47
2681 53
6565 61
39414 52
122916 61
6440 63
8917 54
72011 59
1605 48
1240 61
923 64
68157 65
5961 70
5053 70
3571 63
2403 59
3871 69
44238 70
72226 66
7004 45
2054 45
62970 50
5159 51
354 59
122924 51
48774 62
1394 63
3763 52
70286 61
1904 50
3969 57
81562 58
102590 70
233 57
4155 52
1031 58
76 53
459 38
1097 60
1178 69
60291 65
3328 67
1232 59
3036 59
5283 48
4327 58
610 58
2726 66
4732 36
5970 54
2396 60
594 58
1247 65
45499 54
3476 57
2399 39
137218 70
1997 61
3271 62
27801 63
6365 54
1799 57
580 43
122900 57
2803 50
80219 52
466 45
110882 63
3997 32
26176 70
2378 50
117895 30
26662 66
90603 64
119218 70
44 41
809 40
1960 60
4519 53
1959 59
414 39
1073 61
61236 52
1479 52
4019 60
1245 68
37857 62
161032 70
371 54
3020 58
88593 70
6774 63
2005 59
90405 52
26285 70
6793 34
627 57
1617 65
6734 30
108090 70
2427 52
51024 58
122922 60
3440 34
6874 64
4919 55
338 46
81591 57
1704 65
1499 31
357 55
62155 58
144 53
34148 60
53519 52
4504 70
2796 45
216 56
6827 18
1429 55
7445 57
1385 47
90471 55
8425 70
10 56
26542 52
7387 62
72998 57
89470 57
3629 67
1297 59
3424 65
1672 56
44761 66
196 43
70703 70
2383 33
180 55
4040 38
6333 60
4440 69
5291 60
88235 58
1639 57
4580 9
153236 70
86190 55
4477 33
103027 70
32291 55
34811 70
5171 46
122260 70
8784 61
5954 61
8798 60
707 47
880 43
314 60
61323 56
600|20
3269 50
1394 71
3785 51
2717 51
5569 62
4306 68
1206 72
56775 56
2015 59
7 53
2013 53
262 67
1210 70
1060 65
2431 58
2077 61
2423 61
4641 64
527 72
5076 50
601|20
141846 70
68157 91
1262 92
106782 90
60069 90
49272 89
5445 82
1193 93
1207 91
79132 90
904 96
166024 94
1917 66
7153 92
2324 93
170697 80
31658 90
5989 87
88810 89
2571 92
602|20
161 69
19 52
350 64
494 66
14 66
471 67
125 72
434 57
235 67
481 61
315 57
371 64
474 69
527 80
21 66
349 66
440 67
339 65
480 71
163 68
603|20
602 70
803 70
2008 70
2577 70
3459 70
4787 70
2912 77
1769 56
485 60
4420 70
920 71
1 74
2706 65
1844 80
3787 84
1222 82
190 65
2716 77
3983 85
101 77
604|20
220 70
292 71
151 74
329 69
410 66
426 69
435 51
316 69
22 70
235 75
181 48
332 62
273 61
637 63
285 70
173 56
588 80
23 65
553 78
1 82
605|20
35347 70
6787 77
1197 80
5667 70
42738 59
51662 71
7373 64
596 67
780 64
4571 69
2316 66
7454 53
150 71
60040 61
8977 45
3269 55
72982 70
1210 77
62376 49
60937 47
606|20
263 70
563 70
583 70
3808 70
4671 70
4840 70
5856 70
6111 70
6573 70
8685 70
32728 70
55805 70
3147 82
4392 72
2311 71
6308 47
50842 85
6591 89
8270 77
2025 84
607|20
891 71
1610 81
448 75
3147 87
1094 72
1307 81
592 72
204 56
1552 64
527 89
3476 77
296 88
2313 81
3440 45
423 61
1518 70
2118 81
2193 75
380 72
2028 86
608|20
52245 59
2997 76
3793 71
2763 70
174 52
2000 70
1214 73
919 72
2700 71
4161 63
5146 61
1639 68
541 76
473 44
2529 73
522 70
4343 57
1909 65
2431 64
1220 71
609|8
296 77
833 37
356 76
339 63
454 65
318 81
208 53
292 62
610|20
5953 70
58975 70
70206 70
78626 70
82765 70
97988 70
107447 70
107462 70
110591 70
110746 70
118082 70
139655 70
160341 70
86644 61
56801 55
61024 80
77561 73
4816 75
62434 76
3972 85
