1|20
260 100
1927 101
804 77
3 79
1009 74
2406 86
1587 79
3671 97
2617 77
3053 92
2571 100
1222 100
2137 85
1377 76
2395 87
2761 97
2641 74
2872 88
1258 101
2700 92
2|6
333 70
122882 74
71535 73
46970 63
58559 79
80489 74
3|8
5764 70
647 37
6835 70
5919 0
2851 34
2288 43
5048 28
4518 31
4|20
106 70
1291 75
3408 67
265 71
52 68
4347 72
2467 70
908 78
345 69
1304 76
1923 69
2959 80
368 65
1219 78
4765 68
1199 79
4166 39
1732 76
21 65
2858 75
5|9
515 70
1 76
364 78
608 81
290 79
261 73
34 68
318 85
21 68
6|20
349 76
318 95
775 70
141 76
348 80
104 74
327 64
410 69
165 77
87 67
366 68
17 80
1084 88
222 77
16 87
416 53
277 68
460 63
867 12
316 72
7|20
8528 72
3623 52
8636 69
8360 67
1517 65
466 54
8373 45
1220 70
7155 51
8808 58
6863 62
31878 67
1610 71
1219 77
4700 60
45668 61
8970 68
27741 75
6333 68
8865 54
8|10
356 84
47 82
231 63
318 90
454 73
292 69
32 82
141 72
380 71
252 69
9|10
5451 59
923 77
5890 76
2901 64
922 83
6044 70
1987 70
5378 61
3735 76
5447 57
10|20
597 63
33679 60
8533 67
8969 57
72720 68
88810 73
136020 57
6377 73
5943 47
109374 69
113394 70
61250 46
82167 49
140110 63
5377 68
77841 70
6942 67
1028 72
72330 70
66203 53
11|13
733 78
1584 80
1210 90
170 72
1438 60
648 75
1918 63
493 80
10 77
457 87
1693 74
150 83
1923 81
12|7
2717 76
2100 80
838 98
2072 79
1876 76
2581 81
6942 95
13|7
3717 69
3624 68
3798 68
2174 76
47 87
3893 75
305 67
14|10
344 61
477 67
110 80
540 55
597 70
153 58
592 68
4 44
539 70
105 64
15|20
91529 74
7438 73
111759 73
2329 78
1 73
1909 63
1240 71
115713 72
1200 74
293 74
2571 77
3949 74
120466 64
1198 78
2028 76
2011 66
158 52
160980 67
4306 73
4022 68
16|20
1230 74
78499 75
913 76
1136 76
1299 74
1617 75
1203 76
3429 77
2858 74
608 76
3683 76
4002 68
1199 77
912 77
2707 60
5782 70
1260 67
319 64
27773 73
2109 62
17|20
260 86
64839 81
296 88
5952 87
527 87
1193 87
3681 87
1240 81
2717 62
2858 85
1093 72
81932 82
5618 88
50 89
5971 84
2959 90
1201 88
541 86
82459 79
1 82
18|20
8117 70
65596 70
88094 70
145283 70
157110 70
166015 70
171023 70
103253 62
60684 77
44199 76
2 70
86628 71
59784 70
2918 78
109374 79
4226 85
53129 84
139385 79
47 81
1291 82
19|20
3692 70
3662 46
54 39
2733 39
1702 46
1240 63
1270 66
3712 48
1881 51
216 58
3 53
1834 61
2184 60
3017 54
2044 32
2354 38
2005 60
3146 44
3387 48
2694 54
20|20
1566 73
5419 68
4014 78
2140 78
586 65
661 70
3189 77
5014 84
1333 78
4161 71
3784 61
1030 58
5313 52
2804 85
2054 60
34 75
1097 80
6358 70
4519 71
1722 64
21|20
107013 70
117922 70
140301 70
57640 73
2985 65
2990 66
2717 57
5418 74
31433 59
112175 77
7153 80
30793 60
4446 66
52973 71
45186 69
2023 67
79185 70
1721 67
102125 70
5459 57
22|20
8961 53
2723 46
60950 49
64575 48
1193 56
70286 53
4993 57
2160 56
39183 49
7147 53
3996 53
3481 50
55765 53
48780 55
7361 58
51540 51
6711 56
2968 52
3949 54
48394 53
23|20
6234 70
3996 70
293 72
1206 76
1136 76
1960 69
7587 71
3424 76
3181 78
2467 69
1248 84
1617 75
6807 74
1952 76
6440 74
1258 75
1243 78
1080 71
8228 69
1711 53
24|20
1784 70
2617 61
111759 75
134853 75
58998 72
1265 75
1198 81
3147 79
1197 81
1220 73
2424 61
5418 74
72011 69
54286 70
27773 77
64957 67
356 79
44191 76
1682 73
68358 75
25|6
58559 100
60069 97
74458 95
79132 99
527 100
260 99
26|21
10 70
34 70
47 70
150 70
153 70
165 70
185 70
208 70
225 70
288 70
296 70
300 70
344 70
349 70
356 70
380 70
434 70
454 70
457 70
592 70
593 70
27|20
1196 83
2478 64
2640 74
3508 87
3555 70
1201 84
3519 63
969 80
2080 69
673 58
2886 20
2529 78
1387 81
1101 68
1947 72
1250 87
1276 85
3114 78
1083 63
3809 66
28|20
27450 70
60943 70
61011 70
63033 70
5617 65
59369 58
60046 70
507 55
3300 59
55094 57
59018 70
26695 70
2951 65
3006 64
2231 64
5418 63
26812 51
2058 55
353 62
61167 70
29|17
98961 83
7379 71
1250 92
1201 89
111362 81
48516 89
1100 55
26554 81
3441 67
4327 77
2872 77
2301 79
1617 88
3681 88
55820 84
4223 76
99114 84
30|7
5952 100
108932 94
1200 96
91529 97
116823 87
112852 99
1198 102
31|10
1198 90
1200 85
648 73
1363 66
1073 82
1036 84
1197 90
377 75
1246 84
1270 86
32|20
236 68
314 81
1356 82
357 75
224 76
627 76
1079 86
1084 86
318 93
761 59
1197 90
849 62
912 90
880 57
1198 89
58 85
203 71
608 89
497 82
410 67
33|20
110 82
17 75
2396 78
2272 62
448 73
428 77
265 78
1280 88
1177 81
1617 85
50 87
261 78
11 75
452 53
345 76
608 86
150 78
1188 77
800 81
2690 79
34|18
780 65
2273 62
3717 62
26606 70
45499 66
3996 75
4310 62
3624 61
31685 63
1721 67
5146 61
7090 78
70 68
2006 60
3000 79
4306 76
27728 33
3997 36
35|5
11 82
185 69
595 84
21 79
300 79
36|12
5171 41
3066 63
552 46
4025 45
1262 60
2735 40
2359 52
1372 50
1278 60
2194 57
3347 62
1704 59
37|5
344 69
356 93
661 75
329 75
457 89
38|16
434 55
39 61
223 70
161 67
246 76
168 56
273 50
480 67
356 75
457 72
364 73
50 77
500 61
300 63
551 65
21 63
39|20
2571 85
2391 78
1921 84
1862 39
1219 86
1907 77
2081 75
2459 69
924 82
2529 81
1729 75
47 82
260 85
2080 71
592 71
296 87
3213 84
610 75
589 81
596 71
40|20
440 79
454 80
588 84
339 77
158 63
432 59
431 85
186 63
616 81
514 81
21 78
592 77
1 88
223 87
585 62
216 80
104 76
371 75
111 93
267 64
41|20
96829 72
64839 66
122882 67
6287 51
1569 58
106920 67
86781 79
3160 66
1721 60
2028 71
6763 37
5418 66
53519 56
122904 67
55247 67
924 69
4011 72
2324 72
35836 59
5995 71
42|20
3869 77
4654 59
1021 52
2423 76
3248 44
4477 41
2500 46
1431 60
195 71
3326 76
2407 71
1090 85
2735 60
3693 49
1020 70
4545 74
4132 55
2263 63
3535 83
2805 63
43|20
225 94
296 114
596 94
588 102
587 94
420 74
158 76
631 76
5 80
597 95
168 84
355 63
47 108
367 88
519 62
594 98
236 88
1 106
60 86
259 77
44|10
36 78
663 71
12 48
661 68
94 80
1 80
104 69
112 67
494 71
889 70
45|20
2718 79
1036 88
2028 93
1653 91
1682 85
2396 85
3249 75
261 85
4308 81
329 75
1367 69
2890 83
593 93
1127 82
2431 77
6377 91
569 67
1197 95
1060 84
2858 91
46|9
590 86
588 85
315 67
208 65
1 88
432 59
225 79
434 68
339 78
47|20
508 62
68932 57
72395 65
2420 62
597 59
148626 69
5989 65
96588 64
69122 61
6155 54
4975 57
30749 66
106100 66
45950 63
2028 69
4018 53
1259 66
6373 57
33166 66
2407 55
48|7
4886 89
1320 74
1527 84
1193 95
3793 85
48 73
1653 93
49|5
2028 89
1214 86
139385 84
318 95
527 90
50|20
8143 70
114335 70
136564 70
142074 70
171759 70
175693 70
179073 70
175707 70
71264 56
82848 70
1377 48
44555 65
8157 60
6807 62
95543 50
8253 52
96610 56
924 61
32875 70
4896 58
51|20
7040 70
5620 67
2613 70
4437 92
2023 78
1500 83
522 84
858 97
4508 81
2951 90
1014 70
1407 72
2282 67
2420 83
3388 56
260 93
3186 80
3994 79
3501 62
2371 73
52|20
152081 88
51255 95
74458 93
1923 87
7438 93
40583 84
59784 81
55765 93
112852 97
86892 90
55363 99
112138 87
49272 96
52245 72
69481 95
50794 62
1704 96
54736 88
44665 91
47200 77
53|5
481 89
1100 72
249 109
1125 101
916 115
54|7
296 68
593 67
639 45
1 64
205 52
161 60
500 55
55|5
2407 50
673 44
3275 63
2890 55
4011 62
56|10
786 68
253 79
165 79
110 89
589 87
370 69
434 67
410 70
69 83
185 68
57|20
2140 71
942 83
920 71
3175 68
1784 71
3429 82
933 84
1193 81
3446 31
160 56
1499 37
2640 72
892 77
11 70
2947 74
6 76
2478 62
2291 73
1688 64
2301 72
58|20
588 86
282 75
185 70
419 63
367 74
277 71
48 73
280 86
337 88
345 85
3 75
357 82
527 95
587 79
218 75
500 77
508 86
368 80
364 92
353 86
59|20
1696 45
6460 109
3489 80
1188 84
1222 92
2076 86
3448 82
1263 89
1247 91
527 93
1244 91
904 96
903 92
965 84
2616 66
1953 88
608 94
105 72
912 94
3471 84
60|5
832 65
58559 79
805 69
455 46
858 82
61|8
266 72
1101 72
7438 83
173 56
555 80
2012 72
4878 85
3949 84
62|20
99114 89
176371 86
3793 84
56757 84
73017 86
30793 70
179819 71
68554 74
185135 86
168248 92
5903 87
4878 91
2028 93
5502 74
6058 67
344 69
1721 78
45499 77
41566 79
78105 65
63|20
5669 72
4246 69
48780 77
500 64
6016 80
31658 79
2858 77
64285 78
85414 66
1221 81
106696 68
4963 74
50 81
1097 72
260 78
110 76
1222 79
4979 70
5952 79
77561 67
64|20
5878 92
3101 68
2640 78
2959 90
8784 80
2054 59
4239 80
4025 64
5026 87
40819 83
266 71
2699 61
27266 82
3969 76
1805 62
6296 79
4776 79
3148 81
4262 82
356 86
65|7
1246 81
33660 83
7458 70
2329 85
4993 85
91542 75
3147 84
66|20
593 92
47 89
5418 86
922 95
2139 82
2956 66
3745 78
1956 93
4581 70
5349 80
1210 92
1094 78
2001 71
380 76
6539 85
671 77
1 87
6378 82
7766 94
296 94
67|8
99114 79
4306 79
27193 76
79132 82
60069 80
2012 68
4886 77
4993 83
68|20
47978 70
95218 70
6534 48
48696 71
67267 71
30825 59
1799 67
3556 70
8622 66
4351 62
63113 64
58295 66
7151 67
2413 66
6287 55
653 57
41566 65
5541 63
260 76
48043 66
69|10
4370 80
4848 97
3671 97
2476 91
1193 101
356 100
553 91
4022 90
260 100
3994 86
70|13
1193 90
1097 82
1914 78
1269 86
4995 88
318 95
8949 83
1968 83
1210 89
89492 82
1250 94
1235 91
2366 80
71|7
494 69
647 69
736 65
95 60
733 70
589 78
7 62
72|9
1047 70
150 84
858 95
2490 77
1357 90
260 91
50 94
1198 93
1196 92
73|20
1193 86
45720 75
105037 58
6333 77
59315 78
76293 60
138204 73
2706 71
152081 78
45221 47
68135 73
150 79
8376 69
93510 79
59784 72
116823 75
106072 71
1682 79
52245 64
35836 72
74|20
31522 70
2594 84
2908 82
30749 86
6870 84
3006 85
52281 79
49772 86
55118 89
2997 87
6305 81
608 92
4546 84
41863 88
27773 87
6001 90
1251 89
6552 84
46976 82
44555 92
75|14
5445 64
1240 67
5952 72
2193 61
6870 66
2529 68
168 53
541 72
3176 60
1962 64
2078 67
1889 64
1266 72
1374 65
76|20
48877 47
5956 58
2918 61
58803 58
1247 65
74458 62
7669 70
79132 65
8957 51
858 68
55820 63
1258 66
63436 40
1201 67
1208 67
48 50
288 53
34405 62
1 62
1196 66
77|6
3996 76
4973 85
7361 85
8636 75
3578 79
33794 77
78|13
296 79
165 67
3809 62
589 74
546 41
27904 71
260 78
590 72
480 70
68791 63
344 58
44974 71
380 65
79|13
3266 104
3029 75
589 87
1916 90
307 88
4005 75
260 92
1189 90
1345 75
2000 83
1374 84
2659 70
2076 85
80|20
7445 85
96691 0
84189 70
91630 87
49530 88
8950 92
6539 91
4223 85
5630 81
3527 86
76251 87
80363 65
52604 90
6502 94
34048 77
1221 100
60684 90
6952 68
5989 92
77561 83
81|26
10 70
32 70
47 70
110 70
150 70
153 70
161 70
165 70
208 70
231 70
288 70
296 70
316 70
318 70
329 70
344 70
356 70
364 70
367 70
377 70
380 70
457 70
480 70
588 70
589 70
592 70
82|20
6886 70
2381 50
2378 63
6566 21
368 70
6536 72
3253 71
4310 64
1608 68
1372 69
145 64
356 82
6708 73
1485 63
4369 61
6564 48
6888 43
5803 44
4015 52
364 81
83|20
56367 64
7143 67
7323 65
6539 66
161 63
586 52
2115 64
1270 69
6874 70
2324 72
1537 68
7153 72
68954 70
48774 68
30749 68
8014 73
1222 71
3753 59
1223 75
64983 57
84|20
55 70
987 70
912 85
1096 79
420 55
1227 83
113 55
580 48
5060 78
1293 76
900 76
1097 76
62 73
368 71
1305 74
1247 83
1296 80
11 74
1073 78
1094 71
85|7
1519 70
1624 49
1140 70
1694 56
1643 68
1747 68
1635 79
86|14
4993 88
4310 67
6947 76
2411 55
457 84
5418 81
3996 82
4901 73
1835 73
33794 82
1196 88
3555 74
1097 80
2687 71
87|5
4023 66
2009 76
3504 93
671 77
2139 82
88|12
7312 70
74795 73
4993 90
68157 90
5952 90
1193 90
223 84
8665 82
4262 85
56782 95
8677 48
58559 90
89|104
26645 70
32060 70
44851 70
53280 70
53578 70
67888 70
69211 70
81087 70
84246 70
103602 70
108078 70
109596 70
118894 70
121007 70
128089 70
128944 70
131098 70
131439 70
134847 70
140481 70
146684 70
148632 70
150554 70
164226 70
30793 61
169912 49
87869 71
1923 71
4015 51
950 75
173253 70
2324 81
27826 70
92259 83
11 71
3977 55
86298 59
8154 84
77688 70
2997 77
170837 70
49274 55
157775 70
1 76
142196 70
99117 60
62008 70
72624 70
108156 68
3752 63
2059 59
128520 76
3175 69
133879 70
48649 70
126088 70
5529 48
65588 70
99130 70
40962 56
1732 78
68659 64
91666 70
2683 63
3751 69
750 84
6650 76
149508 70
2395 70
51575 53
65230 65
171751 70
85881 78
139157 70
6863 66
4246 71
108949 52
1230 78
160567 74
73319 57
177185 70
130520 64
5220 46
121338 70
153386 70
50872 74
149566 70
145491 70
4890 63
129354 61
32243 70
84944 71
6402 70
1288 81
140133 70
119141 69
947 83
176621 70
4973 83
158398 70
69469 70
54503 75
141928 70
102481 69
90|11
1137 70
1144 70
581 99
81 71
892 88
1073 86
116 72
896 46
17 82
7 70
613 68
91|20
3013 70
6395 70
8147 70
7153 80
3360 74
2791 74
3897 76
1080 75
4850 61
3429 82
7000 44
2060 65
2916 70
1391 62
2100 60
318 85
2146 70
1225 81
1246 76
8501 70
92|5
2572 84
2114 89
1015 70
2454 77
1801 81
93|20
736 82
1917 75
552 79
1721 86
539 88
480 93
1372 86
368 88
2355 89
1923 92
2193 88
2006 77
339 86
1097 94
1591 67
260 103
2968 96
1676 82
593 104
558 67
94|12
231 53
377 61
367 56
364 70
288 58
19 47
10 61
586 52
590 66
380 60
589 68
318 76
95|20
18 82
4878 90
6979 80
4732 53
3019 89
5246 41
32 89
2952 81
1247 92
1198 94
5283 68
3361 84
1513 64
2009 77
539 79
122 59
1584 81
1240 86
4262 87
5349 80
96|16
527 85
1094 72
272 77
3819 90
150 77
2021 72
2571 84
1214 81
2058 69
1220 78
733 73
2340 62
1721 70
2396 77
367 66
1291 83
97|8
4701 75
4306 90
3578 91
4993 95
4963 89
4299 77
3981 53
4161 77
98|19
81845 86
8961 83
122912 82
5299 68
63992 54
187541 64
56152 80
134853 83
69644 67
6863 71
5618 89
56801 54
3499 82
134130 83
74789 64
82461 66
1258 88
88810 86
79132 87
99|11
318 107
161 90
420 67
592 84
196 66
122 64
145 78
150 93
316 81
236 80
588 92
100|20
497 84
296 91
1393 77
95 65
592 74
605 61
6059 78
28 89
2245 73
62 78
4308 78
1777 78
838 82
2125 82
1288 90
234 55
1197 92
2005 80
4014 80
4623 77
101|13
2580 80
3285 60
2723 69
2700 77
2908 76
2390 80
3175 71
2395 73
358 54
2702 63
3394 54
2997 81
2502 82
102|12
158 54
588 73
150 74
592 66
253 69
480 72
344 59
539 69
553 72
593 80
586 59
223 75
103|20
86014 70
1954 85
60040 70
1968 83
77206 70
2161 79
1732 88
81834 85
608 91
2384 58
4254 48
104 73
139642 62
56782 94
2096 74
101 83
6534 56
374 46
60069 87
30793 67
104|20
4740 70
743 50
5218 73
8643 66
1288 83
47997 70
468 68
76251 74
8533 75
4018 63
38038 78
1566 69
7361 85
6060 48
3034 73
1641 76
4641 71
108190 57
616 73
7034 76
105|20
4788 70
69685 70
95311 70
95313 70
110586 70
141816 70
141818 70
170597 70
172587 70
172793 70
173351 70
173535 70
6433 58
4974 66
70286 84
108981 70
95175 70
69122 80
1243 93
3916 83
106|7
69844 93
72998 84
59501 81
86880 80
5349 84
53125 81
59784 81
107|7
231 70
253 81
590 87
165 81
434 69
208 66
318 100
108|16
800 87
6022 66
4995 88
2585 0
5316 66
4975 74
3978 66
5349 78
2926 76
4246 79
4878 88
4994 77
1968 84
1684 66
497 85
5380 86
109|20
380 63
1033 65
231 56
364 74
589 72
480 68
62 66
31 60
587 64
1032 64
586 56
778 75
540 51
256 52
163 67
252 62
223 71
553 69
537 61
168 57
110|11
26171 57
2468 51
1198 85
1089 85
1222 83
1208 85
4881 79
47 80
527 84
1193 84
2428 52
111|20
100194 70
162602 70
171251 70
2145 66
96588 77
65088 68
66203 59
84772 67
2081 74
91529 80
6365 66
45666 51
3255 71
1282 76
6539 77
86833 75
122882 77
59143 75
86911 64
5283 61
112|13
788 54
161 72
1917 58
16 78
21 68
208 56
434 59
39 66
3717 63
19 53
110 78
32 78
70286 76
113|20
4083 70
39 68
3168 74
932 86
2331 55
3359 83
1086 82
3504 85
1339 72
904 87
3546 70
4063 43
4062 65
1077 77
1589 76
2475 64
3831 75
46 61
1733 75
4007 76
114|7
141718 70
54001 67
2291 66
167732 70
122886 67
8961 67
3147 71
115|20
1580 73
2804 84
1387 85
2792 71
3146 56
3273 53
3052 76
2841 76
2719 45
595 78
2700 80
383 66
2027 42
2148 64
2770 60
3785 63
2916 76
3175 74
588 79
1377 66
116|18
2716 72
858 81
1299 77
62383 0
1339 67
1276 80
597 66
1029 64
1101 64
2797 70
2657 63
1961 73
1407 60
5995 77
1704 77
165 66
2115 69
8360 69
117|20
708 64
587 67
589 76
151 69
36 74
1036 76
595 72
288 66
596 67
48 62
315 57
454 69
353 73
474 71
10 69
60 62
805 70
491 63
616 70
485 59
118|5
1221 82
1625 71
153 56
1961 75
1810 67
119|20
95441 76
117176 87
1092 75
91529 92
74458 91
4387 86
79132 94
168252 96
44022 74
78499 95
122904 89
106782 94
442 71
4993 96
31685 74
6365 77
141004 49
4148 68
88744 86
8644 80
120|5
260 80
32 78
5 57
631 55
52 71
121|12
497 71
440 65
161 67
527 76
292 62
344 56
186 51
316 60
1 72
19 49
163 66
337 70
122|20
27660 86
69784 85
7022 99
148652 72
4816 85
56174 85
94959 93
81591 87
71535 93
30810 88
2997 97
1732 99
108932 94
780 83
1090 96
3253 86
106782 99
72226 100
1200 97
1214 97
123|12
68554 68
115569 82
79132 84
109487 83
1196 86
4226 85
296 86
7153 85
143458 70
47 82
96829 85
2858 83
124|10
56145 79
2161 78
260 89
175 89
1358 83
6377 87
4226 90
3147 89
608 91
1223 94
125|20
5088 70
86721 70
110330 70
54503 82
72011 76
162578 89
119145 81
176371 81
55247 82
1240 81
86332 76
68157 87
112623 79
4082 42
160567 80
3342 70
109487 85
88140 74
98607 70
81562 77
126|8
364 71
349 62
231 54
380 61
410 56
300 62
253 63
457 70
127|5
2915 54
903 63
55276 58
5060 59
272 58
128|7
904 89
965 78
926 87
1066 84
1721 72
1080 81
1198 88
129|20
4370 70
480 79
3698 72
2692 87
2138 83
1968 82
8368 83
653 65
7143 83
316 70
6874 86
239 64
2916 77
733 76
4896 80
2028 88
3977 58
3000 87
1907 80
31658 88
130|6
208 56
316 64
292 66
110 78
590 74
296 82
131|14
2273 57
6947 64
58559 74
908 74
4878 71
89745 70
7256 71
68237 71
2722 51
2028 73
48516 75
3178 64
64614 70
969 71
132|20
6251 70
3275 69
4995 67
2987 61
7444 54
3262 54
4168 47
31658 69
44191 66
1089 70
3967 64
5502 55
50 71
58559 69
5992 70
2108 58
1844 68
2657 56
47 66
2470 52
133|7
454 57
356 66
589 63
150 61
153 47
380 55
527 67
134|7
442 65
595 78
349 73
380 72
367 68
509 74
296 88
135|20
592 71
4084 60
893 73
3994 73
2004 71
608 87
1358 80
3852 68
3489 75
1614 61
1198 88
4128 77
1883 65
2302 68
1291 84
410 66
1261 86
4022 77
4881 82
1077 79
136|20
161 78
193 52
585 58
338 61
277 66
380 73
181 48
337 81
437 52
165 75
611 66
151 75
340 70
252 71
432 56
552 67
350 71
280 79
273 59
150 80
137|20
6787 82
2716 78
1198 85
750 88
919 78
1270 81
318 88
150 77
2997 81
1200 80
6986 70
7153 84
1242 83
110 81
33493 70
1197 85
2959 86
1237 86
903 83
7762 83
138|5
2707 63
1960 71
1959 72
849 55
3996 73
139|20
4025 38
7445 45
60684 48
4865 46
68319 37
7090 51
5502 41
260 51
8371 41
53953 40
58025 39
106782 51
6957 46
7163 37
3827 38
3624 39
52722 37
54259 45
4367 38
115617 48
140|20
5699 70
5299 63
1393 70
356 81
609 63
32596 61
4795 61
34072 73
1617 81
5256 48
5943 51
1084 79
4337 70
3108 77
43396 75
4719 54
1005 44
4321 68
5812 76
4259 72
141|20
5418 73
54503 74
4963 74
2478 61
71535 73
317 61
68954 77
54286 70
6365 64
54272 70
4447 64
5502 63
6377 77
6373 64
1265 75
91529 76
2502 78
441 78
1517 68
48516 81
142|8
434 63
384 73
588 78
50 89
527 87
356 86
337 80
377 73
143|15
1721 63
61250 46
6942 67
7169 61
8533 68
106696 65
3421 70
87232 68
78316 62
69069 67
59421 51
2144 67
96821 73
7173 57
500 61
144|20
589 79
541 83
8368 78
597 70
590 76
410 63
1246 79
527 83
356 83
500 68
19 54
2700 76
434 61
733 71
780 68
1036 78
5377 77
552 63
586 61
2081 73
145|5
344 60
339 67
380 67
318 85
588 73
146|7
7293 66
3257 55
32 74
1367 57
3686 57
410 58
47610 67
147|5
1234 81
168 61
552 63
555 75
2395 71
148|10
88125 72
5618 78
108932 72
81847 73
72998 67
5816 69
8368 73
7153 78
81834 74
4993 78
149|12
1097 61
1374 61
1831 41
1527 60
260 67
173 43
1206 67
1200 65
2021 57
1580 56
1391 52
1375 55
150|6
3 66
1356 78
5 59
95 61
733 72
1073 77
151|12
786 72
562 90
780 80
837 79
747 72
1265 92
828 77
1073 90
1 92
648 80
1393 84
1359 62
152|13
50 85
2959 85
116897 80
89492 76
1193 82
69481 80
85774 73
115713 77
111 83
92259 86
1234 81
79132 81
318 87
153|20
134853 47
1732 49
8533 45
4014 44
81456 39
106782 49
8528 47
6863 41
87194 39
2617 38
1246 48
106100 48
1954 48
7458 42
4226 50
89904 46
72998 43
133780 70
586 37
36535 47
154|7
114662 87
119145 92
81834 95
122904 93
106072 81
76093 95
77561 84
155|10
153 61
3286 38
1200 84
260 86
141 73
2355 75
2384 57
2948 79
432 55
2959 90
156|20
26313 70
31038 70
1230 80
1711 57
3341 75
6296 73
762 48
2361 57
2076 75
4784 59
661 64
2926 68
8571 70
47 78
3176 68
58 79
848 60
866 79
1485 61
923 78
157|5
785 65
3617 62
2720 39
2770 54
527 79
158|6
1093 72
2605 65
2872 76
2723 71
2428 54
66320 70
159|20
2959 76
60069 71
45720 64
597 62
4022 65
89864 67
49286 60
140110 62
84954 57
4447 59
1197 75
68954 71
6942 66
1961 69
106696 63
480 66
539 62
166643 66
40819 70
63082 71
160|20
126 37
1371 51
1198 71
196 45
3408 60
5349 60
3213 68
2408 43
839 48
3593 27
2748 28
533 50
1975 48
1676 55
3745 58
2011 59
733 59
3826 41
778 69
2840 46
161|8
4980 63
7247 77
47610 76
1223 90
38038 81
3429 87
2144 76
2336 75
162|8
150 91
225 84
168 74
50 102
300 84
266 82
31 78
62 86
163|5
1608 61
1810 63
1747 61
1777 65
1837 46
164|8
1036 88
2916 81
110 90
589 88
3527 82
1101 77
1201 95
2167 79
165|13
2353 66
3624 61
110 78
5505 67
5527 72
3256 68
5956 71
5418 75
5530 57
5450 69
1127 71
3409 59
5881 61
166|20
33794 84
1721 75
4011 90
5378 68
3481 80
49530 80
2353 73
47644 64
54272 80
8961 84
1198 91
2542 88
1036 85
608 91
434 65
5219 65
5418 83
2396 82
349 75
2324 90
167|20
33493 65
4886 73
778 78
3052 68
7147 73
6857 74
45501 55
6480 70
1682 72
2231 74
784 53
33794 74
2083 75
2413 67
6333 70
8961 74
2139 70
150 72
6773 71
35836 66
168|19
3730 94
1248 102
1201 94
1089 93
296 93
923 88
1222 92
5291 85
3543 86
1302 81
3362 88
1148 95
3101 72
57669 95
2076 85
1729 81
908 92
85354 62
80463 90
169|20
3536 84
2028 100
364 98
953 101
4886 94
5400 75
8644 84
524 85
2795 92
1022 87
3114 95
3967 94
1517 86
1035 99
8641 91
6365 81
661 81
457 96
3287 57
1416 87
170|10
318 84
296 80
586 58
377 67
34 68
592 65
277 59
500 64
266 65
588 72
171|17
485 73
1220 92
1025 89
801 74
1259 95
1079 98
828 80
317 77
869 80
380 83
1136 101
1225 101
661 80
318 105
47 96
1198 102
1208 102
172|6
3087 63
3578 78
7438 77
2072 60
3793 73
2762 76
173|5
10 66
329 62
586 57
597 66
588 71
174|14
553 78
520 66
224 74
648 71
161 76
317 67
158 58
780 70
315 61
485 63
282 68
440 74
350 70
10 73
175|5
531 67
8911 70
43904 35
38388 77
8362 56
176|8
165 79
434 67
39 75
368 78
380 77
780 75
47 89
471 78
177|20
42002 66
91542 72
6332 59
3668 74
45672 60
783 66
27706 63
2657 65
114662 70
1206 80
83132 77
5218 71
508 72
3114 75
1321 64
2176 74
8798 73
88140 69
2012 66
339 66
178|16
7361 90
527 87
2329 88
5995 87
6502 83
4235 89
1198 88
208 60
6539 80
296 88
349 73
10 74
4226 87
1240 81
2579 81
318 92
179|14
367 71
589 86
161 81
231 67
288 75
743 55
1061 80
317 71
786 68
592 76
671 77
296 93
434 67
364 89
180|5
1261 79
260 79
1748 75
1242 79
2140 70
181|20
157 49
593 74
596 62
353 67
539 64
516 59
132 58
169 41
25 64
31 58
542 44
6 70
707 54
185 55
464 53
502 45
415 47
480 67
592 62
344 55
182|20
4879 70
6969 70
3911 72
2728 78
4313 67
8042 85
1291 80
3113 54
3578 79
1590 60
161 73
4452 55
224 71
4980 61
4262 78
2353 67
2890 73
1127 72
541 82
6041 70
183|12
480 75
380 70
1196 84
2951 81
2534 37
4085 71
1287 79
2194 79
3247 60
1233 86
2662 70
1408 79
184|20
158035 70
181413 70
193565 70
97304 85
74754 60
168250 81
191005 70
106072 72
166291 80
127152 81
86332 77
80463 86
5816 79
122898 62
81845 87
5810 72
170813 71
174479 70
112852 88
148626 89
185|10
1685 70
2396 74
5377 74
1721 67
5952 80
1393 69
595 72
2085 66
4995 79
899 80
186|20
2605 70
1214 90
1291 92
3745 79
1269 90
2527 79
2532 65
4361 82
1307 87
2968 87
4306 90
2541 78
1702 65
480 84
1097 86
3977 62
919 88
3527 82
593 94
1196 94
187|20
26122 70
3949 77
49272 79
231 59
1206 81
6874 78
1729 70
1209 80
48394 75
6502 77
2701 45
4027 75
288 66
2542 79
7153 81
39427 52
6890 76
1222 80
8949 75
1748 76
188|10
2346 74
1212 93
594 82
1282 86
3469 85
2396 86
1091 56
3341 87
1264 88
2206 91
189|5
48516 84
4993 83
79132 81
2959 85
58559 82
190|14
6711 82
4776 76
8784 77
4995 81
5630 68
4306 79
30749 79
1221 85
4975 68
8961 78
858 86
8464 74
69844 79
7438 79
191|17
496 70
21 74
72 68
175 87
494 73
417 82
17 77
6 82
85 83
292 71
314 81
58 85
235 76
213 61
161 77
160 62
162 89
192|5
356 88
288 72
316 70
349 74
432 56
193|7
44555 75
55442 71
4878 72
6016 75
307 70
1270 72
5618 75
194|5
163 69
1396 69
1500 70
1288 79
5060 73
195|20
3424 80
2770 55
1041 87
1653 78
1923 71
3160 74
4723 45
1863 49
2336 70
2166 47
4308 69
1909 66
260 80
2028 80
3252 73
2908 73
1392 66
1365 67
70 68
190 64
196|7
70286 76
3578 78
59315 74
58559 82
364 79
1214 78
110 79
197|7
1513 59
1240 80
1882 44
786 64
2167 73
153 60
1784 76
198|20
3894 70
3499 75
920 71
1213 81
3949 77
1994 68
1485 60
2572 70
4019 72
1089 81
110 78
593 80
4128 72
1270 78
4886 75
1079 79
2117 75
912 82
1573 66
1682 73
199|20
5464 66
2165 68
2280 49
736 60
5673 69
349 64
5502 61
482 69
8532 70
1172 77
300 64
50068 68
4881 72
3175 65
7445 66
2973 74
34338 65
41997 69
1956 77
377 64
200|20
3809 71
7022 88
50802 67
3968 66
2485 61
500 73
5610 46
590 82
1029 74
53996 72
2572 78
4993 90
4041 77
57640 82
1302 79
1784 79
6383 53
1653 87
1569 74
1517 76
201|20
1748 90
1527 85
1584 85
2858 94
339 80
589 91
2717 69
994 98
788 64
1196 97
2797 86
733 83
1259 92
2174 82
1198 98
2455 82
1569 79
1213 97
160 68
24 74
202|20
3329 70
924 83
29 83
2289 83
1197 88
1196 87
2966 81
161 76
608 87
1209 85
1296 82
3194 75
1784 76
469 78
923 83
2000 78
1587 67
1719 93
3147 85
32 83
203|9
56174 73
8665 78
2407 69
5952 86
590 79
49272 85
40815 79
333 76
296 88
204|17
1136 91
3949 86
33794 84
48394 84
27075 70
1080 85
79008 90
6104 94
8874 88
81591 77
4878 87
91658 77
711 63
2313 82
86320 81
55820 86
5218 79
205|6
912 83
99114 78
91542 73
5816 73
95167 70
96079 74
206|5
36 87
608 96
733 82
140 73
141 80
207|5
2991 59
2428 41
2707 53
3740 63
100 44
208|6
1210 76
2628 57
380 64
2353 63
2278 68
2762 72
209|7
60684 80
1291 85
68157 87
74458 83
185029 86
122886 81
88125 81
210|20
123553 70
34405 92
166203 70
3147 97
31696 80
7649 70
58559 98
2105 80
6365 79
34397 70
4625 52
84772 78
122926 94
76093 94
62836 70
33493 82
1584 86
47610 87
108932 91
122918 91
211|18
58559 85
63113 70
90405 66
57669 88
60684 78
7153 86
73017 79
2105 70
4367 62
356 85
2642 50
1556 35
318 90
44665 80
85414 72
1198 87
1136 86
260 85
212|20
170697 69
122920 70
122892 66
2571 78
5218 69
48394 73
3578 75
1196 78
135143 66
74795 63
179401 64
79132 77
77800 78
108932 73
110102 71
96821 75
8874 77
65261 81
59784 65
2291 71
213|17
3285 65
87520 48
80363 60
76251 81
8957 71
2860 58
1234 89
5419 70
51935 84
69844 86
39446 60
4132 56
858 94
69526 49
4558 59
49530 81
58559 91
214|5
83 70
628 60
743 41
1363 51
802 56
215|20
1172 85
4973 87
63082 81
1291 82
2028 83
3252 76
3210 72
1968 78
1247 83
49272 82
1089 85
72407 56
5650 72
318 89
1208 85
2000 76
1197 86
1196 84
1297 75
4019 75
216|20
104 65
21 67
3996 74
3946 43
2946 66
3993 65
3897 76
2599 73
34 68
3994 68
4034 77
3363 75
1965 69
3422 65
3555 68
3253 68
2087 70
3986 52
2018 68
1923 71
217|20
1867 70
3434 70
1275 65
2468 42
3197 50
1912 65
2302 55
1876 50
380 58
1221 71
2471 48
1918 48
1385 49
3165 62
1590 50
1562 39
1703 67
2056 70
1831 43
160 49
218|6
2657 61
2692 74
1380 60
1198 77
6934 57
5349 65
219|20
60072 56
2115 68
59315 70
6539 71
442 57
30707 74
1704 76
180 64
1219 77
1005 41
27773 74
56156 55
6188 65
6721 68
30825 59
2997 74
1552 56
1500 68
2890 69
1921 75
220|20
3996 84
733 78
1198 92
3994 77
6539 84
1258 90
1917 65
4545 75
33794 85
165 77
71264 80
4623 78
53464 55
5218 80
6365 73
3751 78
32 87
1036 86
5502 72
1591 59
221|20
4338 70
7013 91
8529 70
1080 83
3246 87
2871 84
1208 90
7063 96
2702 67
4029 85
5954 83
2352 81
922 91
2997 85
1278 88
2858 86
1212 88
1959 82
1961 83
3671 85
222|20
81831 70
100498 33
48516 76
1249 75
99813 73
91529 71
59900 51
93287 72
1721 62
2706 61
3273 45
2411 46
64622 66
7143 70
87869 64
778 73
30825 57
42011 41
673 52
64839 69
223|15
55854 70
6711 70
1 67
736 56
1961 67
457 68
2716 66
48394 66
608 72
8784 66
48516 73
3863 55
4306 68
260 71
2683 56
224|11
3496 70
3044 82
356 93
2915 80
289 69
3668 86
1270 91
2797 84
1721 78
2716 87
1259 90
225|15
2423 71
1285 78
588 76
1717 57
2791 78
1321 68
1136 85
1197 86
1753 74
2004 69
2371 66
1407 65
785 69
1060 75
3024 61
226|20
6938 70
32666 70
3552 78
542 50
1240 78
3098 74
2804 80
3668 77
3653 77
2231 79
145 64
2253 51
3052 73
2628 62
762 50
53129 83
4816 70
16 81
2144 75
46948 71
227|19
46976 80
52319 79
81845 86
109487 86
134130 83
215 84
48738 85
47099 83
1196 88
32587 83
912 90
55721 88
1682 80
750 92
778 87
40629 76
97913 79
70286 82
150 80
228|5
2571 88
1373 60
362 77
318 94
3113 58
229|13
34 75
589 83
377 75
45 74
587 74
5 63
475 91
442 65
597 75
364 86
213 62
110 85
527 88
230|20
34330 70
52715 70
47 65
7438 64
527 67
3147 67
45499 56
6537 52
2291 61
1387 66
6863 55
1485 51
595 60
4022 60
2096 55
588 61
4034 64
1676 53
8644 56
2641 50
231|5
92259 86
858 85
593 82
1198 84
109487 80
232|20
31867 70
41769 70
57526 70
70336 51
8644 69
1586 57
44972 44
4019 73
43928 36
30883 30
65802 63
8376 65
39292 75
1035 80
66198 64
66097 72
32011 42
6564 47
7451 74
33164 42
233|20
48394 67
3751 62
48516 73
1721 60
356 71
106100 68
162600 60
608 72
7153 72
134214 63
57669 74
122920 64
2329 72
4239 66
7371 74
3977 47
3147 71
3948 59
49272 70
5418 66
234|20
2616 64
2140 79
172 62
126 48
1562 50
4519 72
153 63
2710 62
3624 68
3483 62
1391 69
438 64
1460 75
2987 80
65 54
260 89
1359 57
3175 76
588 81
2080 75
235|13
480 75
736 66
500 68
454 71
592 69
235 72
595 75
32 80
527 83
648 69
223 78
588 76
377 70
236|30
1214 70
1278 70
1345 70
1350 70
1387 70
1388 70
1982 70
1997 70
1998 70
2447 70
2459 70
2490 70
2496 70
2502 70
2505 70
2542 70
2572 70
2580 70
2596 70
2598 70
2606 70
2657 70
2683 70
2694 70
2718 70
2770 70
2806 70
2858 70
3024 70
3052 70
237|10
32 71
4254 39
94959 67
293 70
1371 53
1193 73
7361 75
7980 67
43936 50
1374 67
238|9
4954 77
3528 76
4265 60
4901 71
4238 68
593 86
4499 85
4957 0
1193 86
239|20
58559 91
5459 65
4085 77
380 76
95 66
7445 79
608 92
7147 85
6378 81
2115 81
4896 83
36529 82
3994 78
33679 73
47 88
590 83
4022 81
208 63
733 78
51662 82
240|20
368 82
543 78
480 87
367 76
810 49
500 79
546 51
110 94
173 62
1 92
542 58
104 79
34 83
174 65
204 63
225 82
383 73
262 90
434 71
420 64
241|16
81786 70
71899 85
527 82
1206 82
1193 82
99114 78
100714 56
8981 75
53123 82
116897 80
56367 74
3910 77
106782 80
115569 79
4235 84
48780 80
242|7
39 67
380 69
231 61
457 79
592 69
454 71
111 83
243|8
112 81
353 92
62 88
588 92
193 60
586 74
181 56
376 77
244|19
3090 84
1049 71
110 83
257 70
165 73
151 73
1090 81
3755 66
2278 75
648 71
1580 72
1957 77
1610 80
1196 86
3256 72
1573 70
1242 85
3753 71
2243 72
245|5
3196 56
2739 57
3114 54
3274 46
1361 57
246|20
1304 92
616 82
1680 83
6016 95
3081 78
44191 90
60684 86
4973 97
1732 92
1298 85
53125 78
2291 86
2692 92
293 90
4011 94
5013 87
60069 91
48082 87
82202 62
95167 81
247|20
48516 81
593 79
2858 77
49272 77
1961 74
44191 75
527 79
116797 76
68358 74
122886 74
480 71
223 74
1265 75
2078 74
1198 80
1682 72
6377 77
1089 80
953 79
919 74
248|11
4886 77
1198 84
166528 76
176371 76
316 65
147374 73
102903 69
189333 72
122912 77
58559 83
5218 73
249|20
110350 70
102903 75
2167 76
94959 83
84601 72
2395 78
97306 76
3408 78
89047 70
91500 76
91542 81
40815 83
69844 86
904 93
46723 80
3826 54
68791 73
88812 64
67695 16
50 93
250|6
1282 87
2407 76
318 101
1597 74
1246 91
8880 81
251|5
142115 89
293 92
356 95
318 102
1089 97
252|8
164179 86
89745 86
6377 88
164909 84
1682 83
166643 82
143355 75
78499 90
253|10
44555 95
916 94
608 95
2300 91
7099 89
4217 0
26366 70
1192 99
4642 100
3363 87
254|20
46578 84
44195 87
207 74
49278 70
6333 77
780 71
110 84
1210 86
49272 85
27846 85
32587 82
2571 87
44929 0
47 83
293 83
1580 73
5995 87
32 84
592 72
48394 81
255|9
1270 55
4467 53
2023 47
3501 37
1663 51
1394 55
3392 42
2542 55
2915 48
256|20
3247 67
88744 84
377 79
4973 97
53972 79
118696 75
95441 75
104841 84
71535 86
2953 64
81229 78
53121 65
30707 91
2571 93
68791 76
170 75
6942 84
90405 72
6537 72
33493 78
257|5
1500 68
594 66
2502 75
494 64
2406 65
258|5
4995 91
7147 87
72641 83
76093 89
47099 88
259|6
508 59
5945 51
1784 58
4886 62
1356 62
1584 58
260|20
7361 83
3556 73
162 82
903 80
5690 85
6337 74
4878 78
5617 77
342 64
5219 58
2997 77
8011 80
1206 80
3317 78
6709 62
8874 79
2348 74
3822 76
2959 83
8645 78
261|11
3897 79
16 80
2060 69
296 85
2723 68
1682 77
4085 71
2194 79
7361 86
4238 67
58559 84
262|12
708 58
539 62
457 70
322 63
339 60
85 70
26 66
17 65
213 51
273 49
593 73
728 61
263|20
223 79
150 77
500 69
2987 75
2953 58
110 82
4226 85
8370 82
1197 86
7458 70
708 68
1111 82
2125 77
6942 76
5013 79
163 74
457 81
8636 77
1967 80
2085 70
264|12
7841 76
1376 69
151 69
5816 72
1907 73
1320 62
1917 58
150 74
3578 77
1090 77
253 69
1876 58
265|20
3807 70
316 62
253 67
1302 69
724 56
1240 73
3504 79
230 65
3831 70
1956 79
3098 70
529 73
1270 76
3791 61
1177 75
2322 58
1488 60
2474 67
1198 80
1962 70
266|20
476 70
2812 70
2700 74
2278 71
24 63
2770 55
2702 61
64 46
1405 56
2580 77
1527 72
2167 68
457 77
1580 68
2300 79
1923 72
2094 64
132 63
2571 81
2097 59
267|12
2858 89
593 91
1175 91
3006 86
1302 80
3999 55
3113 60
1093 76
589 86
2571 91
923 88
3996 85
268|20
1641 68
587 62
1125 66
1911 49
2802 54
1036 70
1370 61
50 76
2064 71
1784 66
1912 70
1966 64
454 64
1234 73
2247 53
1394 73
2829 58
802 62
260 74
2858 72
269|6
724 62
743 53
95 64
1 83
63 57
648 73
270|8
661 61
62 66
79 52
628 67
14 65
1356 71
141 64
25 65
271|9
3897 69
32 70
2791 68
969 71
6787 72
2858 71
55765 69
1320 56
2288 72
272|7
177765 69
1240 73
51662 71
122922 72
49272 77
158238 70
6365 64
273|11
440 80
593 93
500 76
608 94
223 87
111 93
150 85
21 78
466 66
235 81
520 71
274|20
50147 70
2947 75
3037 83
1645 67
4951 66
2036 51
1359 52
35957 66
553 73
76293 56
3918 66
1503 48
45431 63
4816 68
54999 68
5667 70
4876 47
56805 68
1921 80
54004 70
275|20
1784 80
2289 87
5884 70
1171 76
357 78
1912 86
2539 68
235 79
4886 84
2572 79
2355 78
3253 77
1192 96
926 91
111 91
2100 68
3089 94
1393 78
1719 99
1392 75
276|9
673 76
356 107
466 76
104 88
631 73
648 89
2 89
1367 80
344 79
277|6
637 69
736 74
656 65
1 89
780 77
260 93
278|5
2371 70
1347 69
4002 80
318 95
2369 62
279|20
134130 75
1101 65
166528 73
90405 61
61132 67
79132 78
56782 83
97913 71
1608 65
4226 80
59315 72
88129 73
54286 70
1258 79
8665 72
58559 79
4993 80
8376 63
107406 68
1200 76
280|20
92535 93
344 67
262 84
3146 59
4239 84
4447 73
8638 80
919 85
72641 81
86817 57
8368 85
49530 81
6863 73
35836 76
55052 80
54503 85
4246 79
48516 93
1911 60
3916 83
281|5
46578 70
8361 53
35836 60
3897 68
3861 50
282|20
5995 90
3977 59
3263 69
25 77
6708 79
2683 71
4718 64
6711 88
5481 65
6863 73
5669 82
3752 71
588 82
80463 88
1921 88
1193 90
4369 67
48322 93
1194 83
784 60
283|7
1580 63
39 61
1704 74
356 75
586 55
2082 49
805 65
284|18
474 84
173 61
2 79
296 97
15 69
348 85
248 72
318 101
47 92
353 86
275 43
44 57
339 79
367 74
276 69
165 82
637 70
235 83
285|8
1193 82
949 77
1247 81
6978 65
113207 70
4447 66
441 81
296 83
286|20
454 72
778 83
5989 79
1333 75
165 72
500 68
7438 80
2294 66
4993 84
4995 82
7361 87
70 71
4980 62
1258 84
4963 79
1097 77
4848 81
539 72
377 71
110 81
287|20
3160 58
3578 60
223 59
2633 57
1059 56
586 46
3005 46
532 45
1193 63
2599 58
2028 63
1485 48
3826 38
2081 55
8949 59
2012 52
101 59
4034 60
2422 30
2115 56
288|20
4473 70
4966 70
1008 70
2867 69
42015 60
141 64
2571 76
13 60
53519 59
2407 61
5418 71
3916 69
2347 40
2528 60
30810 67
575 51
32587 73
587 64
2517 53
8361 57
289|24
3 70
16 70
235 70
266 70
594 70
708 70
750 70
1080 70
1101 70
1208 70
1220 70
1258 70
1917 70
2012 70
2174 70
2710 70
2797 70
4322 70
6125 70
6327 70
6453 70
7025 70
7028 70
26704 70
290|20
1228 90
1299 88
2494 80
2739 88
608 91
2130 67
908 90
341 70
1447 76
342 71
1056 65
1719 97
953 89
928 90
1394 88
2648 77
475 93
2731 83
1357 88
2385 48
291|7
40815 90
122892 83
106489 80
134853 92
7153 98
88125 91
1 92
292|20
520 60
103339 53
122900 68
4896 72
2291 72
474 70
85056 63
46972 60
95167 67
164909 73
3176 66
3476 66
1608 64
31221 38
1101 65
3985 65
3984 67
1017 66
69844 75
231 58
293|5
1682 62
1673 67
344 50
1617 67
1097 61
294|20
416 40
3869 59
1064 56
2794 44
610 60
2133 53
1391 53
3868 58
1129 58
520 52
3387 49
355 39
2378 52
3693 37
785 56
2193 58
2367 50
2458 49
348 61
3501 45
295|9
1221 85
3198 76
1287 78
1213 84
4351 67
1198 85
858 86
318 88
2329 84
296|6
160848 70
2028 83
169034 70
4144 84
50 86
2324 84
297|15
832 51
543 50
1645 52
111 63
454 54
1089 63
6 59
1249 63
1047 48
1370 52
1488 48
150 57
170 50
1092 49
866 61
298|20
57640 53
95510 46
6811 43
8370 57
8807 51
63131 49
6881 47
3785 42
122900 51
103042 46
6294 36
2167 49
2005 52
6006 43
653 43
55995 38
3018 50
69757 52
103772 48
3825 40
299|5
3793 80
1387 87
188 81
1198 91
1214 85
300|32
318 70
356 70
527 70
593 70
1172 70
1704 70
2028 70
2324 70
2329 70
2571 70
2762 70
2858 70
2959 70
4848 70
4973 70
5995 70
6016 70
6711 70
7361 70
8950 70
48394 70
56174 70
63082 70
79132 70
81591 70
92259 70
99114 70
109487 70
112183 70
112290 70
112552 70
112556 70
301|20
21 65
357 66
2490 65
6711 76
589 73
8949 72
837 63
3948 64
364 75
527 77
5989 72
4963 72
608 78
292 63
3578 74
3897 73
4226 77
3753 64
1393 66
1792 57
302|7
480 80
14 77
3 71
25 77
648 74
707 65
110 87
303|11
5378 65
3703 80
1127 74
5544 81
1196 85
3471 77
1580 71
1394 83
2683 67
920 75
1358 78
304|20
314 84
2571 90
2433 67
10 77
1376 78
480 81
1373 61
1777 79
1270 88
1517 78
151 77
356 90
208 63
474 80
1214 87
1375 73
640 49
1722 66
185 67
2701 50
305|20
74624 70
140627 70
87869 78
919 83
1197 91
106100 85
138210 76
788 59
7482 84
80590 62
103075 73
903 89
6537 69
93840 84
54736 80
592 74
2288 87
58803 79
55276 81
1272 92
306|20
5784 47
68954 76
69644 60
6377 76
95543 63
81847 74
111743 58
85367 73
168418 72
167018 64
72998 68
122904 73
69406 64
85788 48
4963 73
115664 68
134368 67
112852 78
161634 62
133419 64
307|20
2190 70
4181 70
31424 70
49314 70
5010 64
7845 51
3392 51
1220 64
6793 35
6483 17
2332 23
56003 45
1991 45
3273 43
4876 41
3421 65
1409 47
413 47
4447 56
52867 70
308|20
2959 52
45517 41
96821 49
72998 44
318 53
2 42
904 52
589 48
8961 47
56152 46
56367 45
5618 51
36 46
410 38
79132 50
4993 51
8464 45
1221 52
2248 47
6 48
309|20
2202 87
1645 67
898 87
1682 73
296 81
1089 81
1269 77
7153 81
6947 69
8340 71
1104 90
7218 70
25886 74
1219 81
8154 84
971 81
1944 75
6365 65
1262 80
2762 75
310|13
6863 68
6947 73
1101 69
6503 50
2524 78
2457 71
5899 62
733 72
246 85
3254 68
1223 89
1080 79
2671 71
311|6
6561 70
5992 51
1517 43
6461 52
1407 38
2706 41
312|20
5816 77
1375 69
3499 80
589 81
2454 69
1358 79
4878 83
4103 84
3793 77
2028 85
1371 63
4121 66
2366 76
2747 63
4105 77
5446 75
2699 60
2529 81
1350 80
1356 80
313|20
4980 60
170 65
3917 63
2455 69
5544 77
541 81
2193 69
2000 73
6 76
1968 75
1089 82
1301 74
1240 75
3175 69
4865 71
2005 72
2167 68
1375 66
2087 71
2530 61
314|20
7 54
1042 56
44 43
165 62
457 69
293 70
597 61
329 58
442 54
26 65
830 53
728 61
618 70
107 60
536 48
10 62
1376 62
153 51
208 50
150 66
315|7
1262 71
2729 67
2529 67
2067 71
2553 61
909 67
902 66
316|11
1748 69
253 63
3968 54
158 50
5445 65
3751 63
7438 70
6874 71
48 56
3882 49
2572 64
317|20
133115 70
73321 65
91529 77
74545 71
7445 69
1213 80
48774 75
4262 75
1884 76
5989 75
3578 76
4011 80
68358 74
1208 81
72011 69
3897 75
3499 74
96829 80
116797 76
56782 83
318|20
26713 70
81191 70
90245 70
111817 70
127180 70
145080 70
150696 70
7445 73
1090 80
116799 75
82459 77
48385 68
2294 67
64839 79
88125 79
109487 83
4021 93
33794 79
54286 75
89753 77
319|7
115617 85
6377 91
356 93
136864 56
1221 95
122904 87
110 90
320|5
72998 66
71535 70
31184 69
59315 69
1013 60
321|12
587 73
356 87
160 62
592 72
597 74
780 71
339 72
355 49
410 66
3 69
500 71
457 83
322|20
2882 38
1968 68
2542 72
58559 74
2788 74
2146 64
2617 56
2918 68
778 72
2599 67
4027 69
4993 74
1230 72
51540 67
1 69
1617 73
1923 65
4010 59
11 65
1035 72
323|20
377 61
480 65
356 72
1094 61
161 64
115569 70
1198 74
29 70
551 63
22 59
318 76
112183 61
253 62
111659 52
3257 52
260 72
150 66
329 58
342 57
266 59
324|5
2764 75
3972 73
3864 35
3949 73
3897 72
325|20
2848 70
235 70
2986 52
262 75
1573 66
2596 70
1584 71
1217 87
1676 64
4714 38
3770 50
3261 69
2894 70
2155 72
1279 87
1614 57
3994 69
2268 75
2915 69
5008 86
326|20
8665 77
47610 75
20 51
2858 83
86882 76
5418 79
4973 88
133771 81
48774 81
2324 85
1293 77
2692 83
72605 66
70159 55
54286 75
5446 74
6591 91
4226 85
105844 74
31410 78
327|10
3301 80
150 86
858 98
1923 84
51255 92
48516 96
1304 92
765 70
6888 48
2706 78
328|20
2687 57
112852 69
70286 65
1196 71
457 67
364 68
80463 68
3489 61
318 74
595 63
5349 61
2542 69
1219 71
35836 59
3751 61
79091 63
7153 71
596 59
2398 66
1148 73
329|5
130482 70
136850 70
858 50
1884 46
750 51
330|20
5378 62
316 64
1639 71
2918 75
919 75
3949 78
3535 75
5349 70
380 67
1676 64
2502 79
3703 77
1682 74
2683 64
1206 81
1721 67
2791 75
2081 70
8874 79
592 66
331|20
8874 82
6157 52
88125 77
6539 77
3897 78
4446 68
7361 86
50872 77
4995 81
4306 79
6874 81
5502 66
3911 73
608 84
4447 67
593 83
3751 71
8665 75
4367 60
2959 86
332|20
47 77
1653 78
1258 80
316 63
8983 71
431 73
97757 70
2291 73
1835 66
356 79
5502 63
4308 69
1203 80
1682 73
1249 80
76251 71
2905 76
318 84
2294 62
32 77
333|5
3785 47
3752 50
3616 49
3615 48
3646 33
334|20
55820 71
1196 74
1580 62
1291 72
3996 69
589 70
30810 64
4027 69
1 70
64957 63
1625 66
50601 45
44195 74
27416 66
6867 69
2997 71
293 71
480 66
5378 57
51935 69
335|6
780 67
592 68
356 82
296 84
2699 58
2001 64
336|12
1267 95
1 88
38798 72
33660 92
1784 83
2001 72
2268 87
293 90
1625 83
4886 87
50 96
150 86
337|16
318 109
47 99
16 99
805 90
1393 89
266 85
667 62
168 77
784 69
65 63
110 100
708 82
25 89
1356 97
277 77
786 77
338|8
189111 70
190207 70
190215 70
190219 70
7153 68
593 68
187541 50
185029 67
339|20
72641 80
5445 79
84152 84
96079 81
106072 73
69122 79
5617 86
41285 80
56869 70
48322 92
65216 82
91630 79
86504 84
91529 86
83613 65
4993 89
3470 90
102407 75
2028 88
5952 89
340|28
10 70
110 70
150 70
153 70
161 70
165 70
185 70
208 70
253 70
288 70
292 70
296 70
316 70
318 70
329 70
344 70
349 70
356 70
454 70
457 70
480 70
589 70
590 70
592 70
595 70
648 70
780 70
1356 70
341|11
2335 70
3624 69
130087 65
1370 75
135137 61
117529 74
5459 65
45672 68
1 86
47099 86
4025 68
342|14
2683 59
2598 50
2881 57
2369 52
1268 68
2605 55
2599 68
1198 76
3157 51
3826 45
2428 46
2827 39
3863 58
1959 69
343|12
858 88
3000 83
48394 79
4226 85
4878 83
3993 69
2571 85
1617 85
31658 85
55363 86
55820 82
296 86
344|14
111362 79
380 70
316 67
2628 63
4226 85
2571 85
4014 75
2012 70
4034 81
260 84
2541 70
4973 88
5418 79
2712 70
345|13
1019 75
2539 66
926 88
5902 85
8810 60
344 65
5707 66
2366 78
56949 68
3649 54
6658 69
3489 76
412 76
346|20
3174 69
778 78
608 80
6711 78
6286 77
306 80
7323 72
307 75
3535 73
1212 79
357 68
3949 76
714 74
7937 72
7396 79
5878 84
1120 69
1131 78
3627 76
7115 65
347|9
434 61
590 77
39 68
150 77
454 72
380 70
587 70
317 65
457 80
348|11
318 103
2324 98
4368 51
1213 99
6016 99
2959 101
6893 87
4973 101
1221 100
1960 89
2019 99
349|8
10 71
161 74
589 79
381 70
349 70
231 61
588 76
509 71
350|8
852 60
7 59
637 58
648 65
733 67
12 44
858 81
661 62
351|20
88932 70
87222 71
73344 92
52579 62
2231 79
88744 75
43836 57
79132 82
597 70
58559 83
12 47
8914 75
8950 78
63082 81
6214 80
90376 81
84152 78
480 74
4878 81
1193 83
352|20
72998 77
71745 59
1801 74
34319 71
2600 81
65682 76
1080 83
79695 66
110730 53
38038 83
130490 69
97752 78
1214 84
94864 70
41566 75
56587 75
44191 84
114935 82
59315 80
47610 78
353|18
552 66
25 75
267 60
216 75
367 68
288 71
144 69
186 59
333 77
266 71
112 69
198 72
234 53
145 67
293 84
158 59
163 76
296 88
354|20
1610 80
4306 81
2692 84
3147 84
47 82
903 85
733 73
3977 56
1225 86
35836 71
648 70
44191 81
8665 77
1917 61
7147 80
1923 76
589 80
2959 88
4718 60
1196 86
355|6
316 74
1580 78
3035 91
3175 79
317 72
916 94
356|20
2248 82
52435 88
52975 78
7122 70
44889 70
1641 81
2706 73
4011 89
802 74
7323 80
2502 87
56367 80
1223 94
55118 88
3949 85
3996 82
1246 85
1466 80
223 83
7153 89
357|20
4354 70
8998 70
27329 70
2804 85
595 79
529 82
4663 51
4091 70
1224 83
1242 87
34 75
208 61
58559 88
6296 80
30793 66
1042 68
2100 66
551 76
471 74
2067 88
358|9
26095 70
605 59
5066 70
52328 78
2226 70
42728 70
7361 89
69844 82
36525 53
359|15
405 45
1092 61
1101 64
51412 55
648 64
296 79
1097 71
2396 71
2424 60
593 78
2701 43
2942 49
1682 71
2530 59
4995 76
360|5
1422 76
1620 64
1488 65
1711 59
1414 63
361|20
47099 68
1580 60
377 61
1552 53
49272 71
1263 69
53125 60
589 68
49822 60
8360 64
318 76
2529 68
5218 63
6188 61
2422 34
3082 58
1732 70
1370 59
46972 54
7458 60
362|20
1945 94
592 75
6539 84
51540 82
5989 85
637 67
70 77
7153 91
1252 94
44665 85
407 75
6874 88
2959 94
1196 91
1208 93
8961 85
48516 92
7438 87
356 90
1201 92
363|6
1552 55
1732 74
1517 65
296 77
653 56
318 80
364|5
858 96
9 68
783 76
376 71
1 88
365|20
59315 57
81229 52
128975 43
6874 61
90345 55
158872 53
129354 48
103075 51
135536 44
70286 58
112852 62
76077 51
112818 42
1777 54
6502 60
155820 24
541 63
95720 44
93270 35
135569 53
366|7
116797 82
59315 77
33794 80
91529 82
2028 84
122882 79
7438 81
367|20
926 94
3061 81
1270 91
1287 88
486 55
3536 78
3824 59
2384 61
3072 83
898 102
3618 81
3225 54
2248 87
3157 65
3969 82
3717 72
1259 89
4023 68
1196 94
1258 93
368|20
3753 59
2112 53
1944 66
2986 46
3869 61
1214 68
2947 66
415 45
3035 69
832 58
50 73
2819 65
1801 60
2490 60
1917 51
1391 55
2193 61
225 60
161 63
2881 54
369|20
1256 71
785 63
47 74
2706 64
839 54
377 65
52973 69
743 46
4214 55
5418 72
3863 60
1372 64
27904 70
60069 75
2857 58
1967 73
150 70
2011 66
1580 65
3174 67
370|19
4011 78
4878 75
8961 73
6377 76
2628 58
1748 73
2116 63
589 73
2329 78
7438 74
3977 51
1676 61
593 78
4973 80
4226 78
1240 72
1089 79
8636 70
2716 72
371|9
2571 100
112512 70
1258 100
4090 87
56715 90
3000 98
4226 101
4993 101
1748 94
372|20
335 70
924 74
318 82
1603 48
1479 60
589 73
81 60
387 45
616 67
337 71
1220 71
1201 79
165 66
1243 79
1258 77
377 65
1401 69
450 58
1206 77
1306 55
373|20
216 67
60 60
169 43
350 63
585 51
44 46
371 63
163 68
616 68
198 64
265 71
25 67
6 73
733 66
47 74
2 64
736 61
305 58
357 66
141 65
374|7
296 85
208 58
1219 84
480 75
592 69
1258 83
1339 72
375|7
344 69
1027 70
32 90
2628 69
3256 78
4226 93
500 76
376|20
91535 69
2002 66
1214 86
1101 74
2916 78
33794 84
1198 92
349 76
1371 66
376 69
1240 84
1375 73
4993 90
858 93
457 86
4226 90
5952 90
344 67
2763 80
2797 81
377|20
4942 70
2793 54
1262 93
2791 86
748 71
1345 75
5027 77
5113 73
27692 70
3421 87
6021 70
3364 79
2072 69
8641 83
2163 47
92760 70
2858 91
1503 55
2124 73
2015 77
378|10
33794 77
7153 83
48516 84
3114 78
858 86
68954 80
91529 80
71535 76
90600 71
364 80
379|8
318 86
377 69
19 54
292 67
480 73
367 64
597 69
344 61
380|20
60818 70
172875 70
172881 70
172887 70
355 52
6979 79
5476 33
2735 61
68194 85
63433 71
72356 92
105731 46
1833 65
551 79
6731 82
27831 85
1665 68
393 60
140956 79
2791 85
381|20
2085 69
1088 71
3253 72
185 62
317 65
27808 70
1240 78
19 55
3753 69
4321 70
72011 73
3082 68
333 75
2140 74
1385 59
2273 66
1208 86
457 80
104 69
2716 78
382|20
1204 99
142372 48
135532 40
1201 94
112171 78
1198 95
912 95
81847 88
4638 65
63540 42
1681 46
170289 70
103042 74
72737 83
2496 72
357 80
81537 70
59501 78
101362 58
4890 73
383|7
2436 81
2541 72
2496 67
1584 76
2558 53
1246 83
903 86
384|14
3527 67
1388 54
2683 60
2502 75
4333 56
3098 68
4396 54
457 73
358 49
968 66
2724 54
296 77
3991 52
1204 81
385|20
736 61
1080 73
249 74
1219 78
1036 73
1136 78
282 61
1073 72
1200 75
1228 78
1022 67
1007 53
1201 79
1246 74
344 57
589 73
1023 66
1287 73
594 68
1303 78
386|14
110 65
410 51
112 54
165 58
223 63
648 56
185 50
608 68
485 49
305 50
44 40
585 45
349 57
10 57
387|20
4393 70
5156 70
5780 70
7336 70
26124 70
40966 70
2712 62
5062 67
1247 75
5489 70
4195 52
7132 78
2946 63
1387 74
3000 74
51939 53
4995 74
912 77
7938 70
1783 54
388|6
6158 70
63239 70
33615 64
86298 59
62999 67
8360 71
389|7
17 93
140 80
628 92
762 63
743 63
95 76
32 101
390|17
6344 70
64957 70
4239 77
5220 47
1193 83
2571 83
9010 80
2291 76
5296 55
4226 83
7254 73
6377 81
63062 80
1206 83
2329 84
4014 73
1784 74
391|20
5575 70
500 67
3994 70
1213 84
516 65
199 80
4027 78
150 76
1408 78
4014 73
1527 73
1059 74
2916 72
4973 86
357 71
555 75
5026 83
4936 69
1210 82
3067 74
392|5
3004 51
2858 78
707 58
1198 81
1125 71
393|20
91658 76
102125 77
48394 82
36517 79
8636 80
110102 80
44199 80
5388 71
54259 76
4848 85
5669 80
1291 86
68848 77
86190 74
2571 88
1206 88
122892 74
106642 93
1625 79
106489 72
394|5
588 63
316 55
344 52
225 59
457 67
395|13
329 58
1025 65
296 74
160 52
208 50
173 47
485 53
355 41
520 56
595 65
126 39
48 56
367 57
396|6
1276 78
1597 59
1777 66
44 46
204 49
2081 67
397|5
4017 72
8645 80
1701 80
8228 75
6993 78
398|10
6408 70
1197 92
5971 87
7022 88
1198 91
60069 87
2455 76
1136 91
48516 92
82459 82
399|8
1198 86
110 82
5445 75
1196 85
593 85
480 76
1270 82
2194 80
400|9
608 94
356 92
2571 92
2959 96
7153 93
1221 95
3578 88
858 96
59615 66
401|15
5952 78
6297 68
55768 60
48982 68
166461 68
49274 54
50872 72
32031 59
79091 70
170939 70
38038 73
8360 69
3114 73
33615 62
1136 79
402|10
1084 91
597 79
52 82
329 75
296 95
586 69
315 67
1036 88
434 68
527 94
403|7
110 79
2427 64
3210 71
296 83
61465 56
1663 75
180 69
404|12
204 51
349 66
474 70
34 67
364 77
508 71
105 62
593 79
509 67
277 59
315 56
185 58
405|20
70708 70
293 84
7254 77
37731 75
2959 90
345 78
1213 88
7134 70
64614 83
6023 66
1241 79
2329 88
1247 86
3052 76
68237 85
1199 89
27592 81
27664 67
3418 75
1215 87
406|5
1586 50
135 49
56949 56
46972 55
724 51
407|5
7153 83
2959 86
6539 77
1240 77
54286 73
408|20
1198 96
122904 88
44840 68
165101 59
6618 87
1291 92
1210 94
89745 90
1278 94
7324 76
44 57
8641 85
115210 84
103596 41
68554 75
2571 94
109487 92
63131 80
80489 88
4649 89
409|20
2485 60
2490 74
2028 87
3812 74
1278 87
2997 85
296 89
1078 73
3016 70
1073 82
2683 69
2289 84
3846 71
912 90
2013 66
1911 58
2352 80
1230 87
2541 73
3174 76
410|20
389 70
3224 98
318 92
2302 69
4002 78
1060 78
4297 74
3263 66
1859 77
111 87
58 85
2145 70
3255 75
2321 73
3504 88
3948 72
11 76
4019 78
3 69
597 74
411|20
508 73
261 74
586 59
432 51
353 73
431 74
194 71
318 85
272 74
515 71
356 80
266 66
257 67
349 68
10 69
31 63
344 60
227 53
455 47
122 51
412|20
2828 22
2384 56
2915 74
903 86
608 88
2720 43
2858 84
1883 65
1307 80
1214 83
1784 76
2239 99
1 82
930 91
1136 87
2710 60
915 77
2398 81
17 77
1079 85
413|12
2706 80
1198 98
3753 80
2424 74
593 97
128360 89
4993 97
16 93
5574 81
3948 80
64957 82
2959 100
414|20
4458 70
4666 70
5285 70
5635 70
6033 70
6493 70
6563 70
6628 70
6797 70
48319 70
58879 70
169992 70
3802 45
3599 70
1600 0
8666 27
4975 69
7444 66
4081 38
177593 94
415|19
296 89
1213 88
4321 72
3507 86
4308 76
47 84
1021 51
111 87
2617 67
1276 89
3861 61
4369 64
99114 84
1221 89
63082 85
1234 86
45722 75
1197 89
175 87
416|11
5952 63
5951 43
531 48
1296 61
1199 65
1721 53
830 46
1206 64
7323 57
4848 61
3677 69
417|14
778 92
4995 91
4975 76
7254 82
1198 95
106782 92
27773 90
168250 85
1625 83
7153 94
74458 89
110102 85
48394 87
4878 91
418|19
356 81
296 82
63082 79
104374 78
1276 83
1136 82
117176 74
1573 67
137337 79
1682 74
5816 73
88125 76
74458 77
367 63
89745 77
45672 61
87869 71
7361 84
54001 76
419|20
4093 70
111 86
46976 78
27822 50
2858 84
319 73
6287 62
3578 82
1213 87
64969 75
47 83
79592 68
34319 69
89580 70
60756 73
27704 70
90943 70
2412 43
1240 80
52245 63
420|20
1161 84
4993 86
45499 70
923 82
26693 70
48385 69
1927 86
5608 79
2052 59
6934 65
7022 84
3979 53
59295 70
2329 86
54259 74
1131 84
2762 80
4973 88
5669 78
527 86
421|8
2858 86
909 84
5008 93
953 88
1178 95
2313 81
2478 68
1203 88
422|19
2539 60
2710 55
4947 71
4971 63
5039 74
4925 70
2581 60
4916 56
1265 76
2804 76
3053 72
2665 70
1283 84
4835 70
2908 72
3943 66
1213 81
2670 76
858 83
423|5
1653 83
110 82
2194 81
5349 73
1320 66
424|20
1193 83
141 70
2804 79
40278 72
608 84
108729 68
293 79
69122 73
1092 65
54503 77
58559 83
3186 71
66097 73
778 81
5679 65
3176 69
2288 81
2174 70
71668 75
112556 78
425|20
45517 66
377 68
2329 81
733 69
6 76
1645 67
8368 75
2081 70
4306 76
1680 70
1909 66
367 63
46723 71
1625 71
1036 76
4901 67
750 84
2353 66
1342 60
145 62
426|18
59784 65
150 72
471 67
337 73
54001 74
1197 80
6378 70
72641 70
4886 73
8644 66
37729 70
597 67
5444 72
91325 41
588 72
3247 56
4022 70
79091 70
427|17
4887 53
5463 54
5015 65
110 76
58 77
5528 69
6348 49
5312 59
2710 55
5696 46
4993 79
5266 57
2683 62
5400 58
5816 71
1208 81
5574 66
428|20
2471 45
2762 63
3827 48
1089 67
2953 44
2916 57
1380 52
1997 62
3440 31
4022 59
317 51
4255 36
1208 67
1391 51
6377 64
2581 49
260 65
3285 48
588 59
653 49
429|12
339 84
421 77
150 92
225 85
165 86
266 83
329 80
252 82
279 67
317 78
237 76
204 65
430|12
923 81
2987 75
3745 71
6287 61
2858 82
6365 68
2571 84
4447 68
4014 74
329 67
2076 78
4446 70
431|5
172 46
1625 60
1376 58
3948 55
802 56
432|20
1831 51
5630 68
6870 76
8640 59
6539 77
3916 75
5989 78
84189 70
110 80
35836 69
4886 77
2762 78
1206 83
49272 81
19 54
318 87
58559 83
69481 80
7158 74
33660 81
433|5
91529 69
1089 73
50 74
5299 55
110 69
434|20
1136 86
3147 84
1090 81
1265 81
5989 80
1101 70
1779 59
586 62
344 63
3863 66
1208 87
3160 78
589 80
780 69
6796 77
2791 79
4226 85
2194 81
8665 77
1291 83
435|9
2353 76
44191 88
485 68
3510 77
34405 88
2302 73
158 63
82459 84
48780 90
436|20
204 52
435 47
440 68
432 51
161 71
480 71
377 67
531 61
536 53
502 48
364 78
235 69
371 65
344 59
2 66
585 53
450 60
587 67
437 47
227 52
437|20
748 66
318 92
5 62
640 47
1299 86
1120 76
1396 76
1246 83
454 75
1171 73
1225 88
1183 77
1097 79
1307 81
1268 80
592 72
198 72
155 38
112 69
246 89
438|20
7154 62
2501 76
8966 67
27801 81
1527 75
6711 83
3898 30
1784 75
8644 71
6367 65
2424 65
3889 45
223 79
1517 72
7361 87
2641 62
5009 67
2617 65
3753 70
2393 66
439|5
356 83
4022 74
7153 84
78499 83
1240 78
440|7
8690 70
541 84
29 82
1653 82
1274 83
3174 73
1235 86
441|9
589 92
2683 77
2959 100
4306 92
260 96
296 98
51255 94
47 93
68358 91
442|5
2908 25
2881 21
1186 27
3752 22
4361 24
443|8
2329 90
79132 88
296 90
48394 83
106487 76
108190 61
7153 89
63082 86
444|9
356 86
592 72
208 60
21 73
111 87
110 84
235 75
296 88
344 64
445|16
2028 79
590 73
34405 75
47 77
116897 78
780 65
4011 80
899 79
593 80
33794 75
1080 75
45722 68
17 71
1230 79
306 81
2710 55
446|17
237 57
339 63
300 64
296 77
480 68
368 64
288 62
172 52
17 67
16 73
357 65
150 69
434 55
153 53
648 62
593 76
337 70
447|16
257 76
293 89
337 85
531 70
382 66
589 87
552 70
253 79
362 80
532 66
292 75
31 72
474 81
540 61
442 68
160 65
448|373
2368 70
3284 70
3933 70
6302 70
6476 70
7245 70
48262 70
49688 70
75803 70
75816 70
78116 70
79590 70
86593 70
92198 70
98908 70
100326 70
102819 70
104760 70
108715 70
109191 70
111680 70
113416 70
116207 70
116985 70
129657 70
130083 70
133377 70
136654 70
138546 70
142424 70
151777 70
152658 70
157130 70
158022 70
161290 70
164375 70
53996 61
136778 70
5418 71
288 63
88356 38
2580 74
155358 70
2889 70
4034 73
148888 46
81156 73
2713 54
103335 68
95441 61
34048 59
80126 49
3057 70
1057 65
2794 49
33830 67
8665 69
6059 65
110553 46
90374 73
151501 70
3764 43
6143 67
103819 29
4361 67
104913 68
3986 50
5528 66
1196 77
105351 0
83349 59
3276 70
1090 73
5349 66
587 64
106330 36
4677 59
95508 70
109895 35
110611 70
671 65
2289 74
152077 70
80693 60
111360 53
170 61
87444 62
94323 54
8493 59
3671 74
91653 63
4981 70
2991 68
78034 70
119145 71
5099 47
4299 62
2567 56
6996 28
109864 29
6582 63
73017 70
370 57
543 62
115617 70
590 70
154065 70
5553 61
41569 62
3286 33
6645 76
589 73
1920 54
2857 58
111663 60
78499 76
2657 63
6537 58
1148 80
46974 46
48516 78
80241 63
445 57
4262 72
3689 28
114935 72
6428 65
127194 70
109673 53
127096 69
89388 70
4156 70
3793 68
33679 61
2014 54
64285 76
3968 57
49530 68
3450 66
160563 60
5502 60
8169 69
6314 37
122490 70
3386 68
140725 64
4896 70
2642 45
127136 70
2763 68
2520 70
457 74
48783 64
3263 59
5400 57
5541 62
4011 76
58351 70
127132 70
152091 63
3698 63
435 46
4799 55
84152 72
3401 49
2858 74
3174 66
7076 70
106542 70
6218 63
2860 49
1283 82
3618 67
2616 55
90439 62
2404 40
4660 70
2530 59
26386 70
4327 67
3030 84
71464 66
32 74
91529 75
4158 47
99114 73
98585 63
93326 49
2268 71
80489 72
130576 45
105504 75
2791 71
50601 47
7007 66
4234 59
3623 51
80727 64
78467 33
8641 69
4128 69
106782 75
2537 20
112138 69
3247 55
112818 51
2027 37
3101 60
5779 70
82202 51
1704 75
98296 70
6863 62
89305 60
4203 64
1201 78
6212 38
637 57
84954 60
6814 70
94864 61
67695 13
159077 70
92439 70
6812 37
3156 55
802 64
118354 70
134130 73
138036 68
65135 70
52975 67
4368 40
90717 68
45722 65
79259 70
68157 76
4233 36
74458 73
3258 57
1262 77
3949 74
101025 48
69526 41
1831 46
1083 59
1884 73
1476 67
156609 51
3755 59
111659 55
4734 58
161 68
95201 70
135887 64
2598 51
87232 70
4634 73
5334 46
5459 54
146730 70
72694 70
157432 70
132488 70
4558 50
1375 62
6424 70
71518 63
2716 72
94780 53
3593 30
129354 58
158 53
1409 53
6514 70
2881 58
51662 68
90522 59
68554 61
2126 53
122932 70
93510 71
137857 64
125916 11
2953 53
2090 65
1760 26
480 69
58803 67
2109 64
50792 36
46062 28
85510 59
80864 70
112171 64
122900 67
2587 54
1527 68
117529 62
4993 77
92264 55
5247 50
533 55
912 79
26464 70
2249 66
4678 65
103772 63
114601 65
96861 61
420 51
59615 55
2349 72
109372 54
95207 53
348 69
19 50
136020 59
4502 18
91094 51
138208 60
3511 37
79428 63
2643 34
109183 70
2139 69
4212 70
5942 57
96417 61
112852 76
99728 66
89470 67
142448 62
64983 61
2640 69
2046 60
4881 73
3882 52
3744 52
1032 65
116799 68
5 55
4040 44
157407 70
2115 68
1617 77
4367 55
105254 67
3388 46
3760 72
2146 67
2968 71
6281 61
466 54
96448 46
86332 67
64969 67
115170 70
1036 72
3397 65
2474 65
1408 72
155743 70
106920 72
8542 69
120466 64
2051 32
7143 72
7150 53
89087 52
34150 52
2253 46
2973 74
449|8
1917 56
2502 76
4034 74
1222 77
2770 53
762 46
2011 66
2324 78
450|11
3977 61
589 87
110 89
3363 86
3535 85
3948 76
3409 67
1035 90
3568 70
358 59
1259 88
451|7
733 76
593 89
7 67
5 63
494 75
25 76
17 79
452|20
4025 78
2858 102
2617 80
5292 90
1206 105
1676 83
3219 76
47 101
3101 82
163 92
1092 82
1917 75
2126 73
1356 98
552 80
2628 78
1200 100
608 106
2707 84
3273 64
453|20
208 64
858 97
2335 72
4022 83
3618 81
1617 93
3452 70
1357 92
112 74
2671 79
1884 90
1894 65
2294 73
318 99
1614 66
3534 73
2959 97
798 61
5266 68
780 76
454|9
7361 82
2692 78
7116 30
55820 76
6016 80
27773 76
2160 79
2858 77
26131 86
455|12
272 72
432 51
367 62
590 73
253 68
364 77
555 72
252 64
110 77
225 67
588 72
597 67
456|9
1407 73
634 48
135 64
5 67
724 67
780 77
733 81
260 94
706 70
457|10
329 66
3593 33
2692 81
1356 77
223 77
2394 69
2701 46
3608 61
733 71
2094 66
458|12
597 81
185 71
10 82
380 80
95 70
454 82
300 81
595 86
153 67
587 80
150 88
552 73
459|6
79132 92
5618 94
8961 87
48780 91
50872 86
260 92
460|17
89039 70
4886 85
4703 69
3831 82
1441 80
4878 89
3483 63
8970 81
1 86
49272 89
40815 84
85414 77
68237 89
76093 87
47610 81
63082 89
2571 91
461|6
74458 58
2762 58
1036 58
91500 51
3578 59
539 52
462|20
26838 70
89090 70
164655 70
188189 70
1136 75
1219 75
158966 81
1248 82
508 67
1653 72
1674 66
8917 60
8620 7
3424 75
2146 65
7044 71
3814 82
1213 75
82857 70
26131 80
463|7
6377 86
2028 87
4310 67
3753 72
2006 66
1092 69
5995 88
464|20
1370 73
58025 66
63853 54
296 89
2019 89
3527 77
5254 67
7007 76
1101 72
1779 61
377 74
1653 86
55820 85
648 72
33493 73
1610 82
65088 72
74727 79
1617 88
62374 75
465|20
2941 87
2987 81
1200 87
3448 81
5060 85
1299 90
3703 87
3649 57
1625 81
292 74
904 95
3101 71
1754 79
750 96
1256 84
593 91
3732 76
3740 86
3334 91
377 77
466|20
5418 82
30793 66
79091 79
92259 92
5989 83
5459 63
318 93
63082 86
59784 73
5010 81
74458 84
6281 70
5952 88
8529 70
64716 85
68954 86
4993 88
45447 68
81845 86
55247 83
467|22
41 70
58 70
389 70
466 70
527 70
593 70
780 70
1183 70
1233 70
1357 70
1365 70
1408 70
1721 70
2028 70
2125 70
2324 70
2334 70
2384 70
2390 70
2393 70
2394 70
2493 70
468|7
592 69
349 70
1 79
317 64
296 84
32 80
165 71
469|20
3658 70
3832 70
3507 82
3032 82
2736 81
2132 91
1958 78
910 82
1090 79
1485 63
1388 59
2321 70
1234 82
2081 73
1193 83
36 76
2908 76
909 79
2023 69
3255 72
470|16
253 70
318 86
110 79
588 74
282 64
5 58
597 69
32 79
595 74
592 68
500 67
26 74
356 81
357 70
434 60
300 69
471|6
2571 79
8874 78
527 80
1 75
8360 71
7147 74
472|6
58559 88
3450 75
3298 79
2840 59
1221 89
858 91
473|8
4979 74
2959 86
60 64
7147 77
6281 66
3897 78
48322 85
2596 72
474|422
638 70
2179 70
2697 70
4046 70
5114 70
5311 70
5353 70
5455 70
5601 70
6201 70
6273 70
6382 70
6407 70
6592 70
6912 70
7702 70
7826 70
7832 70
7839 70
8057 70
8446 70
8458 70
8459 70
8611 70
8650 70
8774 70
8938 70
1466 71
6708 70
2940 76
2616 57
2334 58
7139 75
4218 70
371 64
750 83
2935 76
8645 77
5481 57
6370 82
25865 70
2553 68
912 81
2467 72
5548 66
7301 81
52967 66
5945 62
480 70
1983 47
3462 71
1068 70
8600 71
6650 75
8482 70
6791 81
4016 72
1784 70
3668 73
3977 52
8961 74
4160 72
30820 64
6984 70
2750 63
5034 52
7716 70
2612 70
4419 88
1300 77
4187 78
1187 64
6565 75
272 72
5440 70
25937 63
1099 54
3125 70
5826 70
5649 70
7256 77
4912 73
6016 80
1208 80
2083 76
3385 57
2310 70
3360 73
3163 75
1413 71
4081 36
1643 65
968 69
2116 64
26965 70
5954 75
1263 76
5116 70
3536 66
8778 61
63433 62
2952 69
318 84
3394 51
1200 76
3384 85
4356 77
932 81
7698 71
516 62
4873 75
48385 64
39869 76
1902 70
2641 58
7036 59
2181 69
4638 55
31116 80
2455 67
2146 69
628 70
3897 75
1030 52
4022 70
344 58
3196 77
92 47
237 59
6770 66
3259 63
3368 62
26151 68
1293 72
34072 71
3044 69
1639 70
5944 58
6539 74
477 64
7361 82
55687 70
58 77
4014 70
3467 73
8154 82
4191 61
2134 62
4644 75
4293 58
5013 73
1399 58
1196 79
2918 73
5899 58
4465 66
100 53
361 58
3341 73
8921 70
195 62
3789 70
4709 61
1588 59
3468 80
4678 65
2723 64
2118 75
1939 76
7019 47
3147 79
1792 58
33903 77
1682 72
41566 67
1693 65
1957 71
5021 67
2313 73
3870 70
948 76
47099 74
3447 72
6614 61
216 68
5619 67
3987 62
5060 74
3111 84
45950 72
32584 57
5525 70
2567 57
5956 70
7 59
1172 80
3217 56
8331 70
587 66
5238 64
1189 77
2416 61
832 65
3095 78
7386 73
1223 84
7058 70
5246 35
5418 74
27803 80
26 71
4002 71
1135 62
45 66
6945 0
2411 49
2520 70
7347 63
5375 70
5673 72
3039 71
7833 70
33781 61
720 81
2103 52
33154 77
608 80
1327 51
101 74
7061 70
5451 57
5682 58
5434 71
6609 70
31658 79
4578 36
2009 66
4704 70
7572 70
4929 48
3306 73
6334 61
5379 76
5437 65
42418 65
4128 70
7451 72
2786 42
2243 66
27846 77
6197 61
3264 51
3608 58
5603 0
6124 60
1222 79
1663 72
3566 51
3755 61
2628 59
4815 55
2089 68
7102 51
27706 63
7013 82
1348 68
45666 48
5755 0
4055 76
2058 64
4462 0
1544 55
2405 58
4998 70
273 53
1977 46
1732 78
7822 70
7073 70
41527 69
4787 64
1676 63
3708 60
6669 65
317 60
25940 70
971 80
7366 57
3115 77
7026 50
2710 55
50685 75
2114 73
3809 63
3516 65
2770 54
535 65
4878 77
5992 81
41997 72
1083 60
4487 65
7293 69
1016 61
2006 60
1007 54
4993 79
3412 73
5007 70
3929 56
6639 61
8712 70
1876 57
3546 70
34359 70
7579 69
7325 65
6837 70
2634 60
7753 0
8943 18
8385 70
4308 68
3246 78
3745 66
1148 82
42002 65
50740 73
3952 59
1927 79
7581 0
910 78
3948 66
54881 78
1284 84
4007 72
5341 68
3675 80
52975 69
6244 68
965 72
454 67
1247 78
7215 66
1282 72
8207 82
6242 64
6502 76
4509 66
3528 70
2391 73
4262 75
4039 60
42018 11
3271 74
976 70
48394 74
5384 70
5168 70
1358 73
6534 50
8773 70
2384 51
48780 77
1269 76
4600 69
2642 46
111 79
933 83
3578 76
5297 36
944 73
6020 70
2123 52
748 60
4896 72
5380 75
53953 61
3712 56
25996 70
1997 74
4464 73
4085 67
51540 72
2707 63
2069 74
6710 73
1488 61
6378 70
928 79
3038 82
7116 30
44511 70
594 68
1962 71
421 60
4316 29
2761 76
4823 60
892 76
1345 64
5294 73
1408 74
6579 0
3272 67
3421 74
3844 71
6787 78
37736 73
2249 68
1610 74
2468 48
3498 76
4902 72
6268 69
5225 76
5404 87
929 70
25999 70
7835 70
805 69
4126 67
475|20
6539 95
4993 102
87232 93
40815 94
5816 91
8644 85
81564 89
4701 80
81834 97
6564 59
68791 83
111759 96
7153 102
1527 90
71530 74
4896 93
106487 87
112852 101
3578 98
82461 76
476|14
594 78
34 76
380 74
158 60
153 62
586 65
440 76
364 87
378 66
357 77
224 77
165 76
296 91
11 79
477|20
34 75
913 89
3100 83
2105 72
1271 77
1207 88
70687 21
2174 75
45672 66
4571 79
3973 37
4226 89
1103 89
5291 81
348 79
3593 35
1 83
1274 87
6502 85
59615 63
478|5
1917 50
3114 65
594 60
1584 61
1101 57
479|20
5365 70
4488 69
524 69
1025 73
3707 55
1220 76
4010 65
3244 68
3526 72
4092 51
1968 76
4700 64
4003 67
3671 78
2671 69
341 70
2012 68
2542 80
454 70
2384 53
480|20
43914 70
2700 71
8533 70
2193 67
2797 70
3484 57
2571 78
1210 77
2596 68
8866 56
47610 69
6306 81
5379 75
2018 66
7153 78
3911 68
44191 74
38061 78
5673 71
380 65
481|7
1608 54
1687 53
1629 48
1729 58
1620 50
1597 51
1485 50
482|20
2068 81
8985 59
1036 81
474 76
1042 66
4389 72
780 70
27706 68
3211 77
1610 80
4367 62
1374 78
1220 79
1602 47
653 63
592 71
30812 76
4862 50
8361 64
8529 68
483|20
105325 70
783 70
2541 71
2959 89
109971 70
45722 73
1199 87
50872 80
2000 77
4306 82
69757 77
2683 67
2273 67
1588 64
109487 84
66934 81
1721 71
2328 60
68522 70
8972 72
484|20
93320 70
1438 59
6155 71
6944 75
2706 74
33166 85
6874 87
3697 67
1059 80
76293 63
919 84
2762 85
1821 58
837 74
5810 73
1753 79
3254 74
4718 64
2413 77
3646 46
485|5
588 84
161 82
253 79
292 75
231 68
486|12
653 71
47 92
110 93
153 67
474 85
95 70
288 78
329 77
161 85
318 101
292 78
6 91
487|12
27611 58
8961 61
318 68
1198 66
31658 64
1197 66
6539 60
5445 57
116797 62
4027 61
8874 64
86377 70
488|20
720 86
838 77
608 85
1223 88
26 75
5135 77
2109 69
7720 61
7303 84
4014 74
5995 83
457 80
105 65
1136 84
272 76
1269 80
3176 70
1278 83
1125 74
910 82
489|20
79536 70
86000 70
4848 71
736 58
8387 14
4700 58
45666 45
4720 65
2683 58
2021 62
2389 37
1619 58
950 68
58559 73
2236 55
2167 62
1616 56
247 72
376 56
2717 52
490|20
46578 69
89492 65
81591 62
91077 65
60074 53
5816 64
4144 71
54001 67
1 67
1784 63
7153 71
4993 71
89759 84
86320 64
60128 0
76251 63
8368 67
69122 63
2006 53
78499 71
491|13
106782 96
69757 88
7293 85
27808 82
4246 85
3948 81
104374 94
86833 88
140110 82
8529 78
180231 70
4306 93
88405 74
492|20
736 80
784 68
628 89
858 105
852 77
64 58
990 69
830 74
743 61
62 88
52 89
1499 47
66 59
1210 100
881 43
1474 49
1405 70
724 72
1047 78
65 61
493|13
2985 65
4444 65
2916 70
1275 75
2571 80
1527 71
2028 80
3793 72
2167 68
1215 80
4701 63
2924 87
260 80
494|5
1196 97
4498 72
3578 92
2028 96
1210 96
495|20
140523 70
115149 85
1259 89
1721 77
136562 80
80489 87
19 61
50872 86
231 69
102123 77
52319 83
7254 82
7360 88
8528 87
1645 78
46578 90
30810 81
2918 86
148626 93
56775 73
496|6
1221 75
99149 66
858 76
904 76
8865 51
114713 55
497|11
1193 75
112556 70
112290 72
1916 73
92259 78
2329 75
112552 74
1258 75
2762 70
5349 64
111362 69
498|7
344 72
231 71
648 80
10 82
300 82
356 96
316 77
499|6
1202 79
2337 67
38304 91
327 61
56286 73
1304 84
500|18
2599 68
2987 66
543 60
2700 68
2542 73
1265 71
2916 65
356 74
3301 63
1784 66
1914 65
595 67
2355 64
3536 62
1885 56
322 64
838 68
720 77
501|9
6 70
62 65
93 54
45 62
3 59
637 55
11 65
18 66
662 65
502|7
7236 73
1077 74
4412 22
3469 73
2001 62
2520 70
1777 70
503|19
7455 70
7361 79
4878 74
356 76
91500 64
593 76
527 76
858 79
4226 76
1259 73
1342 57
2877 54
92509 61
90866 68
500 62
441 75
48516 78
2858 74
48394 71
504|18
4995 84
5812 81
2321 73
1 81
3556 78
7153 87
6708 76
1288 86
6927 70
4033 80
4700 67
6565 82
342 68
3408 74
6879 72
4361 75
5952 86
5955 75
505|7
1241 87
4105 87
1029 80
74685 86
273 65
6502 93
54999 81
506|9
59258 63
54272 68
37741 74
56782 80
62293 72
51834 57
49286 62
112556 72
61024 69
507|5
165 62
266 59
253 62
377 61
593 72
508|5
2872 41
2011 40
1952 46
1175 46
898 50
509|20
26958 70
130073 70
2028 75
87232 69
33830 68
5313 45
48 58
2090 64
2080 64
6942 68
8907 44
6156 59
5816 68
39 62
3988 55
6807 74
7458 63
1196 76
45447 58
616 66
510|20
1882 33
7026 42
35836 54
494 55
1198 66
514 57
457 62
2935 62
858 68
2699 45
317 50
8949 60
2918 60
145 50
1262 65
6787 64
1208 67
372 46
1242 65
40819 62
511|11
2959 94
53953 70
115149 84
164179 86
6534 57
99114 87
92259 95
318 96
2324 91
1653 89
56757 82
512|10
480 77
150 79
349 73
47 83
350 71
442 64
457 83
50 89
317 67
593 86
513|7
5952 84
318 89
2174 72
235 73
1304 83
1220 78
1080 79
514|20
1335 70
5704 70
62586 70
168358 70
180263 70
1704 80
2005 72
2792 66
2013 60
1673 81
134130 76
76093 77
1333 72
58998 74
68157 81
2406 69
3210 70
54503 76
4855 75
1644 43
515|6
33794 95
2028 100
527 101
91529 98
58559 101
2959 105
516|26
260 70
457 70
480 70
647 70
708 70
1042 70
1090 70
1197 70
1198 70
1954 70
1958 70
2021 70
2259 70
2268 70
3052 70
3471 70
4027 70
4291 70
4306 70
4321 70
4322 70
4333 70
4337 70
4349 70
4361 70
4429 70
517|20
4306 53
53125 46
1265 53
165489 70
97938 51
88744 50
86880 46
4148 40
26761 70
3398 48
1293 51
3988 41
2858 54
4963 52
1204 60
1704 55
47629 51
7669 60
1206 56
46578 55
518|5
3101 63
2657 66
783 66
1876 58
6365 65
519|6
1704 97
356 98
140110 83
6378 87
7445 85
1968 91
520|20
7266 70
318 94
1049 74
59315 80
4995 87
32 86
2716 83
4333 65
1291 87
1732 87
4085 76
2723 73
3081 74
3994 76
33493 74
135 60
2393 69
60516 50
2406 75
1584 78
521|8
661 70
112 70
86 83
104 72
58 86
79 60
52 77
852 67
522|20
99114 80
81932 79
89492 77
63113 69
2959 87
1193 84
1375 68
4993 84
223 78
27611 76
76060 69
180 70
59315 76
1617 83
10 71
67255 83
2023 70
6187 80
318 88
127098 86
523|15
168252 100
8970 88
5989 94
318 105
91529 96
1721 83
293 96
65261 104
4270 73
3147 99
27731 89
134130 94
31696 81
527 100
101962 85
524|20
1356 76
150 74
552 62
748 61
344 60
442 60
253 69
1225 82
20 49
589 76
1242 80
544 57
173 51
1302 71
380 67
457 77
1020 64
788 54
193 48
466 57
525|20
120807 70
317 62
6863 65
8622 69
33004 68
7147 75
2396 74
40815 74
137337 78
1639 71
1968 75
91869 70
45880 67
2100 61
339 67
4886 75
50872 75
86332 70
8983 71
3996 75
526|12
593 86
55247 81
46578 84
176415 70
1295 67
90430 83
4014 76
2352 79
176413 70
215 82
81845 84
51255 84
527|20
2137 80
3114 89
3210 82
3016 76
2161 83
4571 85
2118 90
3421 88
455 55
2867 86
2450 46
1909 78
1214 91
4299 77
736 75
2477 79
588 86
4016 86
1259 91
2533 70
528|15
4886 72
2278 68
80906 77
4037 75
1240 72
64614 74
3821 44
150 70
1291 75
80463 75
593 77
99813 76
85342 76
48516 79
58559 77
529|5
653 61
135 56
65 50
62 72
733 71
530|6
292 70
500 70
300 73
586 63
593 86
11 76
531|5
593 86
590 79
919 80
480 77
1215 86
532|10
1721 76
4863 86
457 88
290 90
1245 94
1242 91
2023 77
2329 93
1304 90
517 68
533|8
1200 92
6502 92
79132 95
46578 93
93840 90
4973 99
2455 81
66934 90
534|20
116724 70
97913 83
94953 75
2003 78
2167 78
7569 84
153 64
1485 70
65514 85
104218 66
344 68
2571 92
5445 82
95875 69
112818 62
82461 69
96610 82
2987 82
138036 81
1566 76
535|6
2571 69
2581 52
2700 63
2688 50
2583 70
2882 36
536|8
232 78
272 69
356 75
335 70
225 64
150 70
434 55
589 72
537|10
80906 90
367 70
7153 90
53322 76
104218 65
97304 86
6539 84
318 95
89745 85
105504 89
538|8
595 85
3671 90
80549 87
4039 72
69757 85
5047 72
44889 70
66934 89
539|8
4306 79
6753 71
5218 73
50872 77
88 61
3301 71
4886 78
69122 73
540|9
2598 62
2959 96
1073 86
8874 91
1681 46
2183 82
2841 81
2747 67
1196 93
541|18
590 75
457 78
413 55
15 59
110 79
595 73
597 69
480 73
356 81
203 66
529 76
357 70
22 66
345 73
546 42
586 60
281 75
350 67
542|20
6539 75
30793 61
5299 63
2542 80
34319 65
33679 65
4963 76
5481 59
1997 76
4025 60
3623 55
924 78
4369 60
6378 72
2571 81
7254 71
41566 69
37733 72
7361 84
45517 67
543|16
73881 88
1702 68
595 88
3301 83
231 72
2378 74
2379 54
86882 87
6377 96
588 89
377 83
48385 79
2571 98
4526 54
4388 62
92259 102
544|22
1 70
3 70
14 70
32 70
40 70
62 70
68 70
95 70
116 70
619 70
626 70
648 70
650 70
694 70
736 70
780 70
839 70
1042 70
1047 70
1059 70
1105 70
1356 70
545|5
1438 57
1267 86
2763 76
1367 64
44 51
546|13
1270 81
3328 85
480 75
1970 58
2456 50
1976 40
589 79
2657 68
1673 83
3941 70
3959 71
3566 53
1977 48
547|5
1211 79
2859 81
2917 82
1394 84
1288 85
548|26
69 70
260 70
356 70
733 70
1196 70
1393 70
1477 70
1621 70
2571 70
2716 70
3263 70
3578 70
3916 70
4776 70
4899 70
5955 70
6874 70
7458 70
8531 70
49910 70
58559 70
74532 70
80862 70
122904 70
125916 70
168712 70
549|5
2571 78
2028 77
4226 78
1210 78
589 74
550|6
167296 70
102125 79
106782 90
116797 88
112852 91
122882 85
551|20
5010 75
34162 68
60069 79
1544 57
45186 71
103772 67
51935 76
4226 82
2353 67
7153 82
5989 77
135569 69
115149 75
88129 75
134130 77
6934 63
47 78
4701 64
2959 85
98809 75
552|20
2916 65
3317 73
1405 52
2953 51
2245 61
2944 70
2890 67
2125 68
508 68
3948 62
5349 65
2959 78
2857 57
173 48
2991 67
2871 72
2628 56
4308 65
4878 73
3101 59
553|17
55765 89
3481 84
1923 84
2571 94
4011 94
50 97
3949 90
1089 95
44199 85
5513 70
2231 89
2395 81
3052 82
61257 70
1221 96
33166 89
2959 97
554|18
1196 90
1022 77
2820 70
1207 90
1517 77
1282 82
1210 89
1760 30
2282 64
1225 91
907 68
1358 83
2096 74
1028 86
593 90
608 91
953 89
2324 90
555|20
790 70
3664 70
1 83
3111 94
3395 70
104 72
1334 66
2506 76
2072 65
4002 79
1266 88
2641 65
2256 65
2791 82
2701 49
1333 78
1320 68
337 81
1393 76
3526 78
556|7
162600 79
122890 73
3081 79
88125 89
588 86
72998 82
74789 69
557|6
648 69
231 62
1291 81
260 83
1210 83
150 76
558|12
5329 73
5064 85
4903 77
2297 80
2568 66
4993 94
4306 89
367 73
5283 69
1097 85
4164 83
5294 86
559|20
552 63
608 83
355 46
329 65
544 58
1527 73
173 52
377 69
745 79
174 55
529 77
350 67
349 69
533 59
836 57
1210 82
420 54
786 61
227 53
253 70
560|20
5839 70
91535 62
136018 49
67997 84
79132 79
3253 69
142558 70
2355 69
39435 59
1527 71
40414 77
64614 77
48744 74
56587 68
593 80
76251 71
84944 71
109313 70
5878 85
40819 76
561|20
168174 70
5308 55
78469 60
3703 75
60069 76
91535 60
2105 64
73017 72
5445 70
2000 71
83134 73
79132 78
79592 63
80463 76
89745 74
527 79
8972 66
353 71
33162 69
68157 78
562|20
27140 70
6870 85
6377 90
2580 88
1249 93
4776 84
36529 83
1259 88
1982 82
2268 85
2133 72
83134 85
3210 79
48394 86
30707 89
33836 51
2692 90
88163 88
99191 70
1240 85
563|20
61071 70
70932 70
80858 70
919 76
74450 63
588 74
5943 51
118997 56
86833 73
1197 83
128832 70
85397 66
45221 44
33499 53
7380 70
96821 78
81784 63
95307 47
65585 69
55250 46
564|20
50942 70
356 85
31685 66
131013 67
61024 77
79224 53
87869 74
500 70
108156 71
81784 67
93270 47
6188 72
106918 81
65230 69
67087 73
80693 67
94677 72
8984 68
73266 61
2671 72
565|6
590 74
231 60
19 53
21 68
50 84
539 69
566|15
648 68
10 70
231 61
329 66
342 65
141 69
203 67
345 74
39 67
497 77
265 76
588 75
708 66
353 75
2 68
567|20
8189 70
26743 70
92681 70
109897 70
152071 70
5690 59
136602 48
122888 70
6333 50
1274 55
122922 51
153070 70
151687 70
117877 70
108928 43
954 56
122924 44
27773 54
648 46
135887 46
568|23
50 70
147 70
296 70
356 70
480 70
593 70
765 70
1103 70
1104 70
1257 70
1298 70
1895 70
2313 70
2359 70
2863 70
3053 70
3148 70
3261 70
3363 70
8169 70
46723 70
63853 70
65088 70
569|5
231 72
50 100
380 81
588 89
592 81
570|20
208 53
8636 69
48516 78
1225 77
586 56
2683 60
457 72
1196 77
110 74
4993 76
7361 79
1198 77
1079 75
10 65
3793 68
1391 59
589 72
380 63
527 76
185 56
571|20
1331 70
2982 70
2366 65
1128 47
610 64
2902 49
1998 27
3696 64
1980 70
1987 70
70 62
1924 61
2279 42
1327 47
3732 60
1972 43
1278 72
1644 39
2327 79
1978 0
572|20
1961 85
2570 66
2788 91
2321 76
111 91
904 94
2987 81
2302 71
1834 82
2539 68
2917 88
1307 84
1 85
161 80
3421 84
838 83
1356 85
2006 67
3167 76
1953 86
573|20
89745 91
72998 83
3752 75
356 95
7293 83
6754 79
8665 87
32587 91
1073 89
88744 86
1127 84
68954 93
98809 88
2640 86
48516 98
71535 88
59369 82
60069 93
88140 82
1562 53
574|23
47 70
110 70
150 70
153 70
161 70
185 70
225 70
231 70
292 70
296 70
300 70
316 70
318 70
329 70
339 70
344 70
380 70
410 70
434 70
588 70
592 70
593 70
595 70
575|8
2566 55
2580 79
296 84
2581 62
2572 72
2542 81
2574 45
2598 56
576|5
849 48
1321 55
1373 46
1479 53
2289 65
577|20
2415 70
1183 71
1288 80
1129 67
2944 74
2194 76
733 68
1213 81
2076 74
2020 78
1262 80
1931 78
1391 62
2987 71
952 76
1909 66
260 79
919 75
2248 74
1270 77
578|6
6751 70
52668 87
45668 80
830 72
72407 66
75446 70
579|15
3174 79
2485 62
1022 78
2018 77
838 83
1917 65
1391 71
596 76
1573 75
2965 70
1653 89
2599 83
892 87
2687 73
595 82
580|20
5767 70
6583 70
480 72
8844 70
6989 70
3809 64
41569 65
3699 66
4041 69
33166 76
356 81
508 73
8376 64
3578 78
608 81
3785 59
3089 83
1320 63
54286 72
1201 82
581|8
7153 90
5995 90
4973 93
116797 86
3949 86
4306 85
109487 88
6377 88
582|12
91529 85
2959 91
116797 84
4993 88
5618 88
2571 87
76251 78
69844 83
104841 78
48516 89
97752 77
76093 84
583|12
8533 71
88405 60
2706 65
117590 73
317 61
60756 68
6942 70
595 71
46578 77
104 64
2694 63
7451 72
584|17
288 81
22 80
203 80
315 70
500 81
316 79
539 84
234 60
296 100
257 82
434 72
586 73
338 68
349 83
282 78
480 89
590 91
585|13
3173 68
1228 92
54503 85
2959 94
428 83
1405 63
7254 80
441 89
1805 65
296 92
27373 70
5325 76
79132 90
586|20
34332 70
4016 89
111659 71
106002 78
149406 80
167036 90
45499 81
136556 70
5445 87
117851 77
1291 96
71264 87
106489 80
135436 73
3753 81
2640 88
3147 97
122916 94
3793 88
101362 61
587|20
1234 90
628 81
2012 76
534 79
2002 68
1641 83
236 71
1376 79
2622 75
1541 60
3260 88
497 86
3082 73
445 68
3448 81
2574 50
765 68
691 67
329 73
3406 52
588|12
50 77
16 72
20 45
356 74
350 61
198 61
593 75
364 72
163 65
253 64
223 70
3 59
589|8
1092 71
318 96
590 83
373 79
586 66
587 75
527 91
337 83
590|20
924 75
8807 68
2371 61
38061 78
81834 74
40815 72
4890 61
903 78
5 55
3624 59
555 71
4047 76
51662 70
2085 64
419 52
595 70
329 62
2376 61
3635 71
2398 73
591|11
2908 71
2706 65
2712 65
2355 68
3615 59
3578 75
2394 66
3798 59
356 78
223 73
2724 55
592|19
514 80
2 75
153 64
415 57
110 88
177 65
420 60
380 76
44 54
788 60
588 83
163 80
204 59
610 80
39 74
419 60
253 78
432 58
240 63
593|20
1196 74
1073 68
1086 72
1617 73
4034 70
41566 62
1197 75
344 54
8368 69
339 61
2959 76
8961 69
5816 66
2797 66
4896 67
588 67
595 66
5952 73
377 62
141 62
594|20
7031 70
2671 88
7115 85
1616 79
5943 66
1188 95
2269 74
1733 93
4902 95
6996 38
780 85
1429 85
6140 92
7046 71
39 84
595 93
799 92
2028 103
8482 70
7169 85
595|5
265 86
50 95
1186 91
1199 95
1966 80
596|20
33649 70
43744 70
182793 70
129397 48
128908 70
1 77
142488 84
122922 75
4310 62
71838 62
4025 60
2501 73
110102 74
149406 66
2774 70
5502 64
8665 73
6537 62
2571 80
345 73
597|20
1799 80
490 68
3040 73
2529 88
2858 90
903 92
3039 83
2000 84
1291 90
357 79
1228 93
1845 92
2411 58
1580 77
1148 96
1198 94
2723 76
485 67
592 76
2692 91
598|5
56367 74
8360 73
593 82
114265 70
103543 42
599|496
26142 70
26567 70
26590 70
26676 70
26854 70
27595 70
34800 70
53450 70
60803 70
69131 70
74696 70
79895 70
84523 70
87960 70
92674 70
98799 70
102735 70
102852 70
104017 70
105020 70
122433 70
157865 70
158874 70
160978 70
161044 70
174727 70
179053 70
1801 55
6035 60
3387 47
33437 58
112 53
5995 66
167706 70
4394 70
836 46
7235 58
8809 59
102749 70
89087 45
42011 37
432 42
471 55
5628 58
1015 48
2 54
2269 47
69 59
3947 53
79091 59
104837 70
4037 65
7587 62
6881 53
1449 61
7225 58
81229 55
68952 66
4728 49
5081 49
33966 70
1779 46
3669 70
87197 70
170297 70
79057 54
95965 70
55207 70
4007 60
1220 61
80831 56
46723 58
71282 64
7757 60
3259 53
92309 57
1376 57
7192 47
4654 44
101423 70
53468 51
62662 70
3174 58
3698 54
2882 34
2359 57
1183 59
2792 54
1095 59
8387 13
53125 55
115713 62
2949 60
2471 45
3 52
1231 65
3861 47
240 46
1480 56
2301 59
1445 36
8045 70
586 48
2942 42
1185 63
4594 70
2474 57
3671 63
3196 65
64839 61
98697 70
2606 43
1777 57
5309 42
7022 65
4873 63
541 66
27311 61
43921 59
67734 55
4240 70
5026 66
168 49
33493 55
4125 15
7354 52
207 56
1094 56
742 49
1609 45
1042 51
3362 63
4553 59
4632 50
2278 58
468 54
122904 62
75416 70
42718 61
4285 44
79274 65
1794 70
45081 49
108192 70
3489 57
3503 66
89804 54
163809 70
577 44
3071 54
1204 70
3981 37
95771 70
45382 61
6548 50
59387 62
166528 61
168492 73
6691 70
605 45
424 31
2991 59
248 50
97950 70
3865 59
1216 58
342 52
35836 55
27772 44
176419 60
151781 70
277 49
6320 16
39381 62
5111 70
4090 57
2450 32
2676 63
2356 42
79702 61
1597 51
410 50
1721 55
3702 57
183301 70
1387 65
2072 48
26729 65
2393 52
4247 39
4591 47
1032 56
3087 51
1895 53
634 34
210 52
2074 67
51575 42
3505 65
5247 43
481 51
4215 34
1355 28
2657 54
2028 66
4011 67
420 44
552 50
1196 66
2395 57
5303 55
1752 41
3186 56
4310 51
1784 59
3200 73
7254 59
688 43
473 40
1079 65
1552 49
1148 68
1544 46
63113 55
2325 56
26649 62
6804 70
161 59
4109 47
34332 47
1653 65
4808 41
7707 70
3468 67
502 40
1221 68
1792 49
68319 47
6787 65
2119 26
3884 35
4254 35
3973 28
103609 70
8934 70
5377 61
42632 65
55290 58
4506 54
7840 58
5568 52
1689 49
7005 70
103228 59
59947 70
786 49
4351 53
172253 70
4679 46
1411 65
117630 70
1590 49
112623 61
3146 43
8984 53
1920 47
519 36
179817 68
3979 41
3741 65
44020 43
26630 70
7285 62
3030 72
1021 38
8638 59
87 49
7153 67
2877 47
2018 55
3173 50
5198 70
7101 48
7701 29
3213 65
26159 57
2339 70
33896 64
2000 60
4006 53
136562 57
37382 47
6645 65
171763 68
8528 62
27008 70
4017 58
4167 54
86142 60
1249 67
3255 57
736 52
2779 54
84414 61
27773 64
2083 63
98499 44
4034 64
119828 70
1993 38
94864 53
6631 24
2321 56
26242 55
3703 63
41566 56
2529 63
1968 61
8914 60
3257 47
159403 70
1036 63
76093 63
5103 55
6947 57
1952 67
2124 52
4084 46
6016 67
778 65
81 51
2171 54
1253 62
4275 49
7982 42
3723 64
849 47
2681 52
6565 63
39414 51
122916 63
6440 65
8917 54
72011 58
1605 48
1240 61
923 63
68157 66
5961 70
5053 70
3571 59
2403 59
3871 69
44238 70
72226 66
7004 47
2054 45
62970 50
5159 51
354 59
122924 52
48774 63
1394 65
3763 54
70286 62
1904 49
3969 58
81562 59
102590 70
233 58
4155 52
1031 59
76 53
459 39
1097 59
1178 71
60291 59
3328 67
1232 59
3036 60
5283 49
4327 58
610 58
2726 66
4732 38
5970 54
2396 60
594 57
1247 65
45499 55
3476 56
2399 39
137218 70
1997 62
3271 62
27801 63
6365 54
1799 58
580 38
122900 58
2803 50
80219 50
466 47
110882 63
3997 30
26176 70
2378 50
117895 32
26662 65
90603 64
119218 70
44 39
809 40
1960 61
4519 53
1959 61
414 39
1073 61
61236 51
1479 52
4019 59
1245 68
37857 64
161032 70
371 54
3020 59
88593 70
6774 61
2005 59
90405 51
26285 70
6793 34
627 57
1617 66
6734 0
108090 70
2427 52
51024 58
122922 62
3440 30
6874 65
4919 55
338 45
81591 57
1704 66
1499 31
357 56
62155 57
144 52
34148 58
53519 52
4504 70
2796 45
216 57
6827 17
1429 54
7445 57
1385 47
90471 55
8425 70
10 56
26542 52
7387 64
72998 58
89470 57
3629 69
1297 59
3424 67
1672 55
44761 64
196 43
70703 70
2383 33
180 56
4040 38
6333 59
4440 63
5291 61
88235 58
1639 59
4580 7
153236 70
86190 56
4477 31
103027 70
32291 55
34811 70
5171 45
122260 70
8784 61
5954 63
8798 61
707 48
880 43
314 61
61323 57
600|20
3269 50
1394 71
3785 52
2717 51
5569 60
4306 68
1206 72
56775 56
2015 59
7 54
2013 53
262 66
1210 71
1060 64
2431 59
2077 62
2423 61
4641 62
527 72
5076 49
601|20
141846 70
68157 91
1262 91
106782 90
60069 89
49272 90
5445 81
1193 91
1207 91
79132 90
904 94
166024 83
1917 66
7153 92
2324 92
170697 81
31658 91
5989 86
88810 89
2571 91
602|20
161 68
19 50
350 62
494 64
14 66
471 65
125 71
434 56
235 66
481 59
315 54
371 62
474 67
527 76
21 64
349 64
440 65
339 63
480 68
163 67
603|20
602 70
803 70
2008 70
2577 70
3459 70
4787 66
2912 77
1769 52
485 59
4420 70
920 72
1 77
2706 67
1844 80
3787 75
1222 81
190 65
2716 76
3983 85
101 76
604|20
220 70
292 72
151 76
329 71
410 67
426 70
435 52
316 70
22 72
235 77
181 49
332 64
273 59
637 65
285 70
173 56
588 80
23 66
553 80
1 84
605|20
35347 70
6787 77
1197 80
5667 70
42738 63
51662 71
7373 63
596 66
780 64
4571 70
2316 66
7454 52
150 72
60040 61
8977 44
3269 55
72982 70
1210 78
62376 49
60937 47
606|20
263 70
563 70
583 70
3808 70
4671 70
4840 70
5856 70
6111 70
6573 70
8685 70
32728 70
55805 70
3147 83
4392 71
2311 73
6308 47
50842 0
6591 90
8270 73
2025 86
607|20
891 72
1610 82
448 76
3147 87
1094 74
1307 82
592 73
204 57
1552 64
527 88
3476 74
296 89
2313 80
3440 41
423 63
1518 71
2118 84
2193 75
380 73
2028 87
608|20
52245 57
2997 75
3793 70
2763 70
174 52
2000 71
1214 75
919 72
2700 71
4161 63
5146 58
1639 69
541 77
473 47
2529 74
522 70
4343 57
1909 65
2431 64
1220 72
609|8
296 77
833 37
356 76
339 63
454 65
318 80
208 53
292 62
610|20
5953 70
58975 70
70206 70
78626 70
82765 70
97988 70
107447 70
107462 70
110591 70
110746 70
118082 70
139655 70
160341 70
86644 61
56801 55
61024 80
77561 76
4816 75
62434 78
3972 86
