1|20
260 92
1927 71
804 71
3 75
1009 69
2406 74
1587 71
3671 74
2617 71
3053 69
2571 85
1222 81
2137 70
1377 71
2395 75
2761 74
2641 70
2872 72
1258 78
2700 76
10|20
597 69
33679 67
8533 70
8969 70
72720 70
88810 71
136020 71
6377 67
5943 70
109374 68
113394 69
61250 70
82167 70
140110 70
5377 70
77841 69
6942 71
1028 70
72330 69
66203 70
100|20
497 70
296 72
1393 71
95 70
592 70
605 70
6059 70
28 70
2245 70
62 72
4308 72
1777 71
838 70
2125 71
1288 70
234 70
1197 73
2005 70
4014 70
4623 70
101|13
2580 70
3285 70
2723 70
2700 70
2908 71
2390 70
3175 69
2395 70
358 70
2702 70
3394 70
2997 71
2502 70
102|12
158 69
588 71
150 72
592 69
253 70
480 71
344 68
539 70
553 70
593 73
586 69
223 71
103|20
86014 69
1954 72
60040 69
1968 78
77206 69
2161 74
1732 84
81834 69
608 82
2384 68
4254 70
104 70
139642 71
56782 76
2096 71
101 71
6534 67
374 73
60069 74
30793 71
104|20
4740 69
743 70
5218 71
8643 70
1288 69
47997 70
468 69
76251 70
8533 72
4018 70
38038 70
1566 70
7361 71
6060 70
3034 70
1641 70
4641 70
108190 71
616 71
7034 70
105|20
4788 69
69685 69
95311 69
95313 69
110586 69
141816 69
141818 69
170597 69
172587 69
172793 69
173351 69
173535 69
6433 70
4974 71
70286 76
108981 69
95175 69
69122 80
1243 72
3916 70
106|7
69844 71
72998 72
59501 70
86880 70
5349 72
53125 71
59784 70
107|7
231 70
253 69
590 71
165 71
434 69
208 69
318 76
108|16
800 70
6022 70
4995 71
2585 70
5316 70
4975 70
3978 70
5349 69
2926 70
4246 70
4878 70
4994 70
1968 71
1684 70
497 71
5380 70
109|20
380 68
1033 70
231 67
364 71
589 71
480 69
62 71
31 69
587 69
1032 70
586 68
778 71
540 69
256 69
163 69
252 70
223 71
553 70
537 70
168 68
11|13
733 71
1584 72
1210 75
170 70
1438 69
648 72
1918 70
493 70
10 71
457 74
1693 71
150 74
1923 71
110|11
26171 70
2468 70
1198 71
1089 72
1222 72
1208 72
4881 70
47 72
527 73
1193 72
2428 69
111|20
100194 69
162602 69
171251 69
2145 66
96588 73
65088 70
66203 65
84772 70
2081 78
91529 72
6365 58
45666 67
3255 73
1282 75
6539 70
86833 72
122882 75
59143 70
86911 68
5283 68
112|13
788 69
161 70
1917 71
16 71
21 70
208 68
434 69
39 70
3717 71
19 68
110 76
32 74
70286 74
113|20
4083 69
39 70
3168 71
932 70
2331 70
3359 70
1086 71
3504 71
1339 71
904 73
3546 69
4063 69
4062 70
1077 71
1589 70
2475 70
3831 70
46 69
1733 70
4007 70
114|7
141718 69
54001 70
2291 70
167732 69
122886 70
8961 69
3147 70
115|20
1580 72
2804 73
1387 76
2792 70
3146 70
3273 69
3052 69
2841 70
2719 70
595 72
2700 72
383 69
2027 69
2148 69
2770 68
3785 68
2916 73
3175 72
588 73
1377 68
116|18
2716 69
858 69
1299 69
62383 70
1339 70
1276 70
597 69
1029 70
1101 70
2797 69
2657 70
1961 69
1407 69
5995 69
1704 70
165 71
2115 70
8360 70
117|20
708 69
587 70
589 72
151 70
36 71
1036 70
595 71
288 69
596 69
48 69
315 69
454 70
353 70
474 70
10 69
60 69
805 70
491 70
616 70
485 67
118|5
1221 72
1625 70
153 69
1961 70
1810 70
119|20
95441 69
117176 71
1092 70
91529 77
74458 76
4387 70
79132 84
168252 72
44022 70
78499 75
122904 75
106782 74
442 72
4993 78
31685 69
6365 75
141004 70
4148 72
88744 72
8644 72
12|7
2717 70
2100 70
838 70
2072 70
1876 70
2581 71
6942 70
120|5
260 73
32 71
5 70
631 70
52 70
121|12
497 70
440 70
161 71
527 72
292 70
344 68
186 69
316 69
1 71
19 67
163 69
337 70
122|20
27660 73
69784 70
7022 77
148652 70
4816 74
56174 75
94959 72
81591 74
71535 75
30810 74
2997 78
1732 87
108932 72
780 70
1090 77
3253 72
106782 78
72226 73
1200 81
1214 82
123|12
68554 70
115569 71
79132 74
109487 72
1196 72
4226 72
296 75
7153 74
143458 69
47 72
96829 70
2858 72
124|10
56145 70
2161 70
260 74
175 70
1358 70
6377 72
4226 73
3147 73
608 73
1223 70
125|20
5088 69
86721 69
110330 69
54503 73
72011 71
162578 70
119145 72
176371 71
55247 73
1240 70
86332 70
68157 75
112623 70
4082 70
160567 70
3342 70
109487 74
88140 70
98607 69
81562 71
126|8
364 72
349 71
231 69
380 70
410 69
300 70
253 69
457 73
127|5
2915 70
903 70
55276 70
5060 70
272 70
128|7
904 72
965 70
926 70
1066 70
1721 70
1080 71
1198 73
129|20
4370 70
480 73
3698 70
2692 70
2138 70
1968 71
8368 72
653 70
7143 71
316 70
6874 72
239 70
2916 71
733 72
4896 72
2028 74
3977 70
3000 71
1907 71
31658 71
13|7
3717 70
3624 70
3798 70
2174 69
47 72
3893 70
305 70
130|6
208 69
316 69
292 70
110 71
590 70
296 73
131|14
2273 70
6947 70
58559 71
908 71
4878 71
89745 70
7256 70
68237 70
2722 70
2028 70
48516 71
3178 70
64614 70
969 71
132|20
6251 69
3275 71
4995 71
2987 69
7444 69
3262 70
4168 70
31658 70
44191 70
1089 67
3967 70
5502 68
50 69
58559 71
5992 69
2108 70
1844 70
2657 70
47 68
2470 68
133|7
454 70
356 72
589 69
150 71
153 69
380 70
527 70
134|7
442 70
595 71
349 71
380 70
367 69
509 70
296 73
135|20
592 73
4084 69
893 70
3994 71
2004 69
608 81
1358 74
3852 69
3489 67
1614 69
1198 82
4128 70
1883 68
2302 66
1291 80
410 68
1261 73
4022 71
4881 69
1077 71
136|20
161 71
193 69
585 71
338 68
277 69
380 70
181 68
337 70
437 70
165 70
611 70
151 70
340 70
252 71
432 67
552 69
350 70
280 70
273 69
150 73
137|20
6787 71
2716 74
1198 77
750 77
919 74
1270 73
318 78
150 73
2997 75
1200 75
6986 69
7153 72
1242 72
110 74
33493 68
1197 78
2959 73
1237 71
903 75
7762 70
138|5
2707 70
1960 70
1959 70
849 70
3996 70
139|20
4025 68
7445 67
60684 68
4865 69
68319 65
7090 68
5502 61
260 63
8371 66
53953 67
58025 68
106782 67
6957 67
7163 68
3827 66
3624 64
52722 66
54259 66
4367 64
115617 65
14|10
344 68
477 70
110 71
540 70
597 70
153 69
592 69
4 69
539 70
105 70
140|20
5699 69
5299 71
1393 71
356 86
609 70
32596 70
4795 70
34072 71
1617 73
5256 69
5943 67
1084 70
4337 69
3108 69
43396 70
4719 69
1005 70
4321 72
5812 70
4259 70
141|20
5418 71
54503 71
4963 72
2478 70
71535 71
317 69
68954 73
54286 70
6365 69
54272 70
4447 69
5502 70
6377 73
6373 69
1265 71
91529 72
2502 71
441 70
1517 69
48516 73
142|8
434 69
384 70
588 71
50 72
527 72
356 74
337 70
377 70
143|15
1721 71
61250 70
6942 71
7169 70
8533 70
106696 70
3421 70
87232 70
78316 70
69069 70
59421 70
2144 69
96821 70
7173 70
500 71
144|20
589 72
541 71
8368 72
597 71
590 71
410 69
1246 71
527 75
356 77
500 70
19 68
2700 70
434 70
733 71
780 70
1036 70
5377 71
552 69
586 67
2081 70
145|5
344 69
339 70
380 70
318 76
588 70
146|7
7293 70
3257 69
32 71
1367 69
3686 70
410 69
47610 70
147|5
1234 69
168 70
552 70
555 70
2395 70
148|10
88125 70
5618 70
108932 70
81847 70
72998 69
5816 70
8368 70
7153 70
81834 70
4993 70
149|12
1097 68
1374 69
1831 68
1527 70
260 70
173 69
1206 70
1200 70
2021 70
1580 68
1391 70
1375 69
15|20
91529 69
7438 69
111759 69
2329 73
1 73
1909 70
1240 72
115713 69
1200 73
293 71
2571 76
3949 71
120466 70
1198 74
2028 75
2011 71
158 68
160980 70
4306 72
4022 71
150|6
3 70
1356 71
5 70
95 70
733 70
1073 70
151|12
786 70
562 70
780 72
837 70
747 70
1265 70
828 70
1073 70
1 71
648 71
1393 70
1359 70
152|13
50 75
2959 77
116897 70
89492 70
1193 74
69481 70
85774 70
115713 70
111 73
92259 71
1234 70
79132 72
318 79
153|20
134853 67
1732 63
8533 69
4014 69
81456 70
106782 65
8528 64
6863 69
87194 70
2617 64
1246 65
106100 66
1954 70
7458 69
4226 60
89904 66
72998 58
133780 69
586 62
36535 70
154|7
114662 70
119145 71
81834 72
122904 72
106072 71
76093 72
77561 71
155|10
153 69
3286 70
1200 70
260 72
141 70
2355 70
2384 70
2948 70
432 69
2959 71
156|20
26313 69
31038 69
1230 78
1711 66
3341 72
6296 70
762 67
2361 71
2076 75
4784 69
661 69
2926 71
8571 69
47 72
3176 72
58 71
848 67
866 73
1485 67
923 79
157|5
785 70
3617 69
2720 70
2770 70
527 71
158|6
1093 70
2605 70
2872 70
2723 70
2428 70
66320 69
159|20
2959 68
60069 71
45720 70
597 71
4022 69
89864 70
49286 70
140110 69
84954 69
4447 71
1197 71
68954 71
6942 71
1961 68
106696 71
480 72
539 70
166643 70
40819 70
63082 68
16|20
1230 71
78499 71
913 71
1136 72
1299 70
1617 71
1203 70
3429 70
2858 72
608 73
3683 70
4002 70
1199 71
912 71
2707 70
5782 70
1260 70
319 70
27773 71
2109 70
160|20
126 71
1371 68
1198 68
196 67
3408 70
5349 69
3213 67
2408 74
839 72
3593 63
2748 72
533 70
1975 71
1676 68
3745 70
2011 66
733 60
3826 76
778 75
2840 73
161|8
4980 70
7247 70
47610 70
1223 70
38038 70
3429 70
2144 70
2336 70
162|8
150 73
225 71
168 70
50 73
300 70
266 69
31 70
62 71
163|5
1608 70
1810 70
1747 70
1777 70
1837 70
164|8
1036 72
2916 71
110 74
589 75
3527 72
1101 71
1201 70
2167 71
165|13
2353 70
3624 70
110 72
5505 70
5527 70
3256 70
5956 69
5418 71
5530 70
5450 70
1127 70
3409 69
5881 70
166|20
33794 77
1721 70
4011 78
5378 71
3481 73
49530 73
2353 70
47644 69
54272 72
8961 76
1198 80
2542 75
1036 77
608 75
434 70
5219 70
5418 76
2396 74
349 70
2324 77
167|20
33493 70
4886 72
778 71
3052 71
7147 70
6857 71
45501 70
6480 69
1682 72
2231 70
784 69
33794 71
2083 70
2413 70
6333 73
8961 72
2139 70
150 70
6773 70
35836 71
168|19
3730 72
1248 72
1201 74
1089 77
296 80
923 75
1222 75
5291 71
3543 71
1302 73
3362 72
1148 72
3101 68
57669 70
2076 72
1729 70
908 75
85354 70
80463 71
169|20
3536 72
2028 80
364 81
953 77
4886 76
5400 71
8644 73
524 72
2795 71
1022 73
3114 76
3967 71
1517 76
1035 74
8641 71
6365 71
661 71
457 78
3287 70
1416 70
17|20
260 83
64839 71
296 84
5952 78
527 80
1193 76
3681 72
1240 74
2717 71
2858 77
1093 70
81932 70
5618 73
50 81
5971 70
2959 81
1201 74
541 76
82459 70
1 75
170|10
318 76
296 73
586 69
377 69
34 71
592 69
277 70
500 69
266 69
588 70
171|17
485 70
1220 73
1025 70
801 70
1259 74
1079 73
828 70
317 70
869 70
380 70
1136 77
1225 74
661 70
318 80
47 74
1198 76
1208 77
172|6
3087 70
3578 71
7438 70
2072 70
3793 71
2762 70
173|5
10 70
329 70
586 70
597 70
588 71
174|14
553 70
520 70
224 70
648 72
161 71
317 71
158 70
780 72
315 70
485 70
282 70
440 71
350 70
10 72
175|5
531 70
8911 69
43904 70
38388 70
8362 70
176|8
165 71
434 69
39 70
368 70
380 71
780 72
47 71
471 70
177|20
42002 68
91542 75
6332 70
3668 69
45672 68
783 73
27706 65
2657 69
114662 73
1206 62
83132 71
5218 80
508 74
3114 72
1321 71
2176 70
8798 71
88140 70
2012 81
339 71
178|16
7361 73
527 77
2329 75
5995 71
6502 72
4235 70
1198 74
208 69
6539 72
296 80
349 70
10 70
4226 74
1240 71
2579 70
318 81
179|14
367 70
589 74
161 72
231 69
288 69
743 69
1061 70
317 72
786 70
592 70
671 70
296 73
434 69
364 74
18|20
8117 69
65596 69
88094 69
145283 69
157110 69
166015 69
171023 69
103253 70
60684 73
44199 74
2 70
86628 70
59784 71
2918 78
109374 73
4226 85
53129 70
139385 74
47 80
1291 77
180|5
1261 70
260 73
1748 70
1242 70
2140 70
181|20
157 69
593 70
596 70
353 71
539 70
516 69
132 70
169 69
25 69
31 69
542 69
6 69
707 69
185 66
464 69
502 69
415 69
480 71
592 69
344 66
182|20
4879 69
6969 69
3911 71
2728 73
4313 70
8042 73
1291 56
3113 69
3578 65
1590 73
161 74
4452 65
224 70
4980 73
4262 75
2353 62
2890 74
1127 71
541 83
6041 70
183|12
480 75
380 71
1196 74
2951 70
2534 70
4085 70
1287 71
2194 71
3247 71
1233 71
2662 70
1408 71
184|20
158035 69
181413 69
193565 69
97304 71
74754 70
168250 70
191005 69
106072 69
166291 70
127152 70
86332 70
80463 72
5816 71
122898 69
81845 72
5810 70
170813 70
174479 69
112852 73
148626 71
185|10
1685 69
2396 70
5377 70
1721 69
5952 71
1393 70
595 70
2085 70
4995 71
899 70
186|20
2605 70
1214 76
1291 75
3745 71
1269 72
2527 71
2532 71
4361 70
1307 74
2968 71
4306 74
2541 70
1702 71
480 79
1097 80
3977 69
919 74
3527 72
593 79
1196 78
187|20
26122 69
3949 72
49272 70
231 65
1206 78
6874 76
1729 70
1209 71
48394 72
6502 70
2701 67
4027 75
288 71
2542 72
7153 71
39427 70
6890 71
1222 77
8949 72
1748 73
188|10
2346 70
1212 70
594 71
1282 71
3469 70
2396 72
1091 71
3341 70
1264 70
2206 70
189|5
48516 71
4993 72
79132 72
2959 73
58559 72
19|20
3692 69
3662 70
54 69
2733 65
1702 62
1240 66
1270 79
3712 70
1881 70
216 53
3 45
1834 69
2184 70
3017 70
2044 69
2354 62
2005 61
3146 60
3387 65
2694 61
190|14
6711 71
4776 70
8784 70
4995 72
5630 69
4306 71
30749 71
1221 71
4975 69
8961 71
858 72
8464 70
69844 71
7438 72
191|17
496 69
21 70
72 69
175 70
494 70
417 71
17 70
6 71
85 70
292 69
314 70
58 71
235 70
213 70
161 70
160 69
162 71
192|5
356 73
288 68
316 70
349 71
432 70
193|7
44555 70
55442 70
4878 70
6016 71
307 70
1270 70
5618 71
194|5
163 70
1396 70
1500 70
1288 70
5060 70
195|20
3424 70
2770 68
1041 70
1653 73
1923 71
3160 71
4723 70
1863 70
2336 70
2166 71
4308 69
1909 70
260 78
2028 76
3252 71
2908 69
1392 70
1365 70
70 69
190 70
196|7
70286 70
3578 72
59315 70
58559 72
364 73
1214 70
110 72
197|7
1513 70
1240 71
1882 70
786 70
2167 70
153 69
1784 70
198|20
3894 69
3499 69
920 71
1213 74
3949 74
1994 70
1485 69
2572 71
4019 70
1089 75
110 76
593 78
4128 70
1270 75
4886 73
1079 69
2117 70
912 74
1573 67
1682 72
199|20
5464 67
2165 70
2280 70
736 63
5673 70
349 69
5502 69
482 70
8532 69
1172 69
300 69
50068 70
4881 70
3175 71
7445 69
2973 73
34338 70
41997 70
1956 73
377 70
2|6
333 70
122882 70
71535 70
46970 70
58559 72
80489 70
20|20
1566 71
5419 69
4014 71
2140 70
586 68
661 71
3189 70
5014 71
1333 71
4161 70
3784 70
1030 68
5313 68
2804 71
2054 68
34 69
1097 72
6358 69
4519 69
1722 66
200|20
3809 70
7022 71
50802 70
3968 69
2485 71
500 74
5610 70
590 74
1029 69
53996 71
2572 73
4993 82
4041 69
57640 70
1302 74
1784 73
6383 69
1653 72
1569 72
1517 75
201|20
1748 69
1527 71
1584 77
2858 71
339 71
589 82
2717 70
994 70
788 72
1196 83
2797 77
733 71
1259 75
2174 72
1198 80
2455 70
1569 71
1213 75
160 69
24 72
202|20
3329 69
924 79
29 72
2289 72
1197 85
1196 88
2966 70
161 72
608 83
1209 70
1296 73
3194 70
1784 73
469 70
923 78
2000 73
1587 70
1719 73
3147 76
32 77
203|9
56174 70
8665 71
2407 70
5952 73
590 71
49272 71
40815 71
333 71
296 72
204|17
1136 73
3949 74
33794 73
48394 71
27075 69
1080 71
79008 70
6104 70
8874 72
81591 70
4878 74
91658 71
711 70
2313 70
86320 70
55820 72
5218 71
205|6
912 70
99114 70
91542 70
5816 71
95167 70
96079 71
206|5
36 71
608 72
733 70
140 70
141 70
207|5
2991 70
2428 69
2707 70
3740 70
100 70
208|6
1210 72
2628 69
380 70
2353 70
2278 70
2762 71
209|7
60684 71
1291 73
68157 74
74458 72
185029 70
122886 71
88125 71
21|20
107013 69
117922 69
140301 69
57640 69
2985 69
2990 71
2717 70
5418 72
31433 69
112175 71
7153 70
30793 69
4446 72
52973 70
45186 69
2023 71
79185 69
1721 72
102125 70
5459 71
210|20
123553 69
34405 73
166203 69
3147 72
31696 71
7649 70
58559 76
2105 69
6365 74
34397 69
4625 70
84772 70
122926 71
76093 74
62836 69
33493 75
1584 72
47610 70
108932 70
122918 72
211|18
58559 76
63113 70
90405 70
57669 71
60684 71
7153 76
73017 72
2105 69
4367 69
356 80
2642 70
1556 70
318 82
44665 71
85414 70
1198 74
1136 71
260 75
212|20
170697 70
122920 70
122892 70
2571 71
5218 71
48394 71
3578 72
1196 69
135143 70
74795 70
179401 70
79132 73
77800 70
108932 71
110102 70
96821 70
8874 70
65261 70
59784 70
2291 70
213|17
3285 69
87520 70
80363 70
76251 70
8957 70
2860 70
1234 70
5419 70
51935 70
69844 71
39446 70
4132 70
858 72
69526 69
4558 70
49530 70
58559 73
214|5
83 69
628 70
743 70
1363 70
802 70
215|20
1172 71
4973 73
63082 71
1291 72
2028 74
3252 70
3210 70
1968 71
1247 71
49272 71
1089 73
72407 70
5650 70
318 80
1208 72
2000 70
1197 73
1196 74
1297 70
4019 70
216|20
104 69
21 71
3996 72
3946 70
2946 70
3993 69
3897 70
2599 72
34 72
3994 68
4034 71
3363 70
1965 70
3422 70
3555 70
3253 69
2087 70
3986 70
2018 70
1923 71
217|20
1867 69
3434 69
1275 71
2468 57
3197 70
1912 66
2302 66
1876 72
380 68
1221 70
2471 56
1918 67
1385 65
3165 69
1590 60
1562 47
1703 69
2056 69
1831 57
160 65
218|6
2657 70
2692 70
1380 70
1198 71
6934 70
5349 69
219|20
60072 65
2115 77
59315 75
6539 77
442 56
30707 74
1704 80
180 67
1219 75
1005 71
27773 70
56156 67
6188 71
6721 70
30825 64
2997 79
1552 66
1500 63
2890 69
1921 77
22|20
8961 66
2723 69
60950 69
64575 70
1193 70
70286 66
4993 66
2160 70
39183 70
7147 66
3996 70
3481 70
55765 67
48780 64
7361 66
51540 68
6711 67
2968 70
3949 67
48394 68
220|20
3996 70
733 72
1198 88
3994 73
6539 79
1258 76
1917 72
4545 68
33794 79
165 76
71264 70
4623 70
53464 67
5218 73
6365 75
3751 71
32 79
1036 81
5502 71
1591 69
221|20
4338 69
7013 71
8529 71
1080 76
3246 73
2871 74
1208 88
7063 72
2702 69
4029 72
5954 72
2352 71
922 74
2997 79
1278 76
2858 81
1212 75
1959 70
1961 74
3671 72
222|20
81831 69
100498 69
48516 72
1249 70
99813 70
91529 70
59900 68
93287 70
1721 67
2706 68
3273 68
2411 69
64622 70
7143 71
87869 70
778 71
30825 69
42011 69
673 69
64839 70
223|15
55854 69
6711 70
1 71
736 71
1961 70
457 71
2716 69
48394 71
608 70
8784 70
48516 71
3863 69
4306 71
260 71
2683 67
224|11
3496 69
3044 70
356 78
2915 70
289 70
3668 70
1270 73
2797 72
1721 72
2716 71
1259 72
225|15
2423 70
1285 70
588 71
1717 70
2791 71
1321 70
1136 71
1197 71
1753 70
2004 70
2371 70
1407 70
785 70
1060 70
3024 70
226|20
6938 69
32666 69
3552 74
542 68
1240 77
3098 71
2804 73
3668 70
3653 70
2231 70
145 68
2253 68
3052 71
2628 65
762 67
53129 71
4816 73
16 76
2144 71
46948 70
227|19
46976 71
52319 70
81845 72
109487 74
134130 71
215 70
48738 71
47099 72
1196 74
32587 72
912 72
55721 71
1682 73
750 71
778 73
40629 71
97913 70
70286 72
150 72
228|5
2571 73
1373 70
362 70
318 76
3113 70
229|13
34 71
589 72
377 71
45 70
587 71
5 70
475 70
442 70
597 70
364 73
213 70
110 73
527 74
23|20
6234 69
3996 71
293 70
1206 72
1136 72
1960 70
7587 70
3424 71
3181 70
2467 70
1248 70
1617 72
6807 70
1952 71
6440 70
1258 71
1243 70
1080 70
8228 70
1711 70
230|20
34330 69
52715 69
47 70
7438 71
527 65
3147 68
45499 69
6537 70
2291 70
1387 65
6863 70
1485 69
595 66
4022 69
2096 69
588 65
4034 70
1676 70
8644 68
2641 69
231|5
92259 70
858 72
593 74
1198 73
109487 70
232|20
31867 69
41769 69
57526 69
70336 67
8644 73
1586 71
44972 58
4019 70
43928 66
30883 67
65802 69
8376 64
39292 70
1035 71
66198 69
66097 71
32011 65
6564 62
7451 72
33164 69
233|20
48394 71
3751 69
48516 72
1721 69
356 75
106100 70
162600 70
608 73
7153 72
134214 70
57669 70
122920 69
2329 72
4239 70
7371 70
3977 68
3147 72
3948 69
49272 70
5418 70
234|20
2616 69
2140 70
172 66
126 70
1562 67
4519 70
153 66
2710 67
3624 70
3483 71
1391 69
438 70
1460 70
2987 72
65 68
260 79
1359 69
3175 72
588 73
2080 70
235|13
480 72
736 70
500 71
454 71
592 70
235 70
595 73
32 71
527 75
648 71
223 71
588 72
377 70
236|30
1214 69
1278 69
1345 69
1350 69
1387 69
1388 69
1982 69
1997 69
1998 69
2447 69
2459 69
2490 69
2496 69
2502 69
2505 69
2542 69
2572 69
2580 69
2596 69
2598 69
2606 69
2657 69
2683 69
2694 69
2718 69
2770 69
2806 69
2858 69
3024 69
3052 69
237|10
32 71
4254 70
94959 70
293 70
1371 70
1193 70
7361 71
7980 70
43936 70
1374 69
238|9
4954 70
3528 70
4265 70
4901 70
4238 70
593 71
4499 70
4957 70
1193 70
239|20
58559 82
5459 70
4085 69
380 73
95 67
7445 73
608 75
7147 76
6378 72
2115 75
4896 73
36529 73
3994 76
33679 75
47 85
590 75
4022 75
208 69
733 73
51662 79
24|20
1784 70
2617 70
111759 70
134853 70
58998 70
1265 71
1198 72
3147 72
1197 71
1220 70
2424 69
5418 71
72011 70
54286 70
27773 70
64957 70
356 76
44191 71
1682 70
68358 70
240|20
368 71
543 71
480 72
367 72
810 72
500 73
546 73
110 71
173 73
1 74
542 71
104 72
34 72
174 70
204 70
225 71
383 70
262 70
434 71
420 72
241|16
81786 69
71899 70
527 73
1206 72
1193 72
99114 71
100714 70
8981 70
53123 70
116897 70
56367 71
3910 70
106782 71
115569 70
4235 70
48780 71
242|7
39 69
380 70
231 68
457 71
592 69
454 70
111 72
243|8
112 70
353 69
62 71
588 71
193 70
586 70
181 70
376 70
244|19
3090 70
1049 70
110 75
257 70
165 71
151 70
1090 71
3755 69
2278 71
648 71
1580 72
1957 70
1610 73
1196 77
3256 70
1573 71
1242 71
3753 70
2243 71
245|5
3196 70
2739 70
3114 70
3274 70
1361 70
246|20
1304 69
616 70
1680 71
6016 74
3081 71
44191 72
60684 72
4973 76
1732 75
1298 71
53125 73
2291 73
2692 71
293 76
4011 77
5013 71
60069 77
48082 70
82202 70
95167 72
247|20
48516 76
593 78
2858 75
49272 72
1961 73
44191 73
527 77
116797 72
68358 72
122886 71
480 71
223 71
1265 74
2078 71
1198 75
1682 72
6377 75
1089 74
953 71
919 71
248|11
4886 71
1198 72
166528 70
176371 70
316 70
147374 70
102903 70
189333 70
122912 70
58559 72
5218 70
249|20
110350 69
102903 74
2167 75
94959 72
84601 72
2395 68
97306 73
3408 71
89047 69
91500 76
91542 73
40815 75
69844 78
904 75
46723 69
3826 65
68791 69
88812 70
67695 70
50 93
25|6
58559 75
60069 73
74458 71
79132 75
527 73
260 75
250|6
1282 70
2407 70
318 76
1597 70
1246 71
8880 70
251|5
142115 70
293 72
356 78
318 81
1089 75
252|8
164179 70
89745 71
6377 71
164909 70
1682 70
166643 70
143355 70
78499 71
253|10
44555 70
916 71
608 73
2300 71
7099 70
4217 70
26366 69
1192 70
4642 71
3363 70
254|20
46578 73
44195 71
207 70
49278 70
6333 71
780 70
110 79
1210 78
49272 72
27846 70
32587 74
2571 87
44929 70
47 78
293 76
1580 71
5995 73
32 75
592 70
48394 72
255|9
1270 70
4467 70
2023 70
3501 70
1663 69
1394 68
3392 70
2542 70
2915 70
256|20
3247 70
88744 70
377 72
4973 72
53972 71
118696 71
95441 70
104841 71
71535 72
2953 71
81229 70
53121 70
30707 71
2571 79
68791 70
170 70
6942 72
90405 70
6537 71
33493 72
257|5
1500 69
594 70
2502 70
494 70
2406 70
258|5
4995 73
7147 71
72641 71
76093 71
47099 71
259|6
508 70
5945 70
1784 70
4886 69
1356 70
1584 69
26|21
10 69
34 69
47 69
150 69
153 69
165 69
185 69
208 69
225 69
288 69
296 69
300 69
344 69
349 69
356 69
380 69
434 69
454 69
457 69
592 69
593 69
260|20
7361 72
3556 70
162 70
903 72
5690 70
6337 70
4878 71
5617 71
342 69
5219 69
2997 71
8011 70
1206 73
3317 70
6709 70
8874 71
2348 70
3822 70
2959 75
8645 70
261|11
3897 71
16 71
2060 70
296 77
2723 69
1682 71
4085 70
2194 70
7361 73
4238 70
58559 74
262|12
708 70
539 70
457 71
322 70
339 70
85 70
26 70
17 70
213 70
273 69
593 71
728 70
263|20
223 71
150 74
500 71
2987 72
2953 68
110 76
4226 74
8370 70
1197 75
7458 70
708 71
1111 70
2125 70
6942 71
5013 70
163 70
457 75
8636 71
1967 70
2085 71
264|12
7841 70
1376 71
151 70
5816 72
1907 70
1320 70
1917 70
150 72
3578 71
1090 69
253 70
1876 70
265|20
3807 69
316 69
253 69
1302 71
724 70
1240 73
3504 70
230 70
3831 70
1956 70
3098 70
529 71
1270 75
3791 70
1177 70
2322 69
1488 69
2474 69
1198 76
1962 70
266|20
476 69
2812 69
2700 73
2278 71
24 70
2770 68
2702 69
64 70
1405 68
2580 71
1527 75
2167 70
457 72
1580 68
2300 72
1923 76
2094 68
132 70
2571 79
2097 69
267|12
2858 69
593 76
1175 70
3006 70
1302 72
3999 70
3113 70
1093 70
589 79
2571 76
923 71
3996 70
268|20
1641 71
587 68
1125 70
1911 69
2802 69
1036 69
1370 68
50 72
2064 71
1784 68
1912 71
1966 70
454 69
1234 71
2247 71
1394 73
2829 71
802 71
260 72
2858 74
269|6
724 70
743 70
95 70
1 71
63 70
648 71
27|20
1196 73
2478 70
2640 72
3508 70
3555 70
1201 69
3519 70
969 70
2080 71
673 69
2886 70
2529 71
1387 73
1101 72
1947 69
1250 71
1276 71
3114 72
1083 70
3809 70
270|8
661 69
62 71
79 69
628 70
14 70
1356 71
141 70
25 70
271|9
3897 70
32 71
2791 70
969 70
6787 70
2858 70
55765 69
1320 70
2288 70
272|7
177765 70
1240 70
51662 70
122922 70
49272 70
158238 70
6365 70
273|11
440 71
593 73
500 70
608 71
223 71
111 70
150 73
21 69
466 70
235 70
520 69
274|20
50147 69
2947 74
3037 76
1645 74
4951 64
2036 70
1359 68
35957 67
553 68
76293 67
3918 70
1503 66
45431 69
4816 68
54999 69
5667 69
4876 60
56805 68
1921 73
54004 70
275|20
1784 74
2289 77
5884 69
1171 71
357 77
1912 75
2539 72
235 74
4886 70
2572 66
2355 72
3253 68
1192 71
926 76
111 86
2100 71
3089 75
1393 71
1719 77
1392 70
276|9
673 70
356 76
466 70
104 72
631 70
648 72
2 71
1367 70
344 69
277|6
637 70
736 70
656 70
1 71
780 71
260 71
278|5
2371 70
1347 70
4002 70
318 77
2369 70
279|20
134130 71
1101 71
166528 71
90405 70
61132 70
79132 74
56782 72
97913 71
1608 70
4226 75
59315 72
88129 72
54286 70
1258 74
8665 70
58559 74
4993 80
8376 70
107406 70
1200 75
28|20
27450 69
60943 69
61011 69
63033 69
5617 69
59369 70
60046 69
507 69
3300 67
55094 70
59018 69
26695 69
2951 69
3006 69
2231 67
5418 67
26812 69
2058 67
353 69
61167 69
280|20
92535 70
344 68
262 71
3146 70
4239 70
4447 71
8638 70
919 73
72641 72
86817 70
8368 72
49530 72
6863 70
35836 70
55052 71
54503 71
4246 71
48516 74
1911 69
3916 71
281|5
46578 70
8361 69
35836 70
3897 70
3861 70
282|20
5995 74
3977 66
3263 72
25 72
6708 72
2683 71
4718 68
6711 73
5481 70
6863 70
5669 72
3752 71
588 77
80463 75
1921 72
1193 79
4369 70
48322 70
1194 70
784 69
283|7
1580 70
39 69
1704 71
356 74
586 69
2082 70
805 70
284|18
474 71
173 69
2 71
296 71
15 70
348 70
248 70
318 76
47 71
353 70
275 70
44 70
339 71
367 70
276 70
165 72
637 70
235 69
285|8
1193 73
949 70
1247 72
6978 70
113207 69
4447 70
441 71
296 74
286|20
454 70
778 74
5989 73
1333 70
165 71
500 71
7438 74
2294 70
4993 77
4995 74
7361 76
70 72
4980 70
1258 74
4963 73
1097 69
4848 71
539 70
377 68
110 74
287|20
3160 71
3578 61
223 70
2633 70
1059 69
586 64
3005 69
532 70
1193 69
2599 70
2028 65
1485 63
3826 62
2081 66
8949 69
2012 68
101 71
4034 70
2422 69
2115 69
288|20
4473 69
4966 69
1008 69
2867 72
42015 70
141 61
2571 71
13 68
53519 69
2407 65
5418 64
3916 69
2347 69
2528 60
30810 72
575 66
32587 69
587 63
2517 65
8361 66
289|24
3 69
16 69
235 69
266 69
594 69
708 69
750 69
1080 69
1101 69
1208 69
1220 69
1258 69
1917 69
2012 69
2174 69
2710 69
2797 69
4322 69
6125 69
6327 69
6453 69
7025 69
7028 69
26704 69
29|17
98961 70
7379 70
1250 72
1201 72
111362 70
48516 72
1100 69
26554 70
3441 70
4327 70
2872 70
2301 70
1617 72
3681 71
55820 71
4223 70
99114 71
290|20
1228 77
1299 77
2494 70
2739 70
608 84
2130 71
908 80
341 69
1447 70
342 70
1056 71
1719 76
953 80
928 72
1394 80
2648 70
475 72
2731 73
1357 71
2385 70
291|7
40815 72
122892 71
106489 70
134853 71
7153 74
88125 72
1 72
292|20
520 66
103339 69
122900 71
4896 75
2291 68
474 71
85056 70
46972 68
95167 70
164909 69
3176 66
3476 70
1608 69
31221 68
1101 71
3985 70
3984 70
1017 70
69844 73
231 70
293|5
1682 70
1673 70
344 68
1617 71
1097 69
294|20
416 70
3869 65
1064 60
2794 71
610 68
2133 61
1391 69
3868 61
1129 61
520 48
3387 66
355 55
2378 64
3693 62
785 58
2193 71
2367 69
2458 58
348 57
3501 62
295|9
1221 73
3198 70
1287 70
1213 73
4351 70
1198 71
858 76
318 79
2329 74
296|6
160848 69
2028 73
169034 69
4144 71
50 75
2324 73
297|15
832 69
543 69
1645 69
111 72
454 70
1089 70
6 70
1249 71
1047 69
1370 68
1488 68
150 71
170 69
1092 69
866 70
298|20
57640 69
95510 70
6811 70
8370 70
8807 71
63131 69
6881 70
3785 71
122900 70
103042 70
6294 70
2167 70
2005 69
6006 70
653 70
55995 69
3018 70
69757 69
103772 70
3825 67
299|5
3793 70
1387 70
188 70
1198 71
1214 70
3|8
5764 69
647 70
6835 69
5919 70
2851 70
2288 70
5048 71
4518 70
30|7
5952 77
108932 70
1200 71
91529 74
116823 71
112852 73
1198 77
300|32
318 69
356 69
527 69
593 69
1172 69
1704 69
2028 69
2324 69
2329 69
2571 69
2762 69
2858 69
2959 69
4848 69
4973 69
5995 69
6016 69
6711 69
7361 69
8950 69
48394 69
56174 69
63082 69
79132 69
81591 69
92259 69
99114 69
109487 69
112183 69
112290 69
112552 69
112556 69
301|20
21 69
357 69
2490 70
6711 72
589 67
8949 71
837 70
3948 69
364 70
527 74
5989 72
4963 70
608 74
292 69
3578 71
3897 71
4226 75
3753 67
1393 68
1792 70
302|7
480 72
14 70
3 70
25 70
648 69
707 70
110 73
303|11
5378 70
3703 72
1127 71
5544 70
1196 75
3471 70
1580 73
1394 71
2683 69
920 70
1358 70
304|20
314 71
2571 81
2433 69
10 72
1376 75
480 84
1373 67
1777 71
1270 84
1517 75
151 70
356 87
208 67
474 72
1214 78
1375 71
640 68
1722 69
185 68
2701 68
305|20
74624 69
140627 69
87869 71
919 72
1197 83
106100 76
138210 72
788 69
7482 71
80590 70
103075 70
903 70
6537 71
93840 75
54736 70
592 72
2288 76
58803 73
55276 70
1272 71
306|20
5784 69
68954 70
69644 69
6377 70
95543 70
81847 70
111743 69
85367 70
168418 70
167018 70
72998 69
122904 70
69406 70
85788 70
4963 69
115664 70
134368 70
112852 70
161634 70
133419 70
307|20
2190 69
4181 69
31424 69
49314 69
5010 70
7845 70
3392 70
1220 69
6793 70
6483 69
2332 71
56003 70
1991 70
3273 68
4876 72
3421 72
1409 71
413 69
4447 66
52867 69
308|20
2959 55
45517 69
96821 68
72998 66
318 58
2 68
904 67
589 59
8961 66
56152 69
56367 66
5618 70
36 70
410 70
79132 61
4993 65
8464 66
1221 60
2248 68
6 66
309|20
2202 70
1645 69
898 72
1682 70
296 74
1089 72
1269 71
7153 72
6947 69
8340 70
1104 71
7218 69
25886 70
1219 73
8154 70
971 70
1944 70
6365 69
1262 71
2762 72
31|10
1198 72
1200 70
648 71
1363 70
1073 70
1036 70
1197 71
377 72
1246 70
1270 72
310|13
6863 70
6947 70
1101 70
6503 70
2524 70
2457 70
5899 70
733 70
246 71
3254 69
1223 71
1080 70
2671 70
311|6
6561 69
5992 70
1517 69
6461 70
1407 69
2706 70
312|20
5816 68
1375 69
3499 71
589 79
2454 70
1358 73
4878 71
4103 70
3793 69
2028 78
1371 68
4121 70
2366 72
2747 70
4105 70
5446 70
2699 70
2529 73
1350 71
1356 71
313|20
4980 68
170 72
3917 71
2455 73
5544 70
541 76
2193 70
2000 69
6 73
1968 71
1089 80
1301 70
1240 72
3175 71
4865 71
2005 69
2167 72
1375 68
2087 70
2530 67
314|20
7 69
1042 69
44 68
165 68
457 72
293 69
597 69
329 68
442 67
26 70
830 70
728 70
618 69
107 69
536 70
10 67
1376 69
153 67
208 67
150 72
315|7
1262 70
2729 70
2529 70
2067 70
2553 70
909 70
902 70
316|11
1748 71
253 69
3968 70
158 69
5445 70
3751 69
7438 70
6874 71
48 69
3882 69
2572 70
317|20
133115 69
73321 69
91529 73
74545 70
7445 70
1213 77
48774 73
4262 74
1884 74
5989 75
3578 77
4011 76
68358 71
1208 76
72011 70
3897 72
3499 70
96829 71
116797 72
56782 72
318|20
26713 69
81191 69
90245 69
111817 69
127180 69
145080 69
150696 69
7445 70
1090 72
116799 71
82459 71
48385 72
2294 71
64839 71
88125 71
109487 73
4021 70
33794 73
54286 70
89753 71
319|7
115617 71
6377 74
356 79
136864 70
1221 72
122904 72
110 73
32|20
236 70
314 70
1356 71
357 70
224 70
627 70
1079 71
1084 71
318 77
761 70
1197 72
849 69
912 71
880 69
1198 73
58 71
203 70
608 74
497 70
410 69
320|5
72998 70
71535 70
31184 70
59315 70
1013 70
321|12
587 71
356 73
160 70
592 69
597 70
780 71
339 71
355 70
410 70
3 70
500 70
457 72
322|20
2882 70
1968 69
2542 70
58559 72
2788 70
2146 70
2617 69
2918 69
778 70
2599 70
4027 70
4993 72
1230 70
51540 70
1 71
1617 70
1923 70
4010 70
11 70
1035 70
323|20
377 70
480 69
356 73
1094 70
161 70
115569 70
1198 72
29 70
551 70
22 70
318 76
112183 69
253 69
111659 69
3257 69
260 72
150 71
329 69
342 69
266 69
324|5
2764 70
3972 70
3864 70
3949 70
3897 70
325|20
2848 69
235 72
2986 68
262 70
1573 68
2596 69
1584 68
1217 72
1676 68
4714 70
3770 69
3261 70
2894 69
2155 70
1279 71
1614 69
3994 67
2268 69
2915 69
5008 70
326|20
8665 73
47610 71
20 70
2858 76
86882 71
5418 72
4973 76
133771 70
48774 72
2324 74
1293 70
2692 72
72605 70
70159 70
54286 73
5446 70
6591 70
4226 76
105844 70
31410 71
327|10
3301 70
150 73
858 73
1923 71
51255 69
48516 71
1304 70
765 70
6888 71
2706 71
328|20
2687 70
112852 66
70286 69
1196 72
457 69
364 64
80463 67
3489 66
318 69
595 68
5349 67
2542 69
1219 69
35836 70
3751 69
79091 67
7153 70
596 71
2398 71
1148 69
329|5
130482 69
136850 69
858 64
1884 69
750 68
33|20
110 75
17 71
2396 72
2272 70
448 70
428 70
265 70
1280 71
1177 70
1617 73
50 76
261 71
11 71
452 70
345 70
608 74
150 75
1188 70
800 71
2690 70
330|20
5378 63
316 68
1639 69
2918 75
919 70
3949 77
3535 70
5349 71
380 67
1676 63
2502 78
3703 69
1682 74
2683 65
1206 78
1721 70
2791 71
2081 68
8874 76
592 70
331|20
8874 73
6157 66
88125 72
6539 73
3897 72
4446 69
7361 79
50872 72
4995 74
4306 71
6874 77
5502 68
3911 71
608 73
4447 68
593 76
3751 71
8665 70
4367 67
2959 84
332|20
47 75
1653 73
1258 75
316 70
8983 70
431 70
97757 69
2291 72
1835 70
356 78
5502 70
4308 70
1203 74
1682 72
1249 71
76251 70
2905 70
318 81
2294 69
32 75
333|5
3785 69
3752 69
3616 70
3615 70
3646 69
334|20
55820 69
1196 71
1580 70
1291 70
3996 69
589 71
30810 70
4027 70
1 71
64957 70
1625 70
50601 70
44195 70
27416 70
6867 70
2997 70
293 70
480 70
5378 68
51935 70
335|6
780 70
592 70
356 77
296 74
2699 68
2001 70
336|12
1267 70
1 73
38798 70
33660 70
1784 72
2001 70
2268 71
293 74
1625 72
4886 73
50 78
150 73
337|16
318 76
47 71
16 69
805 70
1393 71
266 70
667 70
168 72
784 71
65 70
110 73
708 71
25 70
1356 72
277 71
786 71
338|8
189111 69
190207 69
190215 69
190219 69
7153 71
593 75
187541 70
185029 70
339|20
72641 71
5445 74
84152 72
96079 73
106072 70
69122 74
5617 72
41285 71
56869 69
48322 70
65216 71
91630 71
86504 71
91529 75
83613 70
4993 79
3470 70
102407 72
2028 82
5952 78
34|18
780 71
2273 69
3717 68
26606 70
45499 69
3996 69
4310 68
3624 69
31685 70
1721 68
5146 70
7090 70
70 71
2006 69
3000 71
4306 70
27728 70
3997 68
340|28
10 69
110 69
150 69
153 69
161 69
165 69
185 69
208 69
253 69
288 69
292 69
296 69
316 69
318 69
329 69
344 69
349 69
356 69
454 69
457 69
480 69
589 69
590 69
592 69
595 69
648 69
780 69
1356 69
341|11
2335 70
3624 70
130087 70
1370 70
135137 70
117529 70
5459 70
45672 70
1 71
47099 70
4025 70
342|14
2683 68
2598 70
2881 70
2369 69
1268 70
2605 70
2599 70
1198 71
3157 70
3826 69
2428 69
2827 70
3863 69
1959 70
343|12
858 76
3000 71
48394 71
4226 74
4878 72
3993 70
2571 78
1617 70
31658 72
55363 70
55820 71
296 78
344|14
111362 71
380 72
316 70
2628 72
4226 70
2571 75
4014 70
2012 72
4034 70
260 75
2541 69
4973 71
5418 71
2712 69
345|13
1019 70
2539 70
926 70
5902 70
8810 70
344 69
5707 70
2366 70
56949 70
3649 70
6658 70
3489 70
412 70
346|20
3174 70
778 71
608 74
6711 71
6286 70
306 71
7323 70
307 71
3535 72
1212 71
357 69
3949 71
714 70
7937 70
7396 70
5878 70
1120 70
1131 70
3627 70
7115 70
347|9
434 69
590 71
39 70
150 72
454 71
380 71
587 71
317 71
457 73
348|11
318 82
2324 74
4368 70
1213 76
6016 73
2959 80
6893 70
4973 75
1221 77
1960 71
2019 73
349|8
10 70
161 71
589 72
381 70
349 71
231 69
588 71
509 70
35|5
11 71
185 70
595 71
21 69
300 70
350|8
852 70
7 70
637 70
648 71
733 71
12 69
858 70
661 69
351|20
88932 69
87222 70
73344 70
52579 70
2231 71
88744 70
43836 70
79132 75
597 71
58559 75
12 70
8914 70
8950 71
63082 72
6214 70
90376 70
84152 71
480 70
4878 73
1193 73
352|20
72998 75
71745 68
1801 71
34319 72
2600 71
65682 70
1080 74
79695 70
110730 71
38038 70
130490 71
97752 72
1214 73
94864 71
41566 70
56587 70
44191 77
114935 71
59315 74
47610 72
353|18
552 69
25 70
267 70
216 70
367 68
288 69
144 70
186 69
333 71
266 69
112 69
198 70
234 69
145 69
293 71
158 68
163 70
296 74
354|20
1610 72
4306 74
2692 72
3147 75
47 75
903 71
733 71
3977 68
1225 73
35836 71
648 71
44191 74
8665 73
1917 70
7147 71
1923 71
589 75
2959 79
4718 69
1196 76
355|6
316 70
1580 70
3035 70
3175 70
317 70
916 70
356|20
2248 72
52435 70
52975 70
7122 69
44889 69
1641 71
2706 71
4011 76
802 70
7323 71
2502 76
56367 72
1223 72
55118 70
3949 74
3996 72
1246 75
1466 72
223 74
7153 76
357|20
4354 69
8998 69
27329 69
2804 77
595 76
529 72
4663 70
4091 70
1224 71
1242 73
34 71
208 69
58559 80
6296 70
30793 71
1042 70
2100 71
551 72
471 72
2067 71
358|9
26095 69
605 70
5066 70
52328 70
2226 69
42728 70
7361 71
69844 70
36525 70
359|15
405 70
1092 70
1101 70
51412 70
648 70
296 73
1097 69
2396 71
2424 70
593 73
2701 68
2942 70
1682 70
2530 69
4995 72
36|12
5171 70
3066 70
552 69
4025 69
1262 70
2735 70
2359 70
1372 69
1278 70
2194 69
3347 70
1704 69
360|5
1422 70
1620 70
1488 70
1711 70
1414 70
361|20
47099 69
1580 68
377 70
1552 70
49272 69
1263 69
53125 70
589 67
49822 70
8360 69
318 71
2529 69
5218 70
6188 70
2422 70
3082 70
1732 67
1370 70
46972 70
7458 70
362|20
1945 71
592 70
6539 72
51540 72
5989 73
637 71
70 72
7153 78
1252 73
44665 71
407 70
6874 75
2959 83
1196 80
1208 76
8961 73
48516 76
7438 75
356 78
1201 74
363|6
1552 70
1732 69
1517 68
296 71
653 70
318 74
364|5
858 70
9 70
783 71
376 70
1 71
365|20
59315 65
81229 69
128975 69
6874 63
90345 69
158872 68
129354 68
103075 70
135536 69
70286 65
112852 66
76077 70
112818 69
1777 69
6502 65
155820 70
541 71
95720 70
93270 69
135569 70
366|7
116797 71
59315 71
33794 71
91529 72
2028 73
122882 71
7438 71
367|20
926 73
3061 70
1270 80
1287 72
486 70
3536 71
3824 68
2384 70
3072 72
898 73
3618 70
3225 70
2248 73
3157 70
3969 70
3717 70
1259 76
4023 70
1196 79
1258 73
368|20
3753 67
2112 69
1944 70
2986 64
3869 68
1214 69
2947 70
415 67
3035 71
832 66
50 77
2819 72
1801 69
2490 68
1917 54
1391 67
2193 67
225 68
161 66
2881 69
369|20
1256 69
785 70
47 73
2706 69
839 70
377 69
52973 70
743 69
4214 69
5418 71
3863 70
1372 69
27904 70
60069 71
2857 70
1967 70
150 70
2011 69
1580 69
3174 70
37|5
344 69
356 75
661 70
329 70
457 72
370|19
4011 71
4878 71
8961 71
6377 72
2628 66
1748 71
2116 70
589 69
2329 72
7438 72
3977 69
1676 71
593 73
4973 73
4226 73
1240 68
1089 71
8636 69
2716 69
371|9
2571 73
112512 69
1258 71
4090 70
56715 70
3000 70
4226 72
4993 74
1748 70
372|20
335 69
924 73
318 81
1603 69
1479 69
589 79
81 70
387 69
616 70
337 71
1220 73
1201 72
165 71
1243 71
1258 74
377 71
1401 70
450 70
1206 74
1306 70
373|20
216 69
60 68
169 69
350 69
585 68
44 65
371 70
163 68
616 70
198 69
265 71
25 70
6 70
733 70
47 71
2 66
736 67
305 71
357 70
141 69
374|7
296 72
208 69
1219 69
480 71
592 69
1258 70
1339 70
375|7
344 69
1027 70
32 72
2628 69
3256 69
4226 71
500 69
376|20
91535 70
2002 70
1214 73
1101 74
2916 72
33794 73
1198 78
349 72
1371 69
376 70
1240 74
1375 70
4993 74
858 74
457 77
4226 72
5952 74
344 68
2763 71
2797 73
377|20
4942 69
2793 70
1262 71
2791 71
748 70
1345 70
5027 70
5113 70
27692 69
3421 70
6021 69
3364 70
2072 70
8641 70
2163 70
92760 69
2858 72
1503 70
2124 70
2015 70
378|10
33794 72
7153 74
48516 74
3114 71
858 74
68954 73
91529 72
71535 71
90600 70
364 72
379|8
318 75
377 71
19 68
292 70
480 73
367 70
597 70
344 69
38|16
434 68
39 68
223 70
161 70
246 70
168 69
273 69
480 71
356 74
457 72
364 71
50 72
500 68
300 71
551 69
21 69
380|20
60818 69
172875 69
172881 69
172887 69
355 68
6979 74
5476 63
2735 70
68194 70
63433 70
72356 69
105731 70
1833 72
551 80
6731 74
27831 73
1665 70
393 66
140956 70
2791 75
381|20
2085 72
1088 72
3253 69
185 66
317 70
27808 70
1240 65
19 63
3753 67
4321 68
72011 72
3082 71
333 71
2140 69
1385 71
2273 66
1208 68
457 70
104 69
2716 70
382|20
1204 70
142372 69
135532 70
1201 75
112171 69
1198 81
912 75
81847 72
4638 69
63540 69
1681 70
170289 69
103042 71
72737 71
2496 70
357 73
81537 69
59501 69
101362 70
4890 69
383|7
2436 70
2541 70
2496 70
1584 70
2558 70
1246 70
903 70
384|14
3527 70
1388 69
2683 70
2502 71
4333 70
3098 70
4396 69
457 72
358 70
968 70
2724 70
296 73
3991 70
1204 70
385|20
736 66
1080 73
249 70
1219 73
1036 73
1136 77
282 69
1073 72
1200 74
1228 72
1022 69
1007 69
1201 73
1246 71
344 67
589 77
1023 71
1287 72
594 71
1303 70
386|14
110 69
410 69
112 70
165 68
223 70
648 68
185 68
608 73
485 69
305 70
44 68
585 70
349 70
10 69
387|20
4393 69
5156 69
5780 69
7336 69
26124 69
40966 69
2712 75
5062 70
1247 76
5489 69
4195 70
7132 70
2946 69
1387 74
3000 78
51939 71
4995 67
912 73
7938 69
1783 69
388|6
6158 69
63239 69
33615 70
86298 70
62999 70
8360 70
389|7
17 70
140 70
628 70
762 71
743 70
95 71
32 71
39|20
2571 80
2391 71
1921 72
1862 70
1219 72
1907 71
2081 70
2459 70
924 75
2529 73
1729 70
47 74
260 82
2080 70
592 71
296 80
3213 70
610 70
589 78
596 71
390|17
6344 69
64957 70
4239 71
5220 70
1193 72
2571 72
9010 70
2291 71
5296 69
4226 73
7254 70
6377 71
63062 70
1206 72
2329 72
4014 70
1784 69
391|20
5575 69
500 67
3994 64
1213 84
516 69
199 70
4027 79
150 73
1408 72
4014 72
1527 73
1059 71
2916 72
4973 80
357 75
555 75
5026 69
4936 71
1210 75
3067 71
392|5
3004 69
2858 71
707 70
1198 71
1125 70
393|20
91658 73
102125 72
48394 73
36517 71
8636 71
110102 71
44199 72
5388 71
54259 71
4848 70
5669 71
1291 73
68848 70
86190 70
2571 82
1206 70
122892 71
106642 70
1625 70
106489 70
394|5
588 70
316 69
344 68
225 70
457 71
395|13
329 70
1025 70
296 71
160 69
208 68
173 70
485 69
355 69
520 69
595 70
126 70
48 69
367 68
396|6
1276 71
1597 70
1777 70
44 69
204 70
2081 70
397|5
4017 70
8645 70
1701 70
8228 70
6993 70
398|10
6408 69
1197 71
5971 71
7022 70
1198 71
60069 71
2455 70
1136 71
48516 71
82459 70
399|8
1198 74
110 74
5445 71
1196 76
593 75
480 73
1270 74
2194 70
4|20
106 69
1291 72
3408 71
265 69
52 69
4347 70
2467 70
908 75
345 68
1304 75
1923 72
2959 63
368 71
1219 73
4765 70
1199 72
4166 70
1732 68
21 71
2858 69
40|20
440 70
454 71
588 71
339 70
158 69
432 68
431 70
186 69
616 69
514 70
21 69
592 69
1 72
223 72
585 70
216 70
104 70
371 71
111 70
267 70
400|9
608 74
356 80
2571 82
2959 80
7153 77
1221 75
3578 75
858 79
59615 70
401|15
5952 70
6297 70
55768 70
48982 70
166461 70
49274 70
50872 70
32031 70
79091 70
170939 69
38038 70
8360 70
3114 70
33615 70
1136 69
402|10
1084 70
597 71
52 70
329 71
296 70
586 70
315 70
1036 71
434 69
527 71
403|7
110 72
2427 70
3210 70
296 74
61465 70
1663 70
180 70
404|12
204 69
349 71
474 70
34 70
364 72
508 70
105 70
593 72
509 70
277 70
315 70
185 69
405|20
70708 69
293 72
7254 71
37731 70
2959 78
345 71
1213 74
7134 69
64614 71
6023 70
1241 70
2329 74
1247 72
3052 70
68237 71
1199 73
27592 70
27664 70
3418 71
1215 72
406|5
1586 70
135 69
56949 70
46972 70
724 69
407|5
7153 75
2959 74
6539 72
1240 71
54286 70
408|20
1198 75
122904 72
44840 70
165101 70
6618 70
1291 73
1210 77
89745 73
1278 71
7324 70
44 70
8641 71
115210 71
103596 70
68554 70
2571 80
109487 73
63131 71
80489 70
4649 70
409|20
2485 68
2490 69
2028 75
3812 70
1278 74
2997 74
296 78
1078 69
3016 70
1073 73
2683 71
2289 73
3846 70
912 77
2013 69
1911 70
2352 72
1230 74
2541 70
3174 68
41|20
96829 70
64839 69
122882 68
6287 70
1569 70
106920 70
86781 70
3160 72
1721 69
2028 65
6763 69
5418 67
53519 69
122904 69
55247 71
924 71
4011 69
2324 71
35836 68
5995 70
410|20
389 69
3224 71
318 73
2302 70
4002 70
1060 71
4297 70
3263 70
1859 70
111 74
58 71
2145 69
3255 70
2321 71
3504 72
3948 67
11 71
4019 70
3 71
597 68
411|20
508 70
261 71
586 69
432 69
353 70
431 70
194 69
318 78
272 70
515 70
356 77
266 70
257 70
349 71
10 70
31 69
344 68
227 70
455 68
122 70
412|20
2828 70
2384 69
2915 70
903 74
608 75
2720 69
2858 72
1883 70
1307 72
1214 73
1784 69
2239 71
1 73
930 72
1136 74
2710 69
915 70
2398 70
17 72
1079 74
413|12
2706 73
1198 73
3753 73
2424 71
593 77
128360 71
4993 74
16 72
5574 70
3948 72
64957 71
2959 77
414|20
4458 69
4666 69
5285 69
5635 69
6033 69
6493 69
6563 69
6628 69
6797 69
48319 69
58879 69
169992 69
3802 69
3599 69
1600 70
8666 71
4975 69
7444 69
4081 69
177593 70
415|19
296 82
1213 75
4321 69
3507 70
4308 71
47 75
1021 70
111 74
2617 69
1276 72
3861 69
4369 70
99114 72
1221 76
63082 72
1234 71
45722 69
1197 74
175 71
416|11
5952 67
5951 70
531 71
1296 69
1199 72
1721 68
830 70
1206 71
7323 70
4848 71
3677 70
417|14
778 76
4995 76
4975 71
7254 71
1198 74
106782 73
27773 72
168250 70
1625 72
7153 80
74458 75
110102 70
48394 71
4878 76
418|19
356 79
296 83
63082 74
104374 71
1276 71
1136 73
117176 70
1573 67
137337 70
1682 71
5816 71
88125 70
74458 73
367 67
89745 71
45672 70
87869 70
7361 75
54001 69
419|20
4093 69
111 73
46976 71
27822 70
2858 77
319 70
6287 70
3578 78
1213 75
64969 71
47 76
79592 70
34319 71
89580 69
60756 70
27704 69
90943 69
2412 71
1240 69
52245 70
42|20
3869 69
4654 69
1021 65
2423 70
3248 68
4477 70
2500 71
1431 68
195 72
3326 70
2407 69
1090 78
2735 69
3693 70
1020 70
4545 70
4132 70
2263 69
3535 66
2805 70
420|20
1161 70
4993 74
45499 70
923 71
26693 69
48385 70
1927 70
5608 70
2052 70
6934 69
7022 70
3979 70
59295 69
2329 74
54259 70
1131 70
2762 73
4973 74
5669 70
527 76
421|8
2858 73
909 71
5008 70
953 71
1178 70
2313 70
2478 70
1203 71
422|19
2539 69
2710 68
4947 70
4971 70
5039 70
4925 69
2581 70
4916 70
1265 72
2804 70
3053 70
2665 69
1283 71
4835 70
2908 70
3943 69
1213 71
2670 70
858 72
423|5
1653 70
110 74
2194 70
5349 69
1320 70
424|20
1193 72
141 70
2804 69
40278 70
608 72
108729 70
293 71
69122 70
1092 70
54503 71
58559 72
3186 70
66097 70
778 71
5679 70
3176 71
2288 70
2174 70
71668 70
112556 70
425|20
45517 70
377 67
2329 76
733 71
6 71
1645 72
8368 71
2081 67
4306 72
1680 69
1909 69
367 66
46723 70
1625 72
1036 71
4901 70
750 72
2353 70
1342 69
145 70
426|18
59784 69
150 75
471 71
337 70
54001 72
1197 71
6378 71
72641 71
4886 71
8644 71
37729 69
597 73
5444 71
91325 70
588 74
3247 70
4022 70
79091 70
427|17
4887 69
5463 69
5015 70
110 71
58 70
5528 70
6348 70
5312 70
2710 69
5696 70
4993 73
5266 70
2683 69
5400 70
5816 70
1208 72
5574 70
428|20
2471 65
2762 61
3827 66
1089 71
2953 62
2916 59
1380 58
1997 69
3440 64
4022 65
317 58
4255 64
1208 73
1391 68
6377 68
2581 63
260 61
3285 70
588 59
653 64
429|12
339 71
421 70
150 73
225 71
165 71
266 69
329 70
252 71
279 70
317 71
237 71
204 69
43|20
225 71
296 71
596 72
588 74
587 74
420 72
158 74
631 70
5 71
597 73
168 73
355 72
47 71
367 71
519 72
594 71
236 70
1 75
60 72
259 70
430|12
923 70
2987 70
3745 70
6287 70
2858 71
6365 70
2571 73
4447 70
4014 70
329 70
2076 70
4446 70
431|5
172 68
1625 70
1376 70
3948 70
802 70
432|20
1831 69
5630 71
6870 71
8640 70
6539 72
3916 71
5989 73
84189 69
110 74
35836 70
4886 74
2762 73
1206 71
49272 71
19 67
318 82
58559 75
69481 71
7158 70
33660 70
433|5
91529 70
1089 71
50 72
5299 69
110 71
434|20
1136 85
3147 78
1090 76
1265 81
5989 76
1101 69
1779 70
586 66
344 67
3863 69
1208 82
3160 73
589 80
780 62
6796 71
2791 74
4226 86
2194 74
8665 70
1291 80
435|9
2353 70
44191 72
485 70
3510 70
34405 70
2302 70
158 69
82459 70
48780 73
436|20
204 69
435 66
440 70
432 67
161 71
480 70
377 69
531 70
536 70
502 69
364 72
235 70
371 71
344 67
2 69
585 69
450 70
587 70
437 69
227 69
437|20
748 69
318 79
5 70
640 70
1299 72
1120 70
1396 69
1246 72
454 70
1171 70
1225 73
1183 71
1097 74
1307 73
1268 70
592 70
198 70
155 69
112 69
246 72
438|20
7154 66
2501 69
8966 69
27801 72
1527 75
6711 76
3898 69
1784 74
8644 72
6367 67
2424 70
3889 67
223 68
1517 74
7361 76
2641 70
5009 70
2617 72
3753 73
2393 69
439|5
356 75
4022 71
7153 74
78499 70
1240 71
44|10
36 70
663 70
12 69
661 70
94 70
1 72
104 70
112 70
494 70
889 69
440|7
8690 69
541 71
29 70
1653 70
1274 70
3174 70
1235 70
441|9
589 73
2683 70
2959 74
4306 73
260 76
296 74
51255 72
47 74
68358 72
442|5
2908 70
2881 70
1186 69
3752 69
4361 70
443|8
2329 73
79132 73
296 75
48394 71
106487 70
108190 70
7153 73
63082 71
444|9
356 75
592 69
208 69
21 70
111 71
110 73
235 70
296 75
344 68
445|16
2028 75
590 71
34405 71
47 75
116897 70
780 69
4011 74
899 70
593 77
33794 72
1080 72
45722 71
17 71
1230 72
306 70
2710 70
446|17
237 70
339 69
300 70
296 73
480 69
368 69
288 69
172 69
17 70
16 70
357 69
150 71
434 68
153 68
648 69
593 73
337 71
447|16
257 70
293 71
337 70
531 70
382 70
589 72
552 70
253 70
362 71
532 70
292 70
31 70
474 70
540 70
442 71
160 70
448|373
2368 69
3284 69
3933 69
6302 69
6476 69
7245 69
48262 69
49688 69
75803 69
75816 69
78116 69
79590 69
86593 69
92198 69
98908 69
100326 69
102819 69
104760 69
108715 69
109191 69
111680 69
113416 69
116207 69
116985 69
129657 69
130083 69
133377 69
136654 69
138546 69
142424 69
151777 69
152658 69
157130 69
158022 69
161290 69
164375 69
53996 69
136778 69
5418 72
288 69
88356 69
2580 70
155358 69
2889 69
4034 69
148888 70
81156 70
2713 71
103335 69
95441 69
34048 68
80126 69
3057 69
1057 70
2794 71
33830 70
8665 70
6059 69
110553 69
90374 70
151501 69
3764 69
6143 70
103819 69
4361 69
104913 70
3986 69
5528 70
1196 73
105351 70
83349 69
3276 69
1090 69
5349 70
587 68
106330 70
4677 70
95508 69
109895 70
110611 69
671 69
2289 70
152077 70
80693 70
111360 69
170 69
87444 70
94323 70
8493 70
3671 71
91653 70
4981 69
2991 70
78034 69
119145 70
5099 70
4299 71
2567 70
6996 69
109864 69
6582 70
73017 71
370 72
543 69
115617 71
590 68
154065 69
5553 70
41569 70
3286 69
6645 69
589 66
1920 70
2857 71
111663 70
78499 71
2657 72
6537 70
1148 70
46974 70
48516 71
80241 70
445 69
4262 70
3689 69
114935 70
6428 70
127194 69
109673 70
127096 70
89388 69
4156 69
3793 71
33679 70
2014 71
64285 70
3968 69
49530 70
3450 68
160563 70
5502 70
8169 70
6314 70
122490 69
3386 71
140725 70
4896 71
2642 69
127136 70
2763 69
2520 69
457 70
48783 70
3263 70
5400 69
5541 70
4011 70
58351 69
127132 69
152091 70
3698 69
435 72
4799 70
84152 70
3401 69
2858 68
3174 70
7076 70
106542 69
6218 71
2860 71
1283 71
3618 70
2616 68
90439 70
2404 69
4660 69
2530 69
26386 69
4327 70
3030 71
71464 69
32 68
91529 70
4158 70
99114 70
98585 70
93326 69
2268 70
80489 70
130576 70
105504 70
2791 72
50601 69
7007 71
4234 70
3623 71
80727 70
78467 70
8641 69
4128 70
106782 70
2537 70
112138 70
3247 70
112818 70
2027 70
3101 70
5779 69
82202 70
1704 70
98296 69
6863 70
89305 70
4203 70
1201 71
6212 69
637 70
84954 70
6814 69
94864 69
67695 70
159077 69
92439 70
6812 70
3156 73
802 71
118354 69
134130 70
138036 70
65135 69
52975 70
4368 69
90717 70
45722 70
79259 69
68157 70
4233 68
74458 70
3258 70
1262 72
3949 70
101025 70
69526 69
1831 68
1083 70
1884 71
1476 68
156609 70
3755 70
111659 71
4734 69
161 71
95201 69
135887 70
2598 72
87232 70
4634 70
5334 70
5459 67
146730 69
72694 69
157432 69
132488 69
4558 69
1375 71
6424 69
71518 70
2716 71
94780 69
3593 67
129354 70
158 69
1409 70
6514 69
2881 69
51662 70
90522 69
68554 70
2126 70
122932 69
93510 70
137857 70
125916 69
2953 70
2090 70
1760 69
480 72
58803 70
2109 69
50792 70
46062 69
85510 70
80864 69
112171 70
122900 70
2587 70
1527 67
117529 70
4993 69
92264 70
5247 70
533 69
912 71
26464 69
2249 70
4678 70
103772 70
114601 70
96861 69
420 71
59615 69
2349 70
109372 70
95207 70
348 70
19 67
136020 69
4502 69
91094 69
138208 70
3511 70
79428 70
2643 69
109183 69
2139 71
4212 69
5942 70
96417 70
112852 70
99728 70
89470 70
142448 70
64983 70
2640 71
2046 70
4881 70
3882 69
3744 69
1032 73
116799 70
5 70
4040 70
157407 69
2115 71
1617 71
4367 67
105254 70
3388 68
3760 70
2146 70
2968 68
6281 71
466 67
96448 69
86332 69
64969 70
115170 69
1036 66
3397 72
2474 69
1408 70
155743 69
106920 70
8542 70
120466 70
2051 70
7143 71
7150 69
89087 70
34150 68
2253 68
2973 70
449|8
1917 69
2502 71
4034 71
1222 71
2770 69
762 69
2011 70
2324 71
45|20
2718 71
1036 83
2028 96
1653 80
1682 80
2396 75
3249 71
261 71
4308 68
329 72
1367 73
2890 71
593 93
1127 71
2431 70
6377 80
569 70
1197 82
1060 75
2858 78
450|11
3977 70
589 72
110 73
3363 70
3535 70
3948 70
3409 70
1035 71
3568 69
358 70
1259 71
451|7
733 70
593 72
7 70
5 69
494 70
25 70
17 70
452|20
4025 74
2858 70
2617 77
5292 70
1206 77
1676 69
3219 70
47 76
3101 73
163 73
1092 71
1917 74
2126 69
1356 77
552 70
2628 80
1200 89
608 76
2707 70
3273 71
453|20
208 70
858 82
2335 72
4022 74
3618 70
1617 75
3452 70
1357 70
112 69
2671 73
1884 72
1894 70
2294 72
318 86
1614 72
3534 73
2959 80
798 69
5266 71
780 73
454|9
7361 72
2692 71
7116 70
55820 70
6016 71
27773 70
2160 70
2858 71
26131 70
455|12
272 70
432 69
367 68
590 72
253 70
364 72
555 70
252 70
110 73
225 70
588 71
597 70
456|9
1407 70
634 70
135 69
5 70
724 70
780 71
733 71
260 72
706 69
457|10
329 69
3593 69
2692 71
1356 71
223 70
2394 70
2701 68
3608 70
733 70
2094 70
458|12
597 71
185 69
10 72
380 72
95 70
454 71
300 70
595 73
153 69
587 71
150 75
552 70
459|6
79132 73
5618 72
8961 71
48780 71
50872 71
260 72
46|9
590 71
588 72
315 70
208 69
1 73
432 70
225 71
434 69
339 71
460|17
89039 69
4886 75
4703 70
3831 70
1441 70
4878 73
3483 70
8970 70
1 73
49272 73
40815 72
85414 70
68237 71
76093 73
47610 71
63082 74
2571 82
461|6
74458 71
2762 68
1036 68
91500 69
3578 68
539 70
462|20
26838 69
89090 69
164655 69
188189 69
1136 69
1219 74
158966 71
1248 72
508 66
1653 67
1674 70
8917 72
8620 71
3424 76
2146 70
7044 70
3814 71
1213 66
82857 69
26131 71
463|7
6377 71
2028 72
4310 70
3753 70
2006 70
1092 70
5995 70
464|20
1370 70
58025 70
63853 70
296 87
2019 72
3527 71
5254 70
7007 70
1101 72
1779 69
377 69
1653 74
55820 72
648 71
33493 72
1610 72
65088 70
74727 70
1617 70
62374 71
465|20
2941 70
2987 72
1200 75
3448 70
5060 71
1299 73
3703 72
3649 69
1625 69
292 71
904 75
3101 69
1754 70
750 76
1256 71
593 79
3732 70
3740 71
3334 71
377 70
466|20
5418 72
30793 70
79091 71
92259 72
5989 73
5459 70
318 78
63082 72
59784 71
5010 71
74458 72
6281 70
5952 72
8529 71
64716 71
68954 73
4993 72
45447 71
81845 72
55247 71
467|22
41 69
58 69
389 69
466 69
527 69
593 69
780 69
1183 69
1233 69
1357 69
1365 69
1408 69
1721 69
2028 69
2125 69
2324 69
2334 69
2384 69
2390 69
2393 69
2394 69
2493 69
468|7
592 69
349 71
1 71
317 70
296 71
32 71
165 70
469|20
3658 69
3832 69
3507 72
3032 70
2736 70
2132 71
1958 75
910 77
1090 86
1485 64
1388 64
2321 69
1234 82
2081 70
1193 88
36 72
2908 78
909 72
2023 69
3255 68
47|20
508 70
68932 70
72395 70
2420 69
597 68
148626 70
5989 68
96588 69
69122 68
6155 71
4975 70
30749 68
106100 69
45950 70
2028 68
4018 70
1259 69
6373 69
33166 69
2407 70
470|16
253 69
318 75
110 73
588 72
282 70
5 69
597 70
32 71
595 72
592 70
500 70
26 70
356 75
357 70
434 68
300 70
471|6
2571 72
8874 70
527 72
1 71
8360 70
7147 71
472|6
58559 72
3450 70
3298 70
2840 70
1221 71
858 72
473|8
4979 70
2959 74
60 70
7147 71
6281 70
3897 70
48322 70
2596 70
474|422
638 69
2179 69
2697 69
4046 69
5114 69
5311 69
5353 69
5455 69
5601 69
6201 69
6273 69
6382 69
6407 69
6592 69
6912 69
7702 69
7826 69
7832 69
7839 69
8057 69
8446 69
8458 69
8459 69
8611 69
8650 69
8774 69
8938 69
1466 70
6708 69
2940 70
2616 71
2334 70
7139 70
4218 69
371 71
750 76
2935 70
8645 71
5481 68
6370 70
25865 69
2553 70
912 79
2467 72
5548 70
7301 70
52967 70
5945 73
480 66
1983 65
3462 70
1068 69
8600 70
6650 70
8482 69
6791 73
4016 76
1784 73
3668 69
3977 72
8961 75
4160 70
30820 70
6984 69
2750 71
5034 69
7716 69
2612 69
4419 69
1300 71
4187 70
1187 70
6565 71
272 72
5440 69
25937 70
1099 70
3125 69
5826 69
5649 69
7256 70
4912 71
6016 68
1208 71
2083 70
3385 68
2310 70
3360 69
3163 70
1413 70
4081 70
1643 70
968 69
2116 69
26965 69
5954 69
1263 73
5116 69
3536 73
8778 70
63433 71
2952 71
318 63
3394 70
1200 72
3384 70
4356 73
932 70
7698 70
516 69
4873 69
48385 67
39869 71
1902 69
2641 76
7036 68
2181 72
4638 70
31116 71
2455 72
2146 65
628 73
3897 74
1030 70
4022 68
344 73
3196 71
92 71
237 70
6770 70
3259 69
3368 68
26151 70
1293 72
34072 69
3044 69
1639 68
5944 68
6539 78
477 70
7361 76
55687 69
58 71
4014 72
3467 70
8154 72
4191 70
2134 68
4644 72
4293 70
5013 71
1399 71
1196 71
2918 67
5899 71
4465 70
100 70
361 69
3341 70
8921 69
195 70
3789 69
4709 68
1588 71
3468 72
4678 69
2723 64
2118 75
1939 70
7019 70
3147 64
1792 70
33903 71
1682 76
41566 72
1693 69
1957 70
5021 70
2313 70
3870 69
948 70
47099 71
3447 70
6614 70
216 63
5619 70
3987 70
5060 73
3111 70
45950 71
32584 70
5525 69
2567 65
5956 70
7 69
1172 73
3217 70
8331 69
587 70
5238 70
1189 71
2416 69
832 75
3095 73
7386 70
1223 71
7058 69
5246 68
5418 75
27803 72
26 70
4002 71
1135 67
45 68
6945 71
2411 55
2520 69
7347 71
5375 69
5673 71
3039 68
7833 69
33781 70
720 70
2103 69
33154 71
608 71
1327 61
101 69
7061 69
5451 69
5682 70
5434 71
6609 69
31658 74
4578 70
2009 69
4704 69
7572 69
4929 69
3306 71
6334 70
5379 70
5437 70
42418 71
4128 68
7451 71
2786 59
2243 74
27846 70
6197 70
3264 71
3608 71
5603 70
6124 70
1222 61
1663 64
3566 71
3755 66
2628 79
4815 72
2089 69
7102 70
27706 71
7013 70
1348 69
45666 72
5755 68
4055 69
2058 70
4462 69
1544 72
2405 71
4998 69
273 69
1977 68
1732 71
7822 69
7073 69
41527 70
4787 73
1676 74
3708 67
6669 72
317 67
25940 69
971 70
7366 72
3115 68
7026 69
2710 73
50685 71
2114 71
3809 66
3516 70
2770 76
535 72
4878 67
5992 71
41997 71
1083 69
4487 70
7293 66
1016 69
2006 75
1007 68
4993 83
3412 71
5007 69
3929 70
6639 71
8712 69
1876 72
3546 69
34359 69
7579 73
7325 69
6837 69
2634 70
7753 70
8943 69
8385 69
4308 69
3246 72
3745 72
1148 73
42002 69
50740 70
3952 70
1927 72
7581 70
910 73
3948 68
54881 72
1284 70
4007 70
5341 70
3675 71
52975 70
6244 70
965 72
454 69
1247 74
7215 70
1282 71
8207 70
6242 70
6502 70
4509 69
3528 71
2391 72
4262 68
4039 71
42018 67
3271 73
976 69
48394 74
5384 69
5168 69
1358 68
6534 70
8773 69
2384 73
48780 70
1269 77
4600 70
2642 71
111 67
933 76
3578 63
5297 69
944 70
6020 69
2123 64
748 71
4896 80
5380 71
53953 71
3712 70
25996 69
1997 68
4464 71
4085 65
51540 69
2707 68
2069 70
6710 70
1488 70
6378 69
928 74
3038 71
7116 70
44511 69
594 71
1962 74
421 69
4316 68
2761 76
4823 67
892 70
1345 70
5294 70
1408 69
6579 70
3272 70
3421 70
3844 69
6787 70
37736 70
2249 73
1610 72
2468 73
3498 72
4902 68
6268 70
5225 70
5404 70
929 69
25999 69
7835 69
805 68
4126 70
475|20
6539 80
4993 81
87232 75
40815 74
5816 75
8644 72
81564 71
4701 70
81834 72
6564 72
68791 70
111759 75
7153 84
1527 72
71530 72
4896 75
106487 72
112852 75
3578 79
82461 70
476|14
594 71
34 71
380 71
158 70
153 69
586 70
440 71
364 74
378 70
357 71
224 70
165 71
296 72
11 71
477|20
34 71
913 73
3100 72
2105 69
1271 70
1207 74
70687 70
2174 75
45672 69
4571 73
3973 70
4226 85
1103 70
5291 71
348 71
3593 67
1 80
1274 76
6502 76
59615 68
478|5
1917 69
3114 70
594 70
1584 70
1101 69
479|20
5365 69
4488 70
524 70
1025 70
3707 68
1220 70
4010 70
3244 70
3526 70
4092 70
1968 71
4700 71
4003 70
3671 70
2671 70
341 69
2012 69
2542 70
454 69
2384 69
48|7
4886 71
1320 70
1527 70
1193 70
3793 72
48 70
1653 70
480|20
43914 69
2700 71
8533 70
2193 55
2797 85
3484 66
2571 85
1210 95
2596 71
8866 71
47610 68
6306 70
5379 74
2018 70
7153 68
3911 78
44191 69
38061 71
5673 73
380 63
481|7
1608 70
1687 70
1629 70
1729 70
1620 70
1597 69
1485 70
482|20
2068 70
8985 70
1036 72
474 71
1042 71
4389 70
780 74
27706 70
3211 70
1610 71
4367 71
1374 71
1220 71
1602 70
653 70
592 70
30812 69
4862 70
8361 69
8529 69
483|20
105325 69
783 65
2541 63
2959 106
109971 69
45722 71
1199 79
50872 77
2000 68
4306 82
69757 76
2683 58
2273 57
1588 67
109487 81
66934 74
1721 69
2328 70
68522 69
8972 64
484|20
93320 69
1438 68
6155 71
6944 71
2706 73
33166 71
6874 70
3697 70
1059 71
76293 70
919 73
2762 72
1821 70
837 71
5810 70
1753 70
3254 73
4718 71
2413 70
3646 72
485|5
588 71
161 71
253 70
292 70
231 69
486|12
653 69
47 71
110 74
153 69
474 71
95 70
288 68
329 71
161 71
318 77
292 70
6 72
487|12
27611 70
8961 69
318 74
1198 71
31658 70
1197 70
6539 70
5445 69
116797 70
4027 70
8874 70
86377 70
488|20
720 70
838 70
608 72
1223 71
26 70
5135 70
2109 70
7720 70
7303 70
4014 71
5995 72
457 74
105 70
1136 74
272 70
1269 71
3176 71
1278 71
1125 70
910 72
489|20
79536 69
86000 69
4848 62
736 65
8387 72
4700 75
45666 67
4720 74
2683 50
2021 67
2389 59
1619 70
950 69
58559 69
2236 69
2167 65
1616 69
247 72
376 71
2717 71
49|5
2028 72
1214 70
139385 70
318 77
527 72
490|20
46578 71
89492 69
81591 70
91077 70
60074 69
5816 69
4144 70
54001 69
1 70
1784 70
7153 70
4993 72
89759 70
86320 69
60128 70
76251 69
8368 70
69122 68
2006 68
78499 70
491|13
106782 71
69757 70
7293 71
27808 70
4246 70
3948 71
104374 70
86833 70
140110 70
8529 70
180231 69
4306 72
88405 70
492|20
736 72
784 71
628 71
858 70
852 70
64 70
990 71
830 70
743 71
62 71
52 70
1499 73
66 70
1210 70
881 71
1474 70
1405 71
724 70
1047 71
65 71
493|13
2985 71
4444 70
2916 71
1275 71
2571 74
1527 70
2028 73
3793 71
2167 70
1215 71
4701 70
2924 70
260 75
494|5
1196 78
4498 70
3578 72
2028 76
1210 77
495|20
140523 69
115149 72
1259 72
1721 72
136562 70
80489 72
19 70
50872 77
231 67
102123 71
52319 72
7254 71
7360 71
8528 74
1645 72
46578 75
30810 70
2918 75
148626 73
56775 69
496|6
1221 70
99149 70
858 71
904 70
8865 69
114713 70
497|11
1193 71
112556 70
112290 70
1916 70
92259 70
2329 70
112552 69
1258 69
2762 68
5349 67
111362 69
498|7
344 69
231 70
648 72
10 71
300 70
356 77
316 70
499|6
1202 70
2337 70
38304 70
327 70
56286 70
1304 70
5|9
515 70
1 72
364 71
608 73
290 70
261 71
34 71
318 76
21 70
50|20
8143 69
114335 69
136564 69
142074 69
171759 69
175693 69
179073 69
175707 69
71264 69
82848 69
1377 68
44555 69
8157 70
6807 70
95543 70
8253 69
96610 68
924 70
32875 69
4896 66
500|18
2599 71
2987 69
543 69
2700 70
2542 70
1265 70
2916 70
356 72
3301 69
1784 69
1914 70
595 70
2355 69
3536 69
1885 70
322 69
838 70
720 70
501|9
6 71
62 71
93 70
45 70
3 70
637 69
11 71
18 70
662 70
502|7
7236 70
1077 70
4412 70
3469 70
2001 70
2520 69
1777 69
503|19
7455 69
7361 72
4878 71
356 73
91500 70
593 74
527 72
858 73
4226 72
1259 70
1342 70
2877 70
92509 70
90866 70
500 69
441 70
48516 71
2858 72
48394 70
504|18
4995 71
5812 70
2321 71
1 72
3556 70
7153 72
6708 70
1288 71
6927 69
4033 70
4700 70
6565 70
342 70
3408 70
6879 70
4361 70
5952 72
5955 70
505|7
1241 70
4105 71
1029 70
74685 70
273 70
6502 70
54999 70
506|9
59258 70
54272 70
37741 70
56782 70
62293 70
51834 70
49286 70
112556 70
61024 70
507|5
165 70
266 69
253 69
377 70
593 72
508|5
2872 70
2011 70
1952 70
1175 70
898 70
509|20
26958 69
130073 69
2028 69
87232 72
33830 70
5313 66
48 69
2090 69
2080 68
6942 72
8907 67
6156 69
5816 72
39 70
3988 67
6807 72
7458 68
1196 72
45447 66
616 71
51|20
7040 69
5620 70
2613 70
4437 71
2023 70
1500 73
522 70
858 77
4508 71
2951 74
1014 70
1407 69
2282 70
2420 72
3388 69
260 78
3186 70
3994 68
3501 71
2371 71
510|20
1882 69
7026 70
35836 70
494 69
1198 73
514 70
457 74
2935 70
858 69
2699 68
317 69
8949 69
2918 71
145 69
1262 71
6787 70
1208 71
372 69
1242 71
40819 70
511|11
2959 76
53953 70
115149 70
164179 70
6534 71
99114 72
92259 71
318 79
2324 72
1653 71
56757 70
512|10
480 71
150 72
349 71
47 72
350 70
442 69
457 72
50 74
317 70
593 75
513|7
5952 72
318 76
2174 69
235 70
1304 71
1220 71
1080 71
514|20
1335 69
5704 69
62586 69
168358 69
180263 69
1704 72
2005 70
2792 68
2013 68
1673 71
134130 69
76093 69
1333 72
58998 71
68157 68
2406 70
3210 70
54503 69
4855 71
1644 70
515|6
33794 72
2028 73
527 74
91529 72
58559 75
2959 76
516|26
260 69
457 69
480 69
647 69
708 69
1042 69
1090 69
1197 69
1198 69
1954 69
1958 69
2021 69
2259 69
2268 69
3052 69
3471 69
4027 69
4291 69
4306 69
4321 69
4322 69
4333 69
4337 69
4349 69
4361 69
4429 69
517|20
4306 66
53125 63
1265 71
165489 69
97938 70
88744 68
86880 67
4148 62
26761 69
3398 70
1293 69
3988 72
2858 65
4963 69
1204 67
1704 68
47629 69
7669 70
1206 68
46578 67
518|5
3101 69
2657 70
783 70
1876 70
6365 70
519|6
1704 72
356 76
140110 70
6378 71
7445 70
1968 70
52|20
152081 73
51255 74
74458 75
1923 72
7438 72
40583 70
59784 72
55765 73
112852 76
86892 70
55363 71
112138 71
49272 76
52245 70
69481 74
50794 69
1704 78
54736 70
44665 73
47200 69
520|20
7266 69
318 79
1049 70
59315 72
4995 72
32 74
2716 76
4333 70
1291 76
1732 73
4085 70
2723 71
3081 69
3994 70
33493 69
135 70
2393 69
60516 70
2406 71
1584 73
521|8
661 69
112 70
86 70
104 70
58 70
79 70
52 70
852 70
522|20
99114 74
81932 70
89492 71
63113 72
2959 84
1193 77
1375 70
4993 80
223 71
27611 69
76060 70
180 70
59315 73
1617 73
10 73
67255 71
2023 70
6187 70
318 85
127098 70
523|15
168252 72
8970 69
5989 74
318 81
91529 74
1721 70
293 73
65261 71
4270 71
3147 73
27731 70
134130 72
31696 71
527 74
101962 70
524|20
1356 73
150 72
552 69
748 69
344 68
442 68
253 69
1225 71
20 69
589 76
1242 71
544 70
173 68
1302 70
380 72
457 75
1020 69
788 68
193 68
466 68
525|20
120807 69
317 69
6863 71
8622 71
33004 69
7147 70
2396 74
40815 72
137337 70
1639 68
1968 73
91869 69
45880 69
2100 70
339 70
4886 74
50872 73
86332 69
8983 70
3996 70
526|12
593 74
55247 71
46578 71
176415 69
1295 70
90430 70
4014 70
2352 70
176413 69
215 70
81845 71
51255 70
527|20
2137 70
3114 76
3210 71
3016 70
2161 73
4571 72
2118 70
3421 72
455 69
2867 71
2450 68
1909 75
1214 77
4299 68
736 71
2477 70
588 75
4016 70
1259 74
2533 71
528|15
4886 72
2278 70
80906 70
4037 70
1240 71
64614 70
3821 71
150 73
1291 71
80463 71
593 75
99813 70
85342 70
48516 72
58559 72
529|5
653 69
135 69
65 69
62 71
733 71
53|5
481 70
1100 70
249 70
1125 70
916 70
530|6
292 70
500 70
300 70
586 70
593 73
11 71
531|5
593 74
590 71
919 70
480 72
1215 70
532|10
1721 70
4863 70
457 74
290 70
1245 71
1242 71
2023 70
2329 74
1304 72
517 70
533|8
1200 72
6502 71
79132 73
46578 71
93840 71
4973 72
2455 71
66934 70
534|20
116724 69
97913 72
94953 70
2003 72
2167 73
7569 71
153 70
1485 73
65514 73
104218 70
344 72
2571 85
5445 74
95875 69
112818 70
82461 69
96610 71
2987 74
138036 71
1566 74
535|6
2571 71
2581 70
2700 70
2688 69
2583 70
2882 70
536|8
232 70
272 71
356 73
335 69
225 70
150 72
434 68
589 71
537|10
80906 70
367 70
7153 74
53322 70
104218 70
97304 70
6539 73
318 77
89745 71
105504 70
538|8
595 72
3671 70
80549 71
4039 70
69757 70
5047 70
44889 69
66934 70
539|8
4306 71
6753 70
5218 71
50872 70
88 70
3301 70
4886 71
69122 70
54|7
296 71
593 71
639 70
1 70
205 70
161 70
500 68
540|9
2598 70
2959 75
1073 71
8874 71
1681 69
2183 70
2841 70
2747 70
1196 76
541|18
590 71
457 73
413 69
15 70
110 72
595 72
597 69
480 72
356 75
203 70
529 70
357 70
22 70
345 70
546 69
586 68
281 70
350 70
542|20
6539 71
30793 69
5299 70
2542 71
34319 70
33679 70
4963 73
5481 67
1997 70
4025 69
3623 68
924 69
4369 69
6378 71
2571 76
7254 70
41566 70
37733 69
7361 74
45517 70
543|16
73881 70
1702 70
595 72
3301 71
231 70
2378 71
2379 71
86882 70
6377 74
588 73
377 73
48385 70
2571 80
4526 70
4388 70
92259 72
544|22
1 69
3 69
14 69
32 69
40 69
62 69
68 69
95 69
116 69
619 69
626 69
648 69
650 69
694 69
736 69
780 69
839 69
1042 69
1047 69
1059 69
1105 69
1356 69
545|5
1438 70
1267 70
2763 70
1367 70
44 70
546|13
1270 71
3328 70
480 70
1970 70
2456 70
1976 70
589 70
2657 69
1673 70
3941 69
3959 70
3566 70
1977 70
547|5
1211 70
2859 70
2917 70
1394 70
1288 71
548|26
69 69
260 69
356 69
733 69
1196 69
1393 69
1477 69
1621 69
2571 69
2716 69
3263 69
3578 69
3916 69
4776 69
4899 69
5955 69
6874 69
7458 69
8531 69
49910 69
58559 69
74532 69
80862 69
122904 69
125916 69
168712 69
549|5
2571 71
2028 69
4226 71
1210 69
589 68
55|5
2407 70
673 69
3275 70
2890 70
4011 70
550|6
167296 69
102125 71
106782 71
116797 72
112852 72
122882 71
551|20
5010 70
34162 71
60069 71
1544 70
45186 70
103772 70
51935 70
4226 70
2353 70
7153 71
5989 72
135569 70
115149 70
88129 69
134130 71
6934 71
47 70
4701 70
2959 71
98809 70
552|20
2916 68
3317 71
1405 67
2953 65
2245 69
2944 70
2890 69
2125 70
508 70
3948 68
5349 70
2959 77
2857 70
173 64
2991 70
2871 71
2628 64
4308 67
4878 72
3101 68
553|17
55765 71
3481 72
1923 71
2571 78
4011 74
50 77
3949 74
1089 76
44199 71
5513 69
2231 71
2395 70
3052 70
61257 69
1221 74
33166 71
2959 80
554|18
1196 73
1022 71
2820 69
1207 72
1517 71
1282 71
1210 73
1760 71
2282 70
1225 73
907 70
1358 71
2096 71
1028 72
593 78
608 73
953 73
2324 73
555|20
790 69
3664 69
1 81
3111 70
3395 70
104 74
1334 69
2506 70
2072 69
4002 73
1266 78
2641 66
2256 70
2791 81
2701 64
1333 73
1320 66
337 75
1393 72
3526 70
556|7
162600 70
122890 70
3081 69
88125 71
588 71
72998 71
74789 70
557|6
648 71
231 69
1291 70
260 71
1210 71
150 72
558|12
5329 70
5064 70
4903 70
2297 70
2568 70
4993 71
4306 70
367 70
5283 70
1097 71
4164 70
5294 70
559|20
552 67
608 71
355 67
329 69
544 69
1527 71
173 67
377 70
745 70
174 69
529 70
350 70
349 70
533 69
836 69
1210 75
420 66
786 68
227 69
253 69
56|10
786 70
253 70
165 72
110 74
589 73
370 70
434 69
410 70
69 70
185 70
560|20
5839 69
91535 70
136018 70
67997 70
79132 76
3253 71
142558 69
2355 71
39435 70
1527 73
40414 70
64614 72
48744 70
56587 69
593 77
76251 71
84944 70
109313 69
5878 70
40819 69
561|20
168174 69
5308 69
78469 69
3703 74
60069 73
91535 68
2105 69
73017 69
5445 70
2000 73
83134 72
79132 73
79592 69
80463 71
89745 73
527 81
8972 65
353 72
33162 71
68157 73
562|20
27140 69
6870 73
6377 76
2580 72
1249 71
4776 72
36529 71
1259 74
1982 70
2268 73
2133 69
83134 70
3210 71
48394 71
30707 72
33836 69
2692 73
88163 71
99191 69
1240 72
563|20
61071 69
70932 69
80858 69
919 72
74450 70
588 72
5943 68
118997 70
86833 70
1197 71
128832 69
85397 70
45221 70
33499 70
7380 70
96821 70
81784 69
95307 70
65585 70
55250 70
564|20
50942 69
356 73
31685 70
131013 70
61024 70
79224 70
87869 70
500 70
108156 70
81784 70
93270 70
6188 70
106918 70
65230 69
67087 70
80693 70
94677 70
8984 70
73266 70
2671 70
565|6
590 71
231 68
19 69
21 70
50 73
539 70
566|15
648 71
10 71
231 68
329 70
342 70
141 70
203 70
345 70
39 69
497 70
265 70
588 71
708 70
353 70
2 70
567|20
8189 69
26743 69
92681 69
109897 69
152071 69
5690 69
136602 70
122888 69
6333 69
1274 68
122922 63
153070 69
151687 69
117877 69
108928 69
954 70
122924 68
27773 71
648 74
135887 64
568|23
50 69
147 69
296 69
356 69
480 69
593 69
765 69
1103 69
1104 69
1257 69
1298 69
1895 69
2313 69
2359 69
2863 69
3053 69
3148 69
3261 69
3363 69
8169 69
46723 69
63853 69
65088 69
569|5
231 69
50 71
380 71
588 71
592 69
57|20
2140 70
942 72
920 75
3175 75
1784 69
3429 71
933 78
1193 83
3446 69
160 66
1499 54
2640 72
892 70
11 72
2947 77
6 72
2478 67
2291 72
1688 70
2301 70
570|20
208 68
8636 71
48516 72
1225 70
586 67
2683 68
457 72
1196 75
110 75
4993 74
7361 72
1198 74
1079 69
10 69
3793 72
1391 67
589 74
380 71
527 75
185 66
571|20
1331 69
2982 69
2366 70
1128 70
610 70
2902 69
1998 70
3696 70
1980 69
1987 69
70 69
1924 69
2279 70
1327 70
3732 70
1972 68
1278 70
1644 70
2327 70
1978 70
572|20
1961 74
2570 70
2788 71
2321 69
111 77
904 78
2987 75
2302 70
1834 71
2539 69
2917 71
1307 77
1 76
161 71
3421 72
838 70
1356 72
2006 71
3167 70
1953 73
573|20
89745 83
72998 82
3752 70
356 93
7293 71
6754 72
8665 78
32587 80
1073 72
88744 75
1127 74
68954 81
98809 76
2640 72
48516 86
71535 77
59369 76
60069 83
88140 73
1562 66
574|23
47 69
110 69
150 69
153 69
161 69
185 69
225 69
231 69
292 69
296 69
300 69
316 69
318 69
329 69
339 69
344 69
380 69
410 69
434 69
588 69
592 69
593 69
595 69
575|8
2566 70
2580 70
296 72
2581 69
2572 70
2542 70
2574 70
2598 70
576|5
849 70
1321 70
1373 70
1479 70
2289 70
577|20
2415 69
1183 71
1288 72
1129 69
2944 71
2194 72
733 70
1213 73
2076 69
2020 70
1262 71
1931 70
1391 67
2987 71
952 70
1909 70
260 77
919 74
2248 71
1270 74
578|6
6751 69
52668 70
45668 70
830 70
72407 70
75446 69
579|15
3174 71
2485 71
1022 70
2018 70
838 70
1917 72
1391 69
596 71
1573 71
2965 69
1653 70
2599 69
892 70
2687 70
595 73
58|20
588 73
282 70
185 68
419 70
367 68
277 70
48 70
280 70
337 71
345 70
3 70
357 72
527 77
587 71
218 70
500 71
508 71
368 70
364 75
353 69
580|20
5767 69
6583 69
480 71
8844 69
6989 70
3809 69
41569 71
3699 70
4041 70
33166 70
356 79
508 71
8376 68
3578 84
608 76
3785 74
3089 71
1320 74
54286 73
1201 75
581|8
7153 76
5995 72
4973 74
116797 72
3949 72
4306 73
109487 73
6377 75
582|12
91529 72
2959 75
116797 72
4993 74
5618 72
2571 75
76251 70
69844 72
104841 70
48516 73
97752 70
76093 72
583|12
8533 70
88405 69
2706 69
117590 70
317 70
60756 70
6942 70
595 71
46578 70
104 70
2694 69
7451 70
584|17
288 69
22 71
203 71
315 70
500 72
316 71
539 73
234 69
296 71
257 70
434 70
586 71
338 70
349 72
282 71
480 75
590 72
585|13
3173 70
1228 72
54503 71
2959 79
428 70
1405 69
7254 71
441 70
1805 70
296 80
27373 69
5325 70
79132 74
586|20
34332 70
4016 73
111659 71
106002 72
149406 73
167036 70
45499 74
136556 69
5445 75
117851 70
1291 79
71264 70
106489 69
135436 73
3753 73
2640 73
3147 74
122916 74
3793 82
101362 73
587|20
1234 72
628 70
2012 72
534 70
2002 70
1641 71
236 70
1376 71
2622 70
1541 70
3260 70
497 71
3082 70
445 70
3448 72
2574 70
765 70
691 70
329 71
3406 70
588|12
50 73
16 71
20 70
356 76
350 70
198 70
593 74
364 72
163 69
253 70
223 71
3 70
589|8
1092 70
318 78
590 71
373 70
586 70
587 71
527 73
337 70
59|20
1696 70
6460 71
3489 68
1188 71
1222 73
2076 72
3448 70
1263 73
1247 73
527 73
1244 72
904 74
903 74
965 70
2616 68
1953 72
608 77
105 69
912 75
3471 72
590|20
924 75
8807 64
2371 68
38061 71
81834 73
40815 72
4890 66
903 78
5 64
3624 63
555 71
4047 71
51662 69
2085 72
419 69
595 78
329 67
2376 68
3635 69
2398 71
591|11
2908 69
2706 72
2712 69
2355 71
3615 70
3578 72
2394 70
3798 70
356 74
223 70
2724 70
592|19
514 70
2 71
153 69
415 69
110 76
177 70
420 68
380 73
44 70
788 69
588 74
163 70
204 69
610 71
39 70
419 70
253 69
432 70
240 70
593|20
1196 70
1073 72
1086 71
1617 71
4034 71
41566 69
1197 72
344 68
8368 71
339 69
2959 74
8961 69
5816 70
2797 70
4896 71
588 69
595 70
5952 71
377 67
141 70
594|20
7031 69
2671 72
7115 70
1616 72
5943 73
1188 70
2269 70
1733 70
4902 70
6996 69
780 82
1429 71
6140 70
7046 71
39 73
595 78
799 70
2028 78
8482 69
7169 70
595|5
265 70
50 71
1186 70
1199 70
1966 70
596|20
33649 69
43744 69
182793 69
129397 70
128908 69
1 75
142488 71
122922 72
4310 67
71838 70
4025 66
2501 70
110102 73
149406 70
2774 69
5502 68
8665 69
6537 68
2571 75
345 70
597|20
1799 68
490 69
3040 70
2529 82
2858 80
903 81
3039 72
2000 78
1291 84
357 79
1228 80
1845 74
2411 65
1580 73
1148 82
1198 92
2723 72
485 66
592 75
2692 81
598|5
56367 70
8360 69
593 71
114265 69
103543 70
599|496
26142 69
26567 69
26590 69
26676 69
26854 69
27595 69
34800 69
53450 69
60803 69
69131 69
74696 69
79895 69
84523 69
87960 69
92674 69
98799 69
102735 69
102852 69
104017 69
105020 69
122433 69
157865 69
158874 69
160978 69
161044 69
174727 69
179053 69
1801 70
6035 70
3387 69
33437 70
112 70
5995 70
167706 69
4394 69
836 69
7235 70
8809 70
102749 69
89087 71
42011 70
432 70
471 68
5628 70
1015 70
2 71
2269 70
69 70
3947 70
79091 69
104837 69
4037 69
7587 70
6881 70
1449 70
7225 70
81229 70
68952 70
4728 70
5081 70
33966 69
1779 72
3669 69
87197 69
170297 69
79057 70
95965 69
55207 69
4007 69
1220 70
80831 70
46723 69
71282 70
7757 70
3259 70
92309 70
1376 70
7192 70
4654 70
101423 69
53468 70
62662 69
3174 70
3698 71
2882 70
2359 70
1183 70
2792 71
1095 69
8387 69
53125 69
115713 70
2949 70
2471 69
3 69
1231 69
3861 70
240 70
1480 69
2301 70
1445 69
8045 69
586 73
2942 70
1185 70
4594 69
2474 69
3671 69
3196 70
64839 69
98697 69
2606 70
1777 69
5309 70
7022 70
4873 70
541 71
27311 70
43921 70
67734 70
4240 69
5026 70
168 71
33493 69
4125 70
7354 70
207 70
1094 71
742 70
1609 70
1042 70
3362 69
4553 70
4632 70
2278 68
468 68
122904 71
75416 69
42718 70
4285 70
79274 70
1794 69
45081 70
108192 69
3489 69
3503 69
89804 70
163809 69
577 70
3071 70
1204 70
3981 71
95771 69
45382 70
6548 69
59387 69
166528 70
168492 70
6691 69
605 70
424 70
2991 69
248 70
97950 69
3865 70
1216 70
342 70
35836 69
27772 70
176419 70
151781 69
277 70
6320 70
39381 70
5111 69
4090 70
2450 71
2676 70
2356 69
79702 71
1597 69
410 70
1721 70
3702 72
183301 69
1387 69
2072 71
26729 70
2393 69
4247 69
4591 70
1032 70
3087 69
1895 70
634 70
210 70
2074 70
51575 70
3505 70
5247 70
481 70
4215 70
1355 70
2657 71
2028 72
4011 70
420 71
552 70
1196 73
2395 71
5303 70
1752 70
3186 70
4310 69
1784 69
3200 70
7254 68
688 69
473 68
1079 68
1552 69
1148 70
1544 70
63113 69
2325 70
26649 70
6804 69
161 70
4109 70
34332 69
1653 70
4808 70
7707 69
3468 69
502 70
1221 69
1792 70
68319 70
6787 70
2119 70
3884 70
4254 70
3973 70
103609 69
8934 69
5377 70
42632 70
55290 70
4506 70
7840 70
5568 70
1689 70
7005 69
103228 69
59947 69
786 70
4351 70
172253 69
4679 69
1411 70
117630 69
1590 71
112623 69
3146 70
8984 70
1920 69
519 70
179817 70
3979 68
3741 69
44020 70
26630 69
7285 70
3030 70
1021 68
8638 70
87 70
7153 70
2877 70
2018 71
3173 70
5198 69
7101 70
7701 70
3213 70
26159 70
2339 69
33896 70
2000 69
4006 70
136562 70
37382 70
6645 70
171763 70
8528 68
27008 69
4017 70
4167 70
86142 70
1249 70
3255 69
736 69
2779 70
84414 70
27773 71
2083 70
98499 70
4034 69
119828 69
1993 70
94864 69
6631 70
2321 71
26242 70
3703 71
41566 69
2529 70
1968 68
8914 69
3257 70
159403 69
1036 71
76093 69
5103 70
6947 70
1952 69
2124 69
4084 70
6016 71
778 70
81 70
2171 70
1253 70
4275 70
7982 70
3723 70
849 69
2681 70
6565 70
39414 70
122916 70
6440 70
8917 70
72011 70
1605 70
1240 71
923 71
68157 70
5961 69
5053 69
3571 70
2403 69
3871 70
44238 69
72226 70
7004 70
2054 71
62970 70
5159 69
354 70
122924 70
48774 70
1394 68
3763 70
70286 69
1904 70
3969 68
81562 70
102590 69
233 70
4155 70
1031 70
76 69
459 69
1097 70
1178 69
60291 70
3328 69
1232 70
3036 70
5283 69
4327 70
610 70
2726 70
4732 69
5970 70
2396 70
594 71
1247 69
45499 69
3476 70
2399 70
137218 69
1997 69
3271 69
27801 69
6365 69
1799 70
580 70
122900 70
2803 70
80219 70
466 70
110882 70
3997 69
26176 69
2378 71
117895 70
26662 70
90603 70
119218 69
44 70
809 70
1960 70
4519 70
1959 70
414 70
1073 70
61236 69
1479 68
4019 69
1245 69
37857 70
161032 69
371 70
3020 69
88593 69
6774 70
2005 71
90405 70
26285 69
6793 71
627 70
1617 70
6734 70
108090 69
2427 69
51024 70
122922 70
3440 69
6874 71
4919 70
338 70
81591 71
1704 69
1499 72
357 70
62155 70
144 70
34148 70
53519 69
4504 69
2796 69
216 68
6827 70
1429 69
7445 70
1385 69
90471 70
8425 69
10 71
26542 70
7387 68
72998 69
89470 70
3629 70
1297 70
3424 71
1672 70
44761 70
196 70
70703 69
2383 70
180 71
4040 70
6333 70
4440 70
5291 70
88235 70
1639 70
4580 69
153236 69
86190 70
4477 69
103027 69
32291 70
34811 69
5171 70
122260 69
8784 69
5954 70
8798 69
707 70
880 72
314 70
61323 68
6|20
349 72
318 76
775 69
141 69
348 69
104 71
327 71
410 69
165 73
87 69
366 70
17 70
1084 70
222 70
16 67
416 69
277 71
460 70
867 70
316 70
60|5
832 70
58559 71
805 70
455 69
858 71
600|20
3269 71
1394 69
3785 56
2717 69
5569 70
4306 60
1206 75
56775 69
2015 68
7 72
2013 73
262 68
1210 63
1060 67
2431 71
2077 70
2423 70
4641 70
527 65
5076 71
601|20
141846 69
68157 77
1262 70
106782 74
60069 76
49272 73
5445 74
1193 75
1207 71
79132 83
904 73
166024 70
1917 71
7153 81
2324 76
170697 70
31658 74
5989 76
88810 70
2571 86
602|20
161 70
19 66
350 70
494 70
14 70
471 69
125 70
434 68
235 70
481 69
315 69
371 70
474 70
527 74
21 69
349 71
440 70
339 70
480 73
163 69
603|20
602 69
803 69
2008 69
2577 69
3459 69
4787 71
2912 74
1769 67
485 74
4420 69
920 80
1 70
2706 67
1844 70
3787 69
1222 73
190 69
2716 63
3983 73
101 71
604|20
220 69
292 70
151 70
329 70
410 69
426 70
435 68
316 69
22 70
235 70
181 69
332 70
273 70
637 70
285 69
173 70
588 70
23 70
553 70
1 71
605|20
35347 69
6787 70
1197 72
5667 69
42738 69
51662 70
7373 69
596 70
780 72
4571 71
2316 70
7454 68
150 71
60040 69
8977 69
3269 70
72982 69
1210 73
62376 70
60937 69
606|20
263 69
563 69
583 69
3808 69
4671 69
4840 69
5856 69
6111 69
6573 69
8685 69
32728 69
55805 69
3147 80
4392 70
2311 71
6308 67
50842 70
6591 72
8270 70
2025 70
607|20
891 70
1610 72
448 70
3147 75
1094 70
1307 74
592 70
204 70
1552 72
527 75
3476 71
296 76
2313 70
3440 70
423 70
1518 70
2118 70
2193 70
380 71
2028 76
608|20
52245 73
2997 73
3793 76
2763 76
174 66
2000 76
1214 79
919 49
2700 71
4161 67
5146 70
1639 75
541 67
473 70
2529 69
522 70
4343 73
1909 67
2431 64
1220 65
609|8
296 71
833 70
356 72
339 70
454 70
318 74
208 69
292 69
61|8
266 69
1101 69
7438 72
173 69
555 71
2012 70
4878 72
3949 72
610|20
5953 69
58975 69
70206 69
78626 69
82765 69
97988 69
107447 69
107462 69
110591 69
110746 69
118082 69
139655 69
160341 69
86644 73
56801 64
61024 77
77561 69
4816 84
62434 74
3972 70
62|20
99114 83
176371 71
3793 78
56757 73
73017 77
30793 70
179819 76
68554 70
185135 70
168248 70
5903 76
4878 82
2028 88
5502 73
6058 69
344 69
1721 72
45499 74
41566 70
78105 69
63|20
5669 71
4246 71
48780 74
500 70
6016 74
31658 73
2858 76
64285 70
85414 70
1221 74
106696 72
4963 71
50 76
1097 69
260 76
110 73
1222 74
4979 72
5952 75
77561 70
64|20
5878 72
3101 72
2640 70
2959 85
8784 72
2054 68
4239 71
4025 66
5026 70
40819 72
266 69
2699 67
27266 70
3969 71
1805 70
6296 70
4776 71
3148 73
4262 75
356 86
65|7
1246 71
33660 70
7458 70
2329 73
4993 73
91542 71
3147 72
66|20
593 88
47 81
5418 74
922 72
2139 72
2956 70
3745 70
1956 71
4581 69
5349 72
1210 82
1094 71
2001 70
380 70
6539 73
671 71
1 75
6378 71
7766 70
296 93
67|8
99114 71
4306 71
27193 70
79132 73
60069 71
2012 70
4886 71
4993 72
68|20
47978 69
95218 69
6534 65
48696 69
67267 71
30825 63
1799 74
3556 69
8622 74
4351 69
63113 68
58295 72
7151 68
2413 69
6287 70
653 67
41566 74
5541 70
260 89
48043 71
69|10
4370 70
4848 70
3671 71
2476 70
1193 73
356 79
553 71
4022 72
260 79
3994 71
7|20
8528 69
3623 67
8636 71
8360 70
1517 68
466 71
8373 67
1220 71
7155 68
8808 69
6863 70
31878 71
1610 71
1219 73
4700 69
45668 70
8970 69
27741 70
6333 71
8865 69
70|13
1193 73
1097 72
1914 70
1269 71
4995 72
318 79
8949 70
1968 72
1210 73
89492 70
1250 72
1235 70
2366 70
71|7
494 70
647 70
736 72
95 71
733 71
589 71
7 70
72|9
1047 70
150 73
858 76
2490 70
1357 70
260 76
50 76
1198 73
1196 75
73|20
1193 73
45720 72
105037 70
6333 71
59315 73
76293 69
138204 70
2706 69
152081 72
45221 69
68135 70
150 70
8376 68
93510 71
59784 71
116823 72
106072 71
1682 72
52245 69
35836 70
74|20
31522 69
2594 70
2908 73
30749 73
6870 72
3006 71
52281 71
49772 71
55118 70
2997 75
6305 72
608 79
4546 71
41863 70
27773 73
6001 71
1251 72
6552 71
46976 70
44555 72
75|14
5445 69
1240 71
5952 73
2193 69
6870 70
2529 70
168 69
541 71
3176 69
1962 70
2078 70
1889 70
1266 70
1374 71
76|20
48877 70
5956 69
2918 68
58803 70
1247 70
74458 69
7669 70
79132 68
8957 70
858 73
55820 70
1258 71
63436 70
1201 70
1208 72
48 69
288 70
34405 70
1 67
1196 69
77|6
3996 69
4973 70
7361 70
8636 72
3578 73
33794 71
78|13
296 72
165 71
3809 70
589 73
546 69
27904 70
260 74
590 71
480 72
68791 70
344 69
44974 70
380 71
79|13
3266 70
3029 70
589 77
1916 70
307 69
4005 70
260 80
1189 70
1345 70
2000 72
1374 72
2659 69
2076 71
8|10
356 75
47 71
231 68
318 77
454 71
292 70
32 72
141 70
380 69
252 70
80|20
7445 72
96691 70
84189 69
91630 71
49530 74
8950 73
6539 77
4223 73
5630 73
3527 72
76251 71
80363 70
52604 70
6502 74
34048 72
1221 74
60684 72
6952 70
5989 76
77561 71
81|26
10 69
32 69
47 69
110 69
150 69
153 69
161 69
165 69
208 69
231 69
288 69
296 69
316 69
318 69
329 69
344 69
356 69
364 69
367 69
377 69
380 69
457 69
480 69
588 69
589 69
592 69
82|20
6886 69
2381 69
2378 70
6566 70
368 70
6536 70
3253 70
4310 69
1608 70
1372 70
145 69
356 73
6708 70
1485 69
4369 70
6564 70
6888 68
5803 70
4015 69
364 72
83|20
56367 71
7143 70
7323 70
6539 69
161 71
586 70
2115 69
1270 72
6874 70
2324 72
1537 70
7153 70
68954 71
48774 69
30749 71
8014 70
1222 71
3753 70
1223 70
64983 70
84|20
55 69
987 69
912 79
1096 71
420 67
1227 71
113 70
580 70
5060 72
1293 71
900 70
1097 77
62 70
368 71
1305 70
1247 75
1296 73
11 70
1073 74
1094 70
85|7
1519 69
1624 70
1140 69
1694 70
1643 70
1747 70
1635 70
86|14
4993 74
4310 70
6947 70
2411 70
457 72
5418 72
3996 71
4901 70
1835 70
33794 72
1196 73
3555 70
1097 70
2687 70
87|5
4023 69
2009 70
3504 70
671 70
2139 70
88|12
7312 69
74795 70
4993 75
68157 73
5952 74
1193 73
223 72
8665 71
4262 72
56782 71
8677 70
58559 75
89|104
26645 69
32060 69
44851 69
53280 69
53578 69
67888 69
69211 69
81087 69
84246 69
103602 69
108078 69
109596 69
118894 69
121007 69
128089 69
128944 69
131098 69
131439 69
134847 69
140481 69
146684 69
148632 69
150554 69
164226 69
30793 68
169912 70
87869 70
1923 70
4015 67
950 70
173253 69
2324 63
27826 69
92259 68
11 71
3977 70
86298 70
8154 71
77688 69
2997 66
170837 69
49274 71
157775 69
1 56
142196 69
99117 70
62008 69
72624 69
108156 70
3752 70
2059 70
128520 70
3175 68
133879 69
48649 69
126088 69
5529 70
65588 69
99130 69
40962 70
1732 66
68659 68
91666 69
2683 69
3751 67
750 70
6650 70
149508 69
2395 63
51575 70
65230 68
171751 69
85881 70
139157 69
6863 71
4246 67
108949 70
1230 68
160567 70
73319 68
177185 69
130520 71
5220 68
121338 69
153386 69
50872 66
149566 69
145491 69
4890 69
129354 68
32243 69
84944 69
6402 69
1288 66
140133 69
119141 70
947 70
176621 69
4973 67
158398 69
69469 69
54503 70
141928 69
102481 68
9|10
5451 70
923 71
5890 70
2901 70
922 70
6044 69
1987 69
5378 69
3735 70
5447 70
90|11
1137 69
1144 69
581 70
81 70
892 70
1073 71
116 70
896 70
17 70
7 70
613 70
91|20
3013 69
6395 69
8147 69
7153 84
3360 68
2791 75
3897 75
1080 73
4850 69
3429 73
7000 70
2060 67
2916 72
1391 65
2100 67
318 70
2146 69
1225 74
1246 70
8501 69
92|5
2572 70
2114 70
1015 70
2454 70
1801 70
93|20
736 73
1917 73
552 71
1721 73
539 72
480 75
1372 71
368 71
2355 72
1923 71
2193 71
2006 71
339 72
1097 75
1591 71
260 74
2968 69
1676 71
593 75
558 71
94|12
231 69
377 70
367 69
364 72
288 68
19 67
10 71
586 67
590 70
380 70
589 72
318 73
95|20
18 71
4878 73
6979 69
4732 70
3019 71
5246 70
32 77
2952 70
1247 72
1198 79
5283 69
3361 71
1513 70
2009 70
539 69
122 70
1584 73
1240 77
4262 73
5349 72
96|16
527 76
1094 70
272 71
3819 70
150 74
2021 69
2571 79
1214 75
2058 69
1220 72
733 70
2340 69
1721 70
2396 72
367 69
1291 75
97|8
4701 70
4306 72
3578 74
4993 74
4963 71
4299 71
3981 70
4161 70
98|19
81845 72
8961 71
122912 70
5299 70
63992 69
187541 70
56152 70
134853 71
69644 70
6863 70
5618 72
56801 70
3499 71
134130 71
74789 70
82461 70
1258 71
88810 70
79132 74
99|11
318 75
161 72
420 70
592 69
196 70
122 70
145 70
150 73
316 70
236 70
588 71
