1|20
260 100
1927 101
804 80
3 79
1009 74
2406 85
1587 78
3671 94
2617 78
3053 96
2571 100
1222 101
2137 86
1377 76
2395 86
2761 99
2641 75
2872 91
1258 101
2700 91
2|6
333 71
122882 75
71535 76
46970 65
58559 84
80489 77
3|8
5764 70
647 35
6835 70
5919 35
2851 30
2288 40
5048 26
4518 34
4|20
106 70
1291 78
3408 67
265 73
52 67
4347 73
2467 73
908 80
345 71
1304 77
1923 69
2959 82
368 67
1219 78
4765 70
1199 81
4166 40
1732 78
21 66
2858 76
5|9
515 71
1 75
364 77
608 81
290 79
261 73
34 71
318 86
21 67
6|20
349 77
318 96
775 70
141 76
348 81
104 73
327 65
410 68
165 76
87 66
366 67
17 79
1084 86
222 72
16 84
416 53
277 70
460 63
867 12
316 71
7|20
8528 67
3623 51
8636 68
8360 65
1517 64
466 52
8373 42
1220 70
7155 55
8808 49
6863 62
31878 67
1610 69
1219 73
4700 60
45668 60
8970 67
27741 73
6333 67
8865 53
8|10
356 85
47 82
231 62
318 91
454 74
292 69
32 81
141 72
380 71
252 68
9|10
5451 60
923 80
5890 78
2901 62
922 86
6044 70
1987 70
5378 64
3735 79
5447 59
10|20
597 62
33679 59
8533 66
8969 58
72720 68
88810 73
136020 58
6377 72
5943 48
109374 71
113394 70
61250 48
82167 52
140110 64
5377 71
77841 70
6942 68
1028 71
72330 70
66203 53
11|13
733 79
1584 80
1210 89
170 72
1438 57
648 75
1918 63
493 81
10 76
457 85
1693 74
150 83
1923 79
12|7
2717 75
2100 81
838 100
2072 78
1876 76
2581 78
6942 97
13|7
3717 68
3624 68
3798 69
2174 78
47 86
3893 75
305 65
14|10
344 61
477 70
110 82
540 55
597 71
153 59
592 70
4 50
539 71
105 66
15|20
91529 76
7438 73
111759 72
2329 79
1 73
1909 64
1240 73
115713 73
1200 74
293 75
2571 77
3949 76
120466 62
1198 78
2028 77
2011 66
158 52
160980 64
4306 73
4022 68
16|20
1230 73
78499 74
913 76
1136 77
1299 75
1617 75
1203 77
3429 78
2858 73
608 76
3683 75
4002 68
1199 78
912 77
2707 60
5782 76
1260 67
319 69
27773 73
2109 62
17|20
260 86
64839 83
296 88
5952 86
527 89
1193 87
3681 88
1240 82
2717 63
2858 84
1093 72
81932 81
5618 89
50 89
5971 82
2959 91
1201 89
541 87
82459 79
1 82
18|20
8117 70
65596 70
88094 70
145283 70
157110 70
166015 70
171023 70
103253 63
60684 76
44199 76
2 69
86628 71
59784 69
2918 78
109374 80
4226 84
53129 87
139385 78
47 81
1291 83
19|20
3692 70
3662 0
54 38
2733 38
1702 47
1240 63
1270 66
3712 48
1881 51
216 57
3 52
1834 64
2184 57
3017 58
2044 31
2354 41
2005 61
3146 41
3387 56
2694 53
20|20
1566 75
5419 64
4014 79
2140 79
586 66
661 72
3189 78
5014 85
1333 80
4161 72
3784 64
1030 60
5313 51
2804 86
2054 60
34 80
1097 81
6358 70
4519 73
1722 66
21|20
107013 70
117922 70
140301 70
57640 70
2985 63
2990 64
2717 56
5418 72
31433 59
112175 71
7153 79
30793 60
4446 66
52973 69
45186 68
2023 67
79185 62
1721 65
102125 67
5459 57
22|20
8961 54
2723 47
60950 49
64575 49
1193 58
70286 53
4993 58
2160 57
39183 50
7147 54
3996 55
3481 54
55765 55
48780 56
7361 59
51540 53
6711 58
2968 53
3949 57
48394 52
23|20
6234 70
3996 71
293 73
1206 75
1136 77
1960 68
7587 71
3424 76
3181 77
2467 69
1248 84
1617 75
6807 73
1952 75
6440 73
1258 75
1243 70
1080 72
8228 67
1711 57
24|20
1784 71
2617 62
111759 75
134853 76
58998 71
1265 77
1198 81
3147 80
1197 82
1220 75
2424 63
5418 74
72011 70
54286 71
27773 77
64957 68
356 80
44191 76
1682 74
68358 75
25|6
58559 104
60069 97
74458 95
79132 99
527 102
260 99
26|21
10 70
34 70
47 70
150 70
153 70
165 70
185 70
208 70
225 70
288 70
296 70
300 70
344 70
349 70
356 70
380 70
434 70
454 70
457 70
592 70
593 70
27|20
1196 85
2478 64
2640 73
3508 86
3555 71
1201 85
3519 64
969 80
2080 71
673 58
2886 19
2529 79
1387 81
1101 69
1947 74
1250 88
1276 85
3114 77
1083 66
3809 70
28|20
27450 70
60943 70
61011 70
63033 70
5617 63
59369 60
60046 70
507 54
3300 60
55094 57
59018 70
26695 70
2951 67
3006 63
2231 65
5418 63
26812 51
2058 56
353 64
61167 70
29|17
98961 86
7379 73
1250 92
1201 89
111362 81
48516 89
1100 51
26554 81
3441 78
4327 72
2872 79
2301 82
1617 87
3681 88
55820 81
4223 77
99114 84
30|7
5952 99
108932 95
1200 95
91529 98
116823 90
112852 98
1198 102
31|10
1198 94
1200 89
648 78
1363 70
1073 86
1036 88
1197 95
377 80
1246 91
1270 91
32|20
236 71
314 80
1356 79
357 73
224 75
627 74
1079 84
1084 83
318 93
761 57
1197 88
849 62
912 88
880 56
1198 87
58 84
203 70
608 87
497 82
410 65
33|20
110 81
17 74
2396 77
2272 61
448 70
428 74
265 77
1280 82
1177 88
1617 83
50 85
261 76
11 74
452 52
345 75
608 84
150 77
1188 77
800 79
2690 75
34|18
780 65
2273 63
3717 61
26606 70
45499 65
3996 75
4310 57
3624 61
31685 60
1721 66
5146 57
7090 78
70 66
2006 60
3000 78
4306 75
27728 9
3997 38
35|5
11 83
185 71
595 83
21 78
300 78
36|12
5171 43
3066 61
552 46
4025 45
1262 62
2735 44
2359 54
1372 50
1278 60
2194 57
3347 64
1704 60
37|5
344 68
356 94
661 76
329 77
457 89
38|16
434 56
39 60
223 71
161 69
246 79
168 56
273 52
480 68
356 75
457 72
364 73
50 77
500 63
300 64
551 65
21 63
39|20
2571 84
2391 77
1921 82
1862 44
1219 83
1907 75
2081 75
2459 70
924 82
2529 80
1729 74
47 82
260 84
2080 72
592 70
296 85
3213 83
610 71
589 80
596 71
40|20
440 81
454 81
588 85
339 78
158 64
432 57
431 86
186 64
616 81
514 80
21 78
592 78
1 88
223 87
585 63
216 79
104 76
371 80
111 94
267 66
41|20
96829 73
64839 68
122882 65
6287 51
1569 59
106920 70
86781 79
3160 65
1721 59
2028 71
6763 37
5418 66
53519 57
122904 67
55247 68
924 69
4011 72
2324 73
35836 61
5995 71
42|20
3869 80
4654 56
1021 53
2423 78
3248 44
4477 43
2500 46
1431 58
195 67
3326 76
2407 70
1090 85
2735 66
3693 55
1020 71
4545 74
4132 61
2263 58
3535 81
2805 62
43|20
225 95
296 112
596 94
588 102
587 95
420 76
158 76
631 78
5 79
597 94
168 83
355 63
47 108
367 88
519 63
594 101
236 93
1 105
60 86
259 77
44|10
36 77
663 67
12 47
661 68
94 79
1 79
104 68
112 66
494 71
889 70
45|20
2718 75
1036 88
2028 92
1653 90
1682 85
2396 85
3249 71
261 84
4308 82
329 75
1367 68
2890 81
593 93
1127 81
2431 73
6377 90
569 65
1197 94
1060 83
2858 89
46|9
590 85
588 84
315 69
208 65
1 86
432 56
225 78
434 68
339 77
47|20
508 60
68932 56
72395 63
2420 59
597 57
148626 66
5989 64
96588 64
69122 62
6155 57
4975 58
30749 63
106100 65
45950 60
2028 67
4018 53
1259 66
6373 56
33166 63
2407 53
48|7
4886 90
1320 75
1527 89
1193 98
3793 88
48 76
1653 95
49|5
2028 89
1214 86
139385 84
318 96
527 91
50|20
8143 70
114335 70
136564 70
142074 70
171759 70
175693 70
179073 70
175707 70
71264 57
82848 70
1377 48
44555 66
8157 60
6807 63
95543 49
8253 52
96610 57
924 62
32875 70
4896 59
51|20
7040 70
5620 69
2613 60
4437 91
2023 81
1500 85
522 84
858 97
4508 87
2951 92
1014 83
1407 75
2282 79
2420 81
3388 56
260 92
3186 80
3994 81
3501 63
2371 70
52|20
152081 88
51255 96
74458 92
1923 86
7438 92
40583 84
59784 80
55765 92
112852 94
86892 90
55363 99
112138 84
49272 96
52245 71
69481 93
50794 68
1704 96
54736 89
44665 90
47200 80
53|5
481 86
1100 64
249 102
1125 97
916 111
54|7
296 68
593 68
639 54
1 63
205 54
161 62
500 55
55|5
2407 49
673 43
3275 64
2890 55
4011 63
56|10
786 70
253 80
165 79
110 90
589 89
370 67
434 69
410 71
69 86
185 70
57|20
2140 70
942 76
920 71
3175 69
1784 71
3429 83
933 82
1193 80
3446 32
160 55
1499 38
2640 70
892 73
11 71
2947 74
6 77
2478 61
2291 73
1688 64
2301 74
58|20
588 85
282 73
185 70
419 60
367 73
277 71
48 72
280 90
337 82
345 84
3 73
357 79
527 95
587 80
218 74
500 77
508 83
368 79
364 90
353 87
59|20
1696 44
6460 111
3489 80
1188 86
1222 94
2076 88
3448 85
1263 90
1247 92
527 95
1244 93
904 98
903 93
965 90
2616 73
1953 89
608 94
105 73
912 96
3471 86
60|5
832 64
58559 81
805 68
455 48
858 82
61|8
266 72
1101 73
7438 83
173 57
555 81
2012 73
4878 86
3949 87
62|20
99114 89
176371 84
3793 83
56757 84
73017 85
30793 71
179819 66
68554 75
185135 84
168248 94
5903 86
4878 91
2028 92
5502 75
6058 67
344 67
1721 77
45499 76
41566 78
78105 70
63|20
5669 73
4246 71
48780 76
500 65
6016 80
31658 77
2858 76
64285 69
85414 67
1221 80
106696 70
4963 73
50 81
1097 71
260 78
110 76
1222 79
4979 72
5952 78
77561 65
64|20
5878 86
3101 72
2640 75
2959 90
8784 81
2054 58
4239 78
4025 65
5026 85
40819 83
266 71
2699 60
27266 82
3969 77
1805 65
6296 79
4776 78
3148 82
4262 81
356 86
65|7
1246 81
33660 82
7458 70
2329 86
4993 84
91542 75
3147 84
66|20
593 93
47 89
5418 85
922 95
2139 82
2956 68
3745 77
1956 89
4581 70
5349 80
1210 91
1094 76
2001 72
380 76
6539 86
671 74
1 86
6378 82
7766 93
296 93
67|8
99114 79
4306 78
27193 74
79132 81
60069 80
2012 69
4886 76
4993 82
68|20
47978 70
95218 70
6534 51
48696 66
67267 75
30825 58
1799 62
3556 66
8622 67
4351 63
63113 65
58295 66
7151 66
2413 64
6287 55
653 57
41566 64
5541 61
260 76
48043 68
69|10
4370 78
4848 96
3671 92
2476 90
1193 98
356 98
553 90
4022 87
260 97
3994 86
70|13
1193 91
1097 82
1914 86
1269 86
4995 87
318 97
8949 85
1968 84
1210 90
89492 83
1250 95
1235 94
2366 79
71|7
494 68
647 68
736 62
95 58
733 71
589 77
7 58
72|9
1047 69
150 83
858 94
2490 76
1357 88
260 89
50 93
1198 91
1196 91
73|20
1193 87
45720 76
105037 50
6333 78
59315 79
76293 65
138204 0
2706 73
152081 79
45221 43
68135 72
150 80
8376 75
93510 79
59784 72
116823 78
106072 72
1682 80
52245 63
35836 75
74|20
31522 70
2594 83
2908 81
30749 84
6870 82
3006 84
52281 82
49772 87
55118 88
2997 89
6305 83
608 91
4546 86
41863 88
27773 87
6001 92
1251 94
6552 82
46976 83
44555 93
75|14
5445 64
1240 67
5952 70
2193 61
6870 65
2529 67
168 52
541 71
3176 60
1962 64
2078 64
1889 66
1266 71
1374 66
76|20
48877 45
5956 58
2918 60
58803 58
1247 64
74458 61
7669 68
79132 64
8957 51
858 67
55820 60
1258 65
63436 40
1201 66
1208 66
48 49
288 52
34405 63
1 60
1196 65
77|6
3996 75
4973 82
7361 81
8636 72
3578 76
33794 74
78|13
296 78
165 65
3809 64
589 73
546 39
27904 71
260 76
590 71
480 69
68791 64
344 56
44974 68
380 64
79|13
3266 104
3029 79
589 88
1916 79
307 91
4005 77
260 92
1189 89
1345 77
2000 82
1374 86
2659 70
2076 87
80|20
7445 84
96691 75
84189 70
91630 85
49530 87
8950 93
6539 91
4223 86
5630 77
3527 88
76251 85
80363 65
52604 90
6502 94
34048 78
1221 99
60684 89
6952 66
5989 92
77561 81
81|26
10 70
32 70
47 70
110 70
150 70
153 70
161 70
165 70
208 70
231 70
288 70
296 70
316 70
318 70
329 70
344 70
356 70
364 70
367 70
377 70
380 70
457 70
480 70
588 70
589 70
592 70
82|20
6886 70
2381 50
2378 60
6566 46
368 70
6536 70
3253 71
4310 60
1608 68
1372 68
145 63
356 82
6708 72
1485 62
4369 63
6564 52
6888 43
5803 45
4015 54
364 79
83|20
56367 68
7143 69
7323 68
6539 69
161 67
586 54
2115 67
1270 72
6874 73
2324 76
1537 70
7153 74
68954 72
48774 71
30749 69
8014 75
1222 74
3753 61
1223 79
64983 59
84|20
55 70
987 70
912 85
1096 77
420 57
1227 84
113 56
580 55
5060 79
1293 76
900 72
1097 76
62 71
368 71
1305 75
1247 82
1296 80
11 75
1073 78
1094 69
85|7
1519 70
1624 0
1140 70
1694 52
1643 80
1747 69
1635 80
86|14
4993 88
4310 64
6947 79
2411 60
457 83
5418 82
3996 83
4901 72
1835 71
33794 83
1196 89
3555 75
1097 80
2687 72
87|5
4023 67
2009 75
3504 91
671 73
2139 81
88|12
7312 70
74795 76
4993 90
68157 89
5952 88
1193 90
223 84
8665 81
4262 84
56782 95
8677 0
58559 93
89|104
26645 70
32060 70
44851 70
53280 70
53578 70
67888 70
69211 70
81087 70
84246 70
103602 70
108078 70
109596 70
118894 70
121007 70
128089 70
128944 70
131098 70
131439 70
134847 70
140481 70
146684 70
148632 70
150554 70
164226 70
30793 64
169912 49
87869 70
1923 72
4015 53
950 76
173253 70
2324 84
27826 70
92259 86
11 76
3977 55
86298 59
8154 86
77688 70
2997 79
170837 70
49274 44
157775 70
1 79
142196 70
99117 67
62008 70
72624 70
108156 60
3752 64
2059 63
128520 79
3175 71
133879 70
48649 70
126088 70
5529 48
65588 70
99130 70
40962 50
1732 81
68659 64
91666 70
2683 61
3751 72
750 88
6650 78
149508 70
2395 69
51575 51
65230 65
171751 70
85881 77
139157 70
6863 69
4246 74
108949 63
1230 79
160567 75
73319 57
177185 70
130520 59
5220 50
121338 70
153386 70
50872 76
149566 70
145491 70
4890 62
129354 50
32243 70
84944 73
6402 70
1288 82
140133 70
119141 66
947 91
176621 70
4973 86
158398 70
69469 70
54503 78
141928 70
102481 69
90|11
1137 70
1144 70
581 90
81 70
892 83
1073 84
116 70
896 44
17 81
7 66
613 67
91|20
3013 70
6395 70
8147 70
7153 80
3360 71
2791 75
3897 77
1080 76
4850 54
3429 83
7000 63
2060 64
2916 72
1391 60
2100 61
318 85
2146 67
1225 82
1246 77
8501 66
92|5
2572 81
2114 87
1015 71
2454 73
1801 83
93|20
736 80
1917 75
552 79
1721 87
539 88
480 93
1372 86
368 88
2355 92
1923 91
2193 89
2006 79
339 87
1097 94
1591 75
260 103
2968 95
1676 85
593 105
558 75
94|12
231 52
377 62
367 56
364 69
288 57
19 47
10 60
586 52
590 66
380 60
589 68
318 77
95|20
18 81
4878 90
6979 79
4732 49
3019 96
5246 40
32 88
2952 81
1247 91
1198 93
5283 68
3361 85
1513 66
2009 77
539 78
122 58
1584 82
1240 87
4262 86
5349 80
96|16
527 88
1094 71
272 80
3819 91
150 79
2021 73
2571 85
1214 82
2058 70
1220 80
733 75
2340 60
1721 72
2396 79
367 67
1291 85
97|8
4701 74
4306 90
3578 91
4993 95
4963 88
4299 74
3981 58
4161 77
98|19
81845 88
8961 83
122912 81
5299 69
63992 51
187541 65
56152 78
134853 85
69644 66
6863 74
5618 90
56801 55
3499 84
134130 83
74789 63
82461 70
1258 89
88810 87
79132 87
99|11
318 111
161 95
420 70
592 86
196 67
122 66
145 78
150 96
316 81
236 86
588 95
100|20
497 84
296 89
1393 77
95 64
592 74
605 60
6059 76
28 88
2245 68
62 75
4308 79
1777 74
838 84
2125 77
1288 88
234 54
1197 91
2005 80
4014 78
4623 76
101|13
2580 83
3285 61
2723 70
2700 79
2908 77
2390 83
3175 75
2395 74
358 56
2702 67
3394 57
2997 85
2502 86
102|12
158 55
588 73
150 75
592 67
253 69
480 72
344 58
539 68
553 73
593 82
586 59
223 75
103|20
86014 70
1954 84
60040 69
1968 83
77206 70
2161 77
1732 88
81834 87
608 89
2384 61
4254 51
104 72
139642 73
56782 94
2096 73
101 86
6534 60
374 47
60069 86
30793 69
104|20
4740 70
743 48
5218 72
8643 66
1288 81
47997 71
468 67
76251 72
8533 73
4018 63
38038 79
1566 69
7361 84
6060 47
3034 74
1641 75
4641 72
108190 57
616 72
7034 77
105|20
4788 70
69685 70
95311 70
95313 70
110586 70
141816 70
141818 70
170597 70
172587 70
172793 70
173351 70
173535 70
6433 45
4974 59
70286 84
108981 70
95175 70
69122 84
1243 85
3916 82
106|7
69844 89
72998 85
59501 81
86880 80
5349 85
53125 81
59784 80
107|7
231 69
253 81
590 87
165 80
434 70
208 67
318 101
108|16
800 89
6022 82
4995 90
2585 0
5316 68
4975 80
3978 73
5349 82
2926 76
4246 84
4878 92
4994 80
1968 87
1684 68
497 89
5380 90
109|20
380 64
1033 66
231 56
364 74
589 73
480 69
62 65
31 64
587 66
1032 65
586 56
778 76
540 50
256 53
163 70
252 62
223 72
553 70
537 61
168 57
110|11
26171 74
2468 55
1198 82
1089 84
1222 82
1208 83
4881 77
47 79
527 83
1193 82
2428 50
111|20
100194 70
162602 70
171251 70
2145 67
96588 77
65088 71
66203 58
84772 67
2081 73
91529 80
6365 66
45666 48
3255 69
1282 77
6539 76
86833 75
122882 76
59143 75
86911 64
5283 61
112|13
788 54
161 74
1917 58
16 76
21 68
208 57
434 59
39 64
3717 62
19 54
110 78
32 77
70286 75
113|20
4083 70
39 66
3168 71
932 85
2331 54
3359 81
1086 82
3504 83
1339 70
904 87
3546 70
4063 40
4062 63
1077 77
1589 72
2475 62
3831 71
46 61
1733 90
4007 75
114|7
141718 70
54001 65
2291 64
167732 70
122886 65
8961 65
3147 70
115|20
1580 76
2804 87
1387 87
2792 73
3146 55
3273 54
3052 80
2841 76
2719 55
595 81
2700 82
383 66
2027 47
2148 64
2770 56
3785 67
2916 82
3175 78
588 83
1377 68
116|18
2716 71
858 80
1299 77
62383 58
1339 64
1276 78
597 65
1029 63
1101 63
2797 70
2657 61
1961 72
1407 61
5995 76
1704 76
165 65
2115 70
8360 67
117|20
708 66
587 69
589 76
151 69
36 74
1036 75
595 72
288 64
596 67
48 62
315 60
454 69
353 74
474 71
10 67
60 61
805 69
491 64
616 70
485 60
118|5
1221 81
1625 72
153 55
1961 75
1810 64
119|20
95441 77
117176 88
1092 77
91529 94
74458 91
4387 87
79132 95
168252 96
44022 77
78499 95
122904 91
106782 95
442 71
4993 96
31685 73
6365 78
141004 50
4148 70
88744 85
8644 78
120|5
260 73
32 71
5 53
631 51
52 64
121|12
497 71
440 65
161 69
527 77
292 61
344 54
186 51
316 59
1 71
19 50
163 68
337 66
122|20
27660 87
69784 85
7022 98
148652 73
4816 85
56174 85
94959 92
81591 88
71535 93
30810 89
2997 99
1732 100
108932 96
780 82
1090 96
3253 86
106782 99
72226 105
1200 96
1214 96
123|12
68554 68
115569 81
79132 83
109487 79
1196 85
4226 84
296 84
7153 84
143458 70
47 81
96829 85
2858 81
124|10
56145 82
2161 77
260 89
175 92
1358 80
6377 87
4226 90
3147 89
608 90
1223 95
125|20
5088 70
86721 70
110330 70
54503 84
72011 77
162578 88
119145 84
176371 80
55247 82
1240 82
86332 76
68157 86
112623 73
4082 40
160567 81
3342 70
109487 83
88140 76
98607 70
81562 81
126|8
364 71
349 62
231 53
380 62
410 56
300 62
253 63
457 70
127|5
2915 51
903 61
55276 55
5060 58
272 57
128|7
904 92
965 84
926 85
1066 85
1721 73
1080 84
1198 88
129|20
4370 70
480 80
3698 72
2692 87
2138 90
1968 82
8368 85
653 66
7143 83
316 70
6874 87
239 63
2916 80
733 78
4896 82
2028 88
3977 58
3000 88
1907 79
31658 87
130|6
208 58
316 64
292 65
110 79
590 75
296 82
131|14
2273 58
6947 66
58559 76
908 74
4878 72
89745 69
7256 70
68237 71
2722 49
2028 73
48516 75
3178 65
64614 71
969 71
132|20
6251 70
3275 70
4995 66
2987 61
7444 55
3262 58
4168 48
31658 67
44191 65
1089 70
3967 64
5502 55
50 70
58559 71
5992 67
2108 59
1844 68
2657 55
47 66
2470 54
133|7
454 59
356 68
589 65
150 63
153 47
380 57
527 70
134|7
442 63
595 76
349 72
380 71
367 67
509 73
296 86
135|20
592 71
4084 61
893 59
3994 75
2004 70
608 86
1358 77
3852 70
3489 73
1614 63
1198 87
4128 76
1883 66
2302 68
1291 85
410 65
1261 89
4022 76
4881 81
1077 80
136|20
161 76
193 50
585 56
338 57
277 64
380 70
181 39
337 73
437 48
165 71
611 72
151 72
340 65
252 67
432 51
552 63
350 69
280 80
273 57
150 77
137|20
6787 83
2716 77
1198 84
750 90
919 76
1270 81
318 89
150 77
2997 82
1200 79
6986 70
7153 84
1242 83
110 81
33493 71
1197 86
2959 87
1237 89
903 83
7762 89
138|5
2707 61
1960 70
1959 67
849 55
3996 72
139|20
4025 38
7445 45
60684 47
4865 46
68319 37
7090 50
5502 41
260 51
8371 40
53953 39
58025 38
106782 51
6957 44
7163 35
3827 38
3624 40
52722 38
54259 45
4367 38
115617 47
140|20
5699 70
5299 62
1393 71
356 80
609 63
32596 60
4795 65
34072 70
1617 80
5256 48
5943 52
1084 78
4337 70
3108 75
43396 79
4719 53
1005 43
4321 66
5812 77
4259 71
141|20
5418 73
54503 76
4963 73
2478 60
71535 72
317 61
68954 76
54286 70
6365 63
54272 70
4447 61
5502 63
6377 76
6373 64
1265 76
91529 77
2502 78
441 74
1517 68
48516 80
142|8
434 64
384 73
588 79
50 89
527 89
356 86
337 76
377 74
143|15
1721 69
61250 53
6942 76
7169 67
8533 74
106696 73
3421 76
87232 75
78316 68
69069 72
59421 50
2144 73
96821 79
7173 62
500 68
144|20
589 78
541 82
8368 79
597 69
590 76
410 62
1246 80
527 84
356 82
500 68
19 55
2700 74
434 60
733 72
780 67
1036 78
5377 78
552 62
586 60
2081 73
145|5
344 57
339 65
380 65
318 84
588 71
146|7
7293 67
3257 55
32 73
1367 56
3686 57
410 58
47610 68
147|5
1234 81
168 61
552 62
555 75
2395 69
148|10
88125 77
5618 82
108932 76
81847 73
72998 71
5816 72
8368 77
7153 81
81834 79
4993 81
149|12
1097 63
1374 65
1831 41
1527 63
260 69
173 45
1206 70
1200 66
2021 59
1580 58
1391 52
1375 56
150|6
3 66
1356 78
5 60
95 61
733 74
1073 78
151|12
786 72
562 92
780 79
837 79
747 65
1265 93
828 71
1073 90
1 91
648 81
1393 84
1359 63
152|13
50 85
2959 86
116897 81
89492 75
1193 82
69481 79
85774 69
115713 78
111 83
92259 86
1234 82
79132 82
318 88
153|20
134853 48
1732 49
8533 44
4014 44
81456 39
106782 49
8528 44
6863 41
87194 39
2617 38
1246 48
106100 48
1954 46
7458 41
4226 50
89904 46
72998 44
133780 70
586 36
36535 47
154|7
114662 88
119145 96
81834 98
122904 94
106072 83
76093 95
77561 83
155|10
153 60
3286 38
1200 82
260 86
141 73
2355 77
2384 59
2948 78
432 52
2959 90
156|20
26313 70
31038 70
1230 78
1711 62
3341 84
6296 74
762 48
2361 58
2076 77
4784 60
661 66
2926 66
8571 70
47 78
3176 70
58 79
848 61
866 81
1485 61
923 79
157|5
785 64
3617 59
2720 39
2770 49
527 79
158|6
1093 73
2605 64
2872 79
2723 71
2428 54
66320 70
159|20
2959 76
60069 71
45720 64
597 62
4022 65
89864 66
49286 61
140110 63
84954 57
4447 57
1197 75
68954 71
6942 68
1961 69
106696 65
480 66
539 62
166643 67
40819 70
63082 71
160|20
126 33
1371 52
1198 69
196 44
3408 58
5349 60
3213 67
2408 41
839 48
3593 26
2748 27
533 49
1975 43
1676 56
3745 57
2011 58
733 60
3826 42
778 67
2840 46
161|8
4980 64
7247 76
47610 75
1223 90
38038 82
3429 88
2144 75
2336 77
162|8
150 91
225 84
168 73
50 101
300 83
266 81
31 82
62 83
163|5
1608 60
1810 59
1747 61
1777 62
1837 46
164|8
1036 90
2916 85
110 91
589 90
3527 85
1101 78
1201 97
2167 74
165|13
2353 66
3624 63
110 79
5505 67
5527 73
3256 69
5956 73
5418 76
5530 50
5450 70
1127 71
3409 58
5881 64
166|20
33794 84
1721 75
4011 90
5378 69
3481 83
49530 80
2353 73
47644 58
54272 80
8961 83
1198 90
2542 88
1036 85
608 90
434 65
5219 69
5418 83
2396 82
349 75
2324 91
167|20
33493 65
4886 71
778 75
3052 68
7147 72
6857 70
45501 56
6480 70
1682 71
2231 73
784 54
33794 72
2083 72
2413 64
6333 69
8961 71
2139 69
150 70
6773 72
35836 66
168|19
3730 96
1248 105
1201 95
1089 95
296 93
923 90
1222 93
5291 84
3543 86
1302 81
3362 89
1148 93
3101 77
57669 94
2076 87
1729 81
908 93
85354 63
80463 88
169|20
3536 83
2028 100
364 97
953 100
4886 93
5400 74
8644 82
524 85
2795 90
1022 86
3114 93
3967 94
1517 87
1035 98
8641 90
6365 81
661 81
457 96
3287 57
1416 83
170|10
318 84
296 79
586 57
377 67
34 70
592 65
277 60
500 65
266 64
588 71
171|17
485 74
1220 92
1025 87
801 73
1259 95
1079 96
828 72
317 77
869 89
380 82
1136 100
1225 102
661 79
318 106
47 95
1198 99
1208 100
172|6
3087 62
3578 78
7438 77
2072 60
3793 73
2762 76
173|5
10 73
329 71
586 63
597 73
588 79
174|14
553 78
520 65
224 74
648 71
161 78
317 67
158 59
780 70
315 64
485 64
282 67
440 74
350 71
10 72
175|5
531 70
8911 70
43904 36
38388 0
8362 59
176|8
165 78
434 68
39 73
368 78
380 77
780 75
47 88
471 81
177|20
42002 60
91542 71
6332 59
3668 73
45672 60
783 64
27706 65
2657 64
114662 71
1206 81
83132 77
5218 70
508 71
3114 74
1321 66
2176 75
8798 72
88140 70
2012 67
339 67
178|16
7361 90
527 89
2329 89
5995 87
6502 85
4235 87
1198 88
208 62
6539 82
296 88
349 74
10 74
4226 88
1240 82
2579 82
318 94
179|14
367 71
589 86
161 83
231 66
288 73
743 53
1061 81
317 71
786 68
592 75
671 73
296 91
434 67
364 87
180|5
1261 82
260 79
1748 76
1242 78
2140 70
181|20
157 58
593 77
596 64
353 70
539 64
516 63
132 58
169 42
25 66
31 63
542 49
6 72
707 53
185 58
464 56
502 44
415 48
480 68
592 62
344 54
182|20
4879 70
6969 70
3911 73
2728 77
4313 67
8042 85
1291 81
3113 57
3578 78
1590 61
161 75
4452 53
224 71
4980 62
4262 77
2353 66
2890 72
1127 71
541 82
6041 77
183|12
480 76
380 71
1196 85
2951 83
2534 38
4085 71
1287 81
2194 80
3247 60
1233 87
2662 66
1408 78
184|20
158035 70
181413 70
193565 70
97304 85
74754 59
168250 74
191005 70
106072 73
166291 80
127152 82
86332 77
80463 85
5816 79
122898 62
81845 88
5810 74
170813 79
174479 70
112852 86
148626 86
185|10
1685 70
2396 74
5377 77
1721 67
5952 79
1393 70
595 72
2085 65
4995 78
899 80
186|20
2605 69
1214 90
1291 94
3745 79
1269 89
2527 80
2532 69
4361 80
1307 88
2968 87
4306 89
2541 78
1702 67
480 85
1097 86
3977 62
919 86
3527 85
593 96
1196 96
187|20
26122 70
3949 80
49272 80
231 58
1206 82
6874 80
1729 71
1209 82
48394 74
6502 79
2701 45
4027 76
288 65
2542 80
7153 82
39427 51
6890 79
1222 82
8949 76
1748 78
188|10
2346 72
1212 94
594 85
1282 89
3469 79
2396 87
1091 58
3341 97
1264 89
2206 94
189|5
48516 85
4993 83
79132 82
2959 86
58559 86
190|14
6711 84
4776 76
8784 79
4995 81
5630 67
4306 80
30749 79
1221 86
4975 72
8961 79
858 88
8464 76
69844 77
7438 80
191|17
496 70
21 74
72 72
175 91
494 74
417 86
17 78
6 84
85 85
292 70
314 81
58 86
235 75
213 47
161 80
160 60
162 90
192|5
356 86
288 69
316 68
349 73
432 52
193|7
44555 79
55442 76
4878 76
6016 78
307 75
1270 75
5618 78
194|5
163 73
1396 69
1500 73
1288 80
5060 76
195|20
3424 82
2770 51
1041 89
1653 79
1923 71
3160 74
4723 45
1863 50
2336 73
2166 40
4308 72
1909 67
260 80
2028 81
3252 72
2908 72
1392 67
1365 75
70 67
190 64
196|7
70286 79
3578 81
59315 77
58559 88
364 82
1214 81
110 83
197|7
1513 63
1240 84
1882 46
786 66
2167 70
153 61
1784 79
198|20
3894 70
3499 78
920 72
1213 83
3949 81
1994 70
1485 61
2572 71
4019 72
1089 84
110 79
593 83
4128 72
1270 80
4886 75
1079 79
2117 74
912 83
1573 68
1682 75
199|20
5464 67
2165 67
2280 0
736 57
5673 69
349 63
5502 61
482 71
8532 70
1172 77
300 63
50068 67
4881 71
3175 65
7445 65
2973 70
34338 64
41997 67
1956 73
377 64
200|20
3809 73
7022 85
50802 54
3968 66
2485 62
500 72
5610 45
590 81
1029 72
53996 74
2572 76
4993 88
4041 77
57640 80
1302 77
1784 79
6383 56
1653 86
1569 73
1517 76
201|20
1748 91
1527 87
1584 85
2858 92
339 80
589 91
2717 68
994 96
788 64
1196 97
2797 87
733 84
1259 93
2174 83
1198 97
2455 80
1569 80
1213 98
160 66
24 73
202|20
3329 70
924 83
29 84
2289 83
1197 88
1196 87
2966 80
161 79
608 87
1209 87
1296 82
3194 75
1784 77
469 77
923 84
2000 77
1587 67
1719 92
3147 86
32 82
203|9
56174 71
8665 76
2407 66
5952 83
590 78
49272 83
40815 78
333 73
296 85
204|17
1136 91
3949 88
33794 83
48394 81
27075 70
1080 85
79008 89
6104 94
8874 87
81591 78
4878 87
91658 77
711 66
2313 82
86320 71
55820 82
5218 78
205|6
912 82
99114 78
91542 72
5816 72
95167 70
96079 74
206|5
36 86
608 94
733 81
140 71
141 79
207|5
2991 56
2428 39
2707 50
3740 61
100 43
208|6
1210 76
2628 57
380 64
2353 62
2278 65
2762 72
209|7
60684 78
1291 85
68157 85
74458 81
185029 85
122886 79
88125 82
210|20
123553 70
34405 94
166203 70
3147 96
31696 77
7649 69
58559 99
2105 78
6365 78
34397 70
4625 51
84772 78
122926 94
76093 92
62836 70
33493 82
1584 85
47610 85
108932 91
122918 91
211|18
58559 86
63113 71
90405 61
57669 85
60684 76
7153 84
73017 77
2105 67
4367 61
356 83
2642 49
1556 40
318 90
44665 78
85414 71
1198 84
1136 85
260 83
212|20
170697 69
122920 70
122892 67
2571 77
5218 68
48394 71
3578 74
1196 79
135143 67
74795 66
179401 64
79132 77
77800 75
108932 74
110102 70
96821 74
8874 77
65261 77
59784 64
2291 71
213|17
3285 64
87520 49
80363 60
76251 79
8957 71
2860 58
1234 89
5419 64
51935 83
69844 82
39446 61
4132 61
858 94
69526 54
4558 56
49530 80
58559 93
214|5
83 70
628 58
743 40
1363 51
802 57
215|20
1172 85
4973 86
63082 80
1291 82
2028 82
3252 74
3210 72
1968 77
1247 81
49272 81
1089 85
72407 57
5650 80
318 89
1208 85
2000 74
1197 85
1196 84
1297 72
4019 73
216|20
104 65
21 68
3996 76
3946 60
2946 62
3993 67
3897 78
2599 75
34 72
3994 70
4034 77
3363 75
1965 70
3422 65
3555 69
3253 68
2087 70
3986 56
2018 69
1923 71
217|20
1867 70
3434 70
1275 66
2468 47
3197 50
1912 65
2302 56
1876 51
380 59
1221 72
2471 45
1918 49
1385 52
3165 63
1590 52
1562 40
1703 38
2056 70
1831 42
160 49
218|6
2657 59
2692 72
1380 59
1198 74
6934 58
5349 64
219|20
60072 58
2115 69
59315 70
6539 72
442 56
30707 74
1704 76
180 64
1219 75
1005 41
27773 74
56156 56
6188 64
6721 66
30825 58
2997 75
1552 56
1500 69
2890 67
1921 75
220|20
3996 85
733 79
1198 91
3994 78
6539 84
1258 90
1917 65
4545 75
33794 84
165 77
71264 81
4623 77
53464 51
5218 80
6365 73
3751 78
32 86
1036 85
5502 73
1591 66
221|20
4338 70
7013 86
8529 71
1080 85
3246 87
2871 85
1208 91
7063 91
2702 68
4029 86
5954 84
2352 83
922 92
2997 87
1278 89
2858 86
1212 89
1959 78
1961 84
3671 83
222|20
81831 70
100498 41
48516 76
1249 74
99813 72
91529 73
59900 51
93287 72
1721 62
2706 63
3273 44
2411 51
64622 65
7143 69
87869 64
778 73
30825 56
42011 43
673 52
64839 70
223|15
55854 70
6711 71
1 67
736 55
1961 67
457 68
2716 67
48394 65
608 72
8784 67
48516 74
3863 55
4306 68
260 71
2683 55
224|11
3496 70
3044 82
356 88
2915 73
289 68
3668 80
1270 86
2797 80
1721 74
2716 82
1259 86
225|15
2423 72
1285 79
588 76
1717 58
2791 78
1321 68
1136 84
1197 85
1753 74
2004 68
2371 62
1407 66
785 69
1060 74
3024 52
226|20
6938 70
32666 70
3552 77
542 54
1240 79
3098 74
2804 80
3668 76
3653 78
2231 80
145 63
2253 48
3052 74
2628 62
762 49
53129 87
4816 71
16 79
2144 74
46948 59
227|19
46976 82
52319 80
81845 88
109487 85
134130 84
215 86
48738 86
47099 84
1196 90
32587 82
912 91
55721 89
1682 82
750 96
778 88
40629 80
97913 80
70286 82
150 82
228|5
2571 87
1373 59
362 76
318 95
3113 61
229|13
34 78
589 83
377 75
45 70
587 75
5 62
475 89
442 65
597 74
364 84
213 46
110 85
527 89
230|20
34330 70
52715 70
47 65
7438 64
527 69
3147 68
45499 56
6537 55
2291 62
1387 65
6863 57
1485 51
595 60
4022 60
2096 55
588 62
4034 65
1676 55
8644 55
2641 50
231|5
92259 86
858 86
593 84
1198 84
109487 78
232|20
31867 70
41769 70
57526 70
70336 54
8644 66
1586 60
44972 44
4019 72
43928 41
30883 30
65802 58
8376 71
39292 73
1035 79
66198 64
66097 74
32011 45
6564 52
7451 75
33164 41
233|20
48394 65
3751 62
48516 73
1721 60
356 71
106100 68
162600 60
608 72
7153 71
134214 62
57669 72
122920 64
2329 73
4239 64
7371 73
3977 47
3147 71
3948 60
49272 70
5418 66
234|20
2616 71
2140 80
172 60
126 44
1562 52
4519 74
153 63
2710 62
3624 70
3483 69
1391 69
438 56
1460 0
2987 81
65 55
260 90
1359 59
3175 79
588 83
2080 77
235|13
480 74
736 64
500 68
454 71
592 69
235 70
595 74
32 79
527 84
648 69
223 77
588 75
377 71
236|30
1214 70
1278 70
1345 70
1350 70
1387 70
1388 70
1982 70
1997 70
1998 70
2447 70
2459 70
2490 70
2496 70
2502 70
2505 70
2542 70
2572 70
2580 70
2596 70
2598 70
2606 70
2657 70
2683 70
2694 70
2718 70
2770 70
2806 70
2858 70
3024 70
3052 70
237|10
32 69
4254 42
94959 66
293 70
1371 55
1193 73
7361 74
7980 71
43936 52
1374 68
238|9
4954 77
3528 75
4265 61
4901 70
4238 67
593 86
4499 85
4957 51
1193 85
239|20
58559 94
5459 65
4085 76
380 75
95 65
7445 78
608 91
7147 85
6378 81
2115 82
4896 83
36529 80
3994 79
33679 72
47 87
590 83
4022 81
208 64
733 79
51662 82
240|20
368 83
543 80
480 89
367 77
810 58
500 81
546 50
110 95
173 64
1 92
542 64
104 80
34 88
174 66
204 58
225 84
383 72
262 93
434 72
420 67
241|16
81786 70
71899 85
527 84
1206 83
1193 82
99114 79
100714 70
8981 73
53123 80
116897 81
56367 76
3910 81
106782 81
115569 79
4235 82
48780 79
242|7
39 66
380 70
231 60
457 79
592 69
454 72
111 83
243|8
112 79
353 94
62 85
588 92
193 61
586 74
181 47
376 79
244|19
3090 84
1049 72
110 82
257 70
165 72
151 73
1090 81
3755 65
2278 72
648 71
1580 72
1957 80
1610 79
1196 86
3256 72
1573 71
1242 84
3753 71
2243 71
245|5
3196 61
2739 60
3114 57
3274 51
1361 59
246|20
1304 91
616 82
1680 84
6016 96
3081 80
44191 90
60684 87
4973 98
1732 94
1298 84
53125 79
2291 86
2692 93
293 92
4011 96
5013 89
60069 92
48082 91
82202 66
95167 82
247|20
48516 80
593 80
2858 75
49272 77
1961 74
44191 75
527 80
116797 76
68358 74
122886 72
480 70
223 73
1265 76
2078 71
1198 79
1682 72
6377 76
1089 80
953 77
919 72
248|11
4886 76
1198 83
166528 78
176371 75
316 65
147374 66
102903 69
189333 71
122912 75
58559 85
5218 72
249|20
110350 70
102903 76
2167 71
94959 83
84601 73
2395 77
97306 78
3408 76
89047 70
91500 75
91542 81
40815 83
69844 83
904 95
46723 78
3826 56
68791 75
88812 69
67695 85
50 92
250|6
1282 90
2407 75
318 103
1597 73
1246 93
8880 79
251|5
142115 0
293 92
356 95
318 103
1089 98
252|8
164179 86
89745 86
6377 88
164909 85
1682 84
166643 83
143355 71
78499 90
253|10
44555 98
916 96
608 96
2300 92
7099 92
4217 85
26366 70
1192 99
4642 97
3363 89
254|20
46578 82
44195 85
207 74
49278 70
6333 77
780 70
110 82
1210 84
49272 84
27846 82
32587 78
2571 84
44929 76
47 82
293 82
1580 71
5995 85
32 81
592 71
48394 77
255|9
1270 58
4467 60
2023 51
3501 40
1663 54
1394 57
3392 49
2542 58
2915 49
256|20
3247 66
88744 82
377 79
4973 95
53972 77
118696 72
95441 74
104841 81
71535 85
2953 56
81229 79
53121 67
30707 89
2571 91
68791 77
170 74
6942 85
90405 67
6537 74
33493 79
257|5
1500 67
594 66
2502 73
494 62
2406 62
258|5
4995 83
7147 80
72641 79
76093 82
47099 81
259|6
508 65
5945 59
1784 65
4886 68
1356 67
1584 65
260|20
7361 83
3556 70
162 83
903 81
5690 82
6337 74
4878 79
5617 75
342 70
5219 62
2997 79
8011 80
1206 81
3317 76
6709 64
8874 79
2348 75
3822 78
2959 84
8645 77
261|11
3897 82
16 80
2060 69
296 86
2723 69
1682 78
4085 71
2194 80
7361 87
4238 67
58559 88
262|12
708 62
539 63
457 71
322 65
339 62
85 72
26 68
17 66
213 39
273 51
593 76
728 62
263|20
223 79
150 79
500 70
2987 75
2953 51
110 82
4226 85
8370 83
1197 87
7458 70
708 70
1111 82
2125 74
6942 78
5013 80
163 77
457 81
8636 77
1967 79
2085 69
264|12
7841 0
1376 68
151 69
5816 71
1907 71
1320 62
1917 58
150 74
3578 77
1090 76
253 69
1876 58
265|20
3807 70
316 61
253 67
1302 68
724 58
1240 74
3504 78
230 65
3831 67
1956 75
3098 69
529 73
1270 76
3791 61
1177 82
2322 57
1488 62
2474 66
1198 79
1962 70
266|20
476 70
2812 70
2700 73
2278 67
24 61
2770 50
2702 61
64 46
1405 60
2580 77
1527 73
2167 63
457 75
1580 67
2300 77
1923 71
2094 62
132 62
2571 79
2097 59
267|12
2858 87
593 92
1175 88
3006 84
1302 79
3999 54
3113 63
1093 75
589 86
2571 90
923 88
3996 86
268|20
1641 67
587 62
1125 65
1911 50
2802 54
1036 70
1370 61
50 75
2064 70
1784 65
1912 68
1966 63
454 63
1234 73
2247 57
1394 71
2829 49
802 62
260 73
2858 71
269|6
724 66
743 52
95 64
1 84
63 51
648 74
270|8
661 61
62 63
79 50
628 65
14 65
1356 69
141 64
25 66
271|9
3897 71
32 70
2791 69
969 71
6787 73
2858 71
55765 70
1320 57
2288 70
272|7
177765 70
1240 73
51662 70
122922 71
49272 76
158238 74
6365 62
273|11
440 81
593 96
500 78
608 95
223 88
111 95
150 87
21 79
466 66
235 80
520 72
274|20
50147 70
2947 75
3037 83
1645 68
4951 66
2036 50
1359 53
35957 66
553 74
76293 60
3918 58
1503 70
45431 68
4816 68
54999 68
5667 70
4876 42
56805 68
1921 78
54004 70
275|20
1784 80
2289 87
5884 70
1171 78
357 76
1912 84
2539 67
235 76
4886 83
2572 77
2355 80
3253 76
1192 93
926 88
111 90
2100 69
3089 96
1393 78
1719 96
1392 74
276|9
673 74
356 106
466 74
104 87
631 74
648 89
2 89
1367 79
344 77
277|6
637 66
736 72
656 65
1 88
780 76
260 92
278|5
2371 65
1347 69
4002 80
318 94
2369 62
279|20
134130 75
1101 66
166528 75
90405 58
61132 68
79132 79
56782 85
97913 71
1608 65
4226 80
59315 73
88129 71
54286 72
1258 80
8665 72
58559 83
4993 80
8376 69
107406 69
1200 76
280|20
92535 96
344 66
262 86
3146 55
4239 82
4447 71
8638 81
919 83
72641 84
86817 57
8368 87
49530 81
6863 76
35836 78
55052 80
54503 88
4246 81
48516 93
1911 62
3916 83
281|5
46578 71
8361 55
35836 63
3897 71
3861 51
282|20
5995 90
3977 59
3263 66
25 79
6708 78
2683 68
4718 63
6711 89
5481 63
6863 75
5669 82
3752 70
588 82
80463 86
1921 87
1193 90
4369 68
48322 85
1194 85
784 63
283|7
1580 61
39 58
1704 72
356 72
586 53
2082 49
805 63
284|18
474 85
173 62
2 80
296 97
15 67
348 88
248 72
318 103
47 93
353 90
275 44
44 64
339 80
367 75
276 71
165 82
637 68
235 82
285|8
1193 84
949 78
1247 83
6978 61
113207 70
4447 65
441 79
296 85
286|20
454 72
778 82
5989 78
1333 74
165 70
500 68
7438 79
2294 65
4993 83
4995 80
7361 85
70 69
4980 62
1258 83
4963 77
1097 75
4848 81
539 70
377 71
110 80
287|20
3160 58
3578 60
223 59
2633 62
1059 58
586 46
3005 47
532 47
1193 63
2599 59
2028 63
1485 48
3826 39
2081 56
8949 59
2012 53
101 61
4034 61
2422 31
2115 57
288|20
4473 70
4966 70
1008 70
2867 64
42015 54
141 64
2571 75
13 62
53519 61
2407 60
5418 71
3916 69
2347 40
2528 58
30810 67
575 50
32587 70
587 65
2517 56
8361 57
289|24
3 70
16 70
235 70
266 70
594 70
708 70
750 70
1080 70
1101 70
1208 70
1220 70
1258 70
1917 70
2012 70
2174 70
2710 70
2797 70
4322 70
6125 70
6327 70
6453 70
7025 70
7028 70
26704 70
290|20
1228 92
1299 90
2494 80
2739 88
608 90
2130 78
908 90
341 70
1447 69
342 77
1056 70
1719 96
953 88
928 88
1394 86
2648 75
475 92
2731 84
1357 88
2385 51
291|7
40815 87
122892 82
106489 75
134853 91
7153 96
88125 91
1 89
292|20
520 61
103339 53
122900 68
4896 73
2291 73
474 70
85056 61
46972 60
95167 68
164909 74
3176 68
3476 73
1608 65
31221 39
1101 66
3985 63
3984 68
1017 68
69844 73
231 57
293|5
1682 60
1673 64
344 47
1617 65
1097 59
294|20
416 40
3869 61
1064 54
2794 48
610 57
2133 58
1391 51
3868 59
1129 59
520 52
3387 56
355 38
2378 50
3693 41
785 56
2193 58
2367 44
2458 46
348 62
3501 46
295|9
1221 88
3198 83
1287 82
1213 88
4351 71
1198 87
858 90
318 92
2329 88
296|6
160848 70
2028 87
169034 70
4144 85
50 90
2324 90
297|15
832 53
543 53
1645 55
111 65
454 56
1089 67
6 62
1249 65
1047 50
1370 54
1488 51
150 60
170 52
1092 52
866 65
298|20
57640 52
95510 47
6811 43
8370 56
8807 51
63131 49
6881 50
3785 43
122900 50
103042 46
6294 37
2167 46
2005 52
6006 43
653 43
55995 39
3018 49
69757 52
103772 48
3825 39
299|5
3793 79
1387 85
188 73
1198 90
1214 85
300|32
318 70
356 70
527 70
593 70
1172 70
1704 70
2028 70
2324 70
2329 70
2571 70
2762 70
2858 70
2959 70
4848 70
4973 70
5995 70
6016 70
6711 70
7361 70
8950 70
48394 70
56174 70
63082 70
79132 70
81591 70
92259 70
99114 70
109487 70
112183 70
112290 70
112552 70
112556 70
301|20
21 66
357 67
2490 67
6711 79
589 76
8949 74
837 65
3948 67
364 77
527 81
5989 75
4963 74
608 80
292 64
3578 76
3897 77
4226 80
3753 66
1393 70
1792 62
302|7
480 81
14 77
3 70
25 79
648 75
707 63
110 87
303|11
5378 62
3703 77
1127 70
5544 76
1196 81
3471 74
1580 68
1394 77
2683 61
920 71
1358 72
304|20
314 84
2571 89
2433 64
10 76
1376 76
480 81
1373 61
1777 75
1270 88
1517 78
151 78
356 90
208 64
474 79
1214 86
1375 73
640 58
1722 66
185 68
2701 50
305|20
74624 70
140627 70
87869 77
919 81
1197 92
106100 86
138210 77
788 59
7482 83
80590 62
103075 50
903 89
6537 72
93840 83
54736 82
592 74
2288 84
58803 80
55276 80
1272 94
306|20
5784 46
68954 76
69644 58
6377 75
95543 59
81847 71
111743 59
85367 76
168418 75
167018 63
72998 68
122904 73
69406 64
85788 34
4963 72
115664 67
134368 68
112852 76
161634 61
133419 61
307|20
2190 70
4181 70
31424 70
49314 70
5010 65
7845 53
3392 57
1220 65
6793 37
6483 17
2332 23
56003 45
1991 48
3273 41
4876 36
3421 64
1409 45
413 47
4447 54
52867 70
308|20
2959 56
45517 45
96821 51
72998 47
318 57
2 45
904 56
589 51
8961 50
56152 48
56367 50
5618 55
36 49
410 41
79132 53
4993 54
8464 48
1221 54
2248 50
6 52
309|20
2202 88
1645 67
898 86
1682 74
296 81
1089 82
1269 76
7153 81
6947 72
8340 71
1104 89
7218 70
25886 75
1219 79
8154 83
971 83
1944 75
6365 65
1262 83
2762 75
310|13
6863 70
6947 74
1101 69
6503 51
2524 84
2457 70
5899 77
733 73
246 87
3254 68
1223 89
1080 80
2671 71
311|6
6561 70
5992 47
1517 42
6461 46
1407 38
2706 41
312|20
5816 75
1375 69
3499 81
589 81
2454 66
1358 77
4878 84
4103 80
3793 76
2028 85
1371 65
4121 65
2366 74
2747 63
4105 79
5446 76
2699 59
2529 81
1350 82
1356 78
313|20
4980 61
170 65
3917 67
2455 68
5544 77
541 81
2193 70
2000 72
6 78
1968 75
1089 83
1301 75
1240 76
3175 70
4865 72
2005 73
2167 64
1375 65
2087 71
2530 53
314|20
7 53
1042 56
44 49
165 62
457 69
293 70
597 61
329 59
442 54
26 67
830 51
728 60
618 70
107 59
536 48
10 61
1376 62
153 50
208 52
150 67
315|7
1262 76
2729 70
2529 70
2067 74
2553 62
909 70
902 70
316|11
1748 72
253 64
3968 56
158 51
5445 68
3751 65
7438 71
6874 74
48 58
3882 51
2572 65
317|20
133115 70
73321 63
91529 79
74545 69
7445 70
1213 82
48774 77
4262 75
1884 77
5989 76
3578 77
4011 81
68358 76
1208 82
72011 71
3897 78
3499 76
96829 82
116797 77
56782 85
318|20
26713 70
81191 70
90245 70
111817 70
127180 70
145080 70
150696 70
7445 73
1090 80
116799 71
82459 77
48385 69
2294 66
64839 80
88125 81
109487 80
4021 102
33794 79
54286 76
89753 75
319|7
115617 86
6377 91
356 93
136864 54
1221 95
122904 88
110 90
320|5
72998 65
71535 68
31184 68
59315 67
1013 58
321|12
587 75
356 87
160 61
592 72
597 74
780 72
339 73
355 50
410 66
3 68
500 72
457 83
322|20
2882 37
1968 68
2542 72
58559 75
2788 72
2146 61
2617 57
2918 68
778 72
2599 67
4027 68
4993 73
1230 70
51540 67
1 69
1617 73
1923 64
4010 55
11 65
1035 71
323|20
377 61
480 64
356 71
1094 59
161 65
115569 68
1198 72
29 70
551 61
22 58
318 77
112183 62
253 61
111659 49
3257 52
260 71
150 66
329 58
342 62
266 59
324|5
2764 72
3972 73
3864 36
3949 73
3897 71
325|20
2848 70
235 69
2986 57
262 77
1573 68
2596 71
1584 72
1217 87
1676 67
4714 39
3770 47
3261 67
2894 70
2155 67
1279 81
1614 60
3994 71
2268 75
2915 68
5008 86
326|20
8665 76
47610 75
20 53
2858 81
86882 75
5418 78
4973 87
133771 80
48774 81
2324 86
1293 77
2692 82
72605 65
70159 65
54286 75
5446 75
6591 91
4226 84
105844 74
31410 76
327|10
3301 79
150 85
858 96
1923 81
51255 91
48516 95
1304 89
765 68
6888 48
2706 78
328|20
2687 57
112852 68
70286 64
1196 71
457 66
364 67
80463 67
3489 59
318 75
595 62
5349 61
2542 69
1219 68
35836 60
3751 61
79091 63
7153 70
596 59
2398 67
1148 70
329|5
130482 70
136850 70
858 57
1884 52
750 59
330|20
5378 63
316 64
1639 73
2918 76
919 74
3949 81
3535 74
5349 71
380 68
1676 67
2502 81
3703 78
1682 75
2683 62
1206 82
1721 68
2791 76
2081 72
8874 80
592 68
331|20
8874 81
6157 52
88125 78
6539 76
3897 79
4446 70
7361 84
50872 75
4995 79
4306 77
6874 80
5502 66
3911 73
608 82
4447 64
593 83
3751 71
8665 74
4367 59
2959 85
332|20
47 77
1653 78
1258 80
316 63
8983 70
431 73
97757 70
2291 73
1835 64
356 79
5502 65
4308 71
1203 81
1682 74
1249 80
76251 70
2905 76
318 86
2294 63
32 76
333|5
3785 50
3752 53
3616 53
3615 50
3646 34
334|20
55820 68
1196 74
1580 62
1291 73
3996 69
589 70
30810 65
4027 69
1 69
64957 63
1625 66
50601 49
44195 73
27416 66
6867 67
2997 72
293 71
480 66
5378 57
51935 68
335|6
780 67
592 68
356 81
296 82
2699 56
2001 64
336|12
1267 94
1 89
38798 73
33660 92
1784 84
2001 74
2268 87
293 92
1625 85
4886 87
50 97
150 87
337|16
318 110
47 99
16 97
805 89
1393 90
266 85
667 61
168 77
784 72
65 62
110 100
708 85
25 91
1356 94
277 79
786 77
338|8
189111 70
190207 70
190215 70
190219 70
7153 70
593 70
187541 51
185029 69
339|20
72641 81
5445 80
84152 84
96079 81
106072 73
69122 81
5617 82
41285 82
56869 70
48322 84
65216 79
91630 77
86504 87
91529 86
83613 64
4993 88
3470 89
102407 70
2028 88
5952 87
340|28
10 70
110 70
150 70
153 70
161 70
165 70
185 70
208 70
253 70
288 70
292 70
296 70
316 70
318 70
329 70
344 70
349 70
356 70
454 70
457 70
480 70
589 70
590 70
592 70
595 70
648 70
780 70
1356 70
341|11
2335 70
3624 68
130087 65
1370 74
135137 56
117529 69
5459 64
45672 68
1 84
47099 85
4025 66
342|14
2683 59
2598 52
2881 58
2369 55
1268 71
2605 56
2599 72
1198 78
3157 51
3826 47
2428 47
2827 42
3863 60
1959 68
343|12
858 89
3000 84
48394 77
4226 85
4878 84
3993 71
2571 84
1617 85
31658 83
55363 87
55820 79
296 86
344|14
111362 76
380 69
316 65
2628 61
4226 82
2571 81
4014 72
2012 68
4034 78
260 81
2541 67
4973 85
5418 76
2712 69
345|13
1019 74
2539 65
926 85
5902 86
8810 55
344 63
5707 65
2366 76
56949 68
3649 53
6658 68
3489 74
412 73
346|20
3174 67
778 77
608 79
6711 78
6286 76
306 84
7323 72
307 77
3535 71
1212 78
357 66
3949 78
714 75
7937 0
7396 80
5878 78
1120 70
1131 80
3627 64
7115 63
347|9
434 61
590 76
39 66
150 77
454 72
380 69
587 71
317 65
457 78
348|11
318 105
2324 100
4368 57
1213 100
6016 99
2959 102
6893 97
4973 101
1221 100
1960 89
2019 100
349|8
10 73
161 79
589 83
381 77
349 74
231 63
588 79
509 74
350|8
852 61
7 57
637 56
648 66
733 70
12 44
858 83
661 64
351|20
88932 70
87222 69
73344 90
52579 62
2231 80
88744 74
43836 58
79132 83
597 71
58559 87
12 47
8914 72
8950 80
63082 82
6214 80
90376 89
84152 80
480 76
4878 83
1193 84
352|20
72998 77
71745 58
1801 77
34319 72
2600 78
65682 75
1080 84
79695 68
110730 50
38038 85
130490 66
97752 78
1214 84
94864 71
41566 74
56587 75
44191 83
114935 83
59315 80
47610 78
353|18
552 65
25 76
267 61
216 73
367 67
288 69
144 67
186 59
333 75
266 71
112 68
198 71
234 53
145 65
293 83
158 58
163 78
296 87
354|20
1610 78
4306 80
2692 83
3147 84
47 82
903 84
733 74
3977 56
1225 87
35836 73
648 71
44191 80
8665 77
1917 61
7147 79
1923 74
589 80
2959 88
4718 60
1196 86
355|6
316 72
1580 77
3035 91
3175 79
317 71
916 92
356|20
2248 82
52435 86
52975 76
7122 70
44889 70
1641 81
2706 74
4011 89
802 75
7323 81
2502 88
56367 81
1223 94
55118 86
3949 87
3996 83
1246 86
1466 79
223 82
7153 89
357|20
4354 70
8998 70
27329 70
2804 84
595 79
529 82
4663 79
4091 73
1224 83
1242 87
34 78
208 62
58559 91
6296 80
30793 68
1042 68
2100 67
551 76
471 78
2067 88
358|9
26095 70
605 58
5066 73
52328 78
2226 70
42728 70
7361 88
69844 79
36525 56
359|15
405 44
1092 61
1101 63
51412 49
648 64
296 77
1097 69
2396 70
2424 60
593 77
2701 42
2942 50
1682 70
2530 50
4995 73
360|5
1422 60
1620 61
1488 63
1711 60
1414 60
361|20
47099 68
1580 61
377 62
1552 52
49272 71
1263 69
53125 60
589 68
49822 58
8360 63
318 77
2529 68
5218 64
6188 60
2422 35
3082 57
1732 71
1370 60
46972 54
7458 60
362|20
1945 98
592 76
6539 86
51540 84
5989 87
637 65
70 76
7153 92
1252 95
44665 86
407 86
6874 90
2959 96
1196 93
1208 94
8961 86
48516 94
7438 87
356 91
1201 94
363|6
1552 52
1732 71
1517 62
296 73
653 54
318 77
364|5
858 100
9 70
783 77
376 76
1 91
365|20
59315 58
81229 54
128975 43
6874 62
90345 55
158872 61
129354 38
103075 35
135536 44
70286 58
112852 62
76077 52
112818 55
1777 53
6502 60
155820 24
541 63
95720 44
93270 36
135569 53
366|7
116797 80
59315 76
33794 78
91529 81
2028 83
122882 77
7438 79
367|20
926 90
3061 80
1270 91
1287 89
486 60
3536 76
3824 58
2384 64
3072 81
898 100
3618 77
3225 54
2248 86
3157 61
3969 82
3717 71
1259 90
4023 69
1196 94
1258 93
368|20
3753 59
2112 54
1944 67
2986 50
3869 64
1214 68
2947 66
415 45
3035 71
832 58
50 73
2819 65
1801 62
2490 60
1917 51
1391 54
2193 61
225 60
161 65
2881 53
369|20
1256 70
785 63
47 74
2706 64
839 54
377 65
52973 68
743 45
4214 54
5418 71
3863 59
1372 63
27904 70
60069 74
2857 60
1967 71
150 70
2011 66
1580 64
3174 65
370|19
4011 76
4878 75
8961 71
6377 74
2628 57
1748 72
2116 60
589 72
2329 77
7438 72
3977 50
1676 62
593 77
4973 79
4226 76
1240 72
1089 78
8636 69
2716 70
371|9
2571 98
112512 70
1258 99
4090 86
56715 98
3000 97
4226 99
4993 98
1748 94
372|20
335 70
924 74
318 82
1603 50
1479 61
589 73
81 59
387 45
616 67
337 68
1220 72
1201 78
165 65
1243 72
1258 77
377 66
1401 63
450 57
1206 77
1306 47
373|20
216 66
60 60
169 43
350 64
585 53
44 52
371 67
163 71
616 68
198 65
265 73
25 69
6 75
733 69
47 76
2 65
736 60
305 57
357 66
141 66
374|7
296 83
208 59
1219 81
480 74
592 69
1258 83
1339 70
375|7
344 66
1027 67
32 87
2628 68
3256 77
4226 92
500 75
376|20
91535 66
2002 64
1214 85
1101 74
2916 80
33794 83
1198 90
349 76
1371 68
376 70
1240 84
1375 72
4993 89
858 93
457 85
4226 89
5952 88
344 64
2763 80
2797 81
377|20
4942 70
2793 48
1262 95
2791 87
748 69
1345 77
5027 67
5113 73
27692 70
3421 85
6021 70
3364 81
2072 68
8641 82
2163 53
92760 70
2858 89
1503 80
2124 75
2015 76
378|10
33794 78
7153 84
48516 85
3114 76
858 87
68954 81
91529 81
71535 77
90600 71
364 80
379|8
318 88
377 71
19 54
292 66
480 74
367 65
597 69
344 59
380|20
60818 70
172875 70
172881 70
172887 70
355 51
6979 78
5476 33
2735 67
68194 86
63433 72
72356 94
105731 47
1833 66
551 79
6731 83
27831 85
1665 64
393 58
140956 71
2791 86
381|20
2085 68
1088 71
3253 72
185 63
317 65
27808 65
1240 79
19 56
3753 70
4321 68
72011 74
3082 66
333 73
2140 74
1385 62
2273 67
1208 86
457 79
104 68
2716 78
382|20
1204 95
142372 48
135532 63
1201 94
112171 77
1198 93
912 93
81847 84
4638 65
63540 37
1681 52
170289 70
103042 72
72737 77
2496 72
357 78
81537 71
59501 76
101362 58
4890 69
383|7
2436 76
2541 70
2496 67
1584 76
2558 46
1246 83
903 85
384|14
3527 69
1388 55
2683 58
2502 76
4333 56
3098 68
4396 58
457 73
358 50
968 71
2724 52
296 77
3991 53
1204 80
385|20
736 59
1080 74
249 72
1219 76
1036 73
1136 79
282 60
1073 72
1200 73
1228 80
1022 66
1007 58
1201 79
1246 75
344 56
589 73
1023 68
1287 74
594 69
1303 75
386|14
110 64
410 51
112 52
165 57
223 62
648 56
185 50
608 67
485 50
305 49
44 45
585 45
349 56
10 56
387|20
4393 70
5156 70
5780 70
7336 70
26124 70
40966 70
2712 64
5062 68
1247 75
5489 70
4195 52
7132 78
2946 58
1387 73
3000 75
51939 54
4995 73
912 77
7938 70
1783 61
388|6
6158 70
63239 70
33615 63
86298 58
62999 65
8360 69
389|7
17 90
140 78
628 88
762 60
743 60
95 74
32 97
390|17
6344 70
64957 71
4239 75
5220 50
1193 83
2571 83
9010 80
2291 76
5296 57
4226 84
7254 73
6377 81
63062 72
1206 84
2329 85
4014 73
1784 74
391|20
5575 70
500 66
3994 72
1213 83
516 68
199 69
4027 77
150 75
1408 75
4014 72
1527 74
1059 75
2916 74
4973 85
357 69
555 76
5026 80
4936 70
1210 81
3067 71
392|5
3004 53
2858 77
707 56
1198 81
1125 70
393|20
91658 72
102125 71
48394 75
36517 77
8636 75
110102 75
44199 76
5388 66
54259 73
4848 81
5669 76
1291 82
68848 73
86190 69
2571 82
1206 83
122892 72
106642 88
1625 75
106489 66
394|5
588 60
316 52
344 48
225 56
457 63
395|13
329 62
1025 66
296 75
160 52
208 53
173 49
485 57
355 43
520 57
595 67
126 37
48 58
367 59
396|6
1276 76
1597 57
1777 63
44 50
204 44
2081 66
397|5
4017 72
8645 79
1701 78
8228 73
6993 78
398|10
6408 70
1197 94
5971 86
7022 89
1198 92
60069 89
2455 77
1136 93
48516 93
82459 83
399|8
1198 83
110 80
5445 74
1196 83
593 84
480 74
1270 80
2194 78
400|9
608 93
356 92
2571 92
2959 96
7153 93
1221 94
3578 88
858 96
59615 66
401|15
5952 77
6297 68
55768 59
48982 68
166461 66
49274 44
50872 72
32031 60
79091 71
170939 70
38038 75
8360 68
3114 72
33615 63
1136 80
402|10
1084 87
597 76
52 78
329 74
296 91
586 66
315 68
1036 86
434 67
527 92
403|7
110 78
2427 63
3210 70
296 82
61465 55
1663 75
180 67
404|12
204 47
349 67
474 70
34 71
364 76
508 71
105 62
593 80
509 67
277 60
315 59
185 60
405|20
70708 70
293 84
7254 77
37731 78
2959 91
345 78
1213 89
7134 70
64614 84
6023 0
1241 80
2329 89
1247 86
3052 77
68237 84
1199 89
27592 84
27664 67
3418 76
1215 86
406|5
1586 59
135 55
56949 63
46972 60
724 60
407|5
7153 88
2959 91
6539 82
1240 83
54286 78
408|20
1198 97
122904 90
44840 72
165101 60
6618 87
1291 95
1210 95
89745 90
1278 95
7324 77
44 64
8641 85
115210 83
103596 43
68554 78
2571 95
109487 90
63131 82
80489 90
4649 85
409|20
2485 61
2490 73
2028 86
3812 70
1278 87
2997 85
296 88
1078 72
3016 68
1073 81
2683 66
2289 84
3846 70
912 89
2013 68
1911 59
2352 81
1230 84
2541 71
3174 74
410|20
389 70
3224 93
318 94
2302 69
4002 79
1060 78
4297 75
3263 65
1859 76
111 88
58 85
2145 71
3255 74
2321 74
3504 88
3948 73
11 78
4019 78
3 68
597 73
411|20
508 72
261 74
586 59
432 49
353 75
431 74
194 76
318 86
272 75
515 71
356 80
266 66
257 67
349 69
10 68
31 67
344 58
227 53
455 49
122 51
412|20
2828 21
2384 59
2915 71
903 85
608 86
2720 43
2858 82
1883 65
1307 79
1214 81
1784 76
2239 98
1 80
930 89
1136 87
2710 58
915 80
2398 82
17 76
1079 83
413|12
2706 85
1198 102
3753 84
2424 79
593 102
128360 93
4993 100
16 95
5574 83
3948 84
64957 86
2959 105
414|20
4458 70
4666 70
5285 70
5635 70
6033 70
6493 70
6563 70
6628 70
6797 70
48319 70
58879 70
169992 70
3802 47
3599 68
1600 0
8666 29
4975 71
7444 66
4081 38
177593 97
415|19
296 87
1213 88
4321 70
3507 86
4308 77
47 83
1021 51
111 87
2617 67
1276 88
3861 60
4369 66
99114 83
1221 88
63082 84
1234 86
45722 76
1197 89
175 89
416|11
5952 64
5951 43
531 49
1296 62
1199 66
1721 54
830 46
1206 65
7323 59
4848 63
3677 58
417|14
778 92
4995 90
4975 79
7254 82
1198 94
106782 92
27773 90
168250 78
1625 84
7153 94
74458 88
110102 84
48394 85
4878 92
418|19
356 81
296 82
63082 79
104374 79
1276 83
1136 83
117176 75
1573 68
137337 79
1682 75
5816 72
88125 78
74458 77
367 64
89745 77
45672 62
87869 70
7361 84
54001 75
419|20
4093 70
111 86
46976 79
27822 61
2858 83
319 78
6287 62
3578 82
1213 88
64969 73
47 83
79592 67
34319 71
89580 70
60756 74
27704 70
90943 70
2412 42
1240 81
52245 63
420|20
1161 84
4993 85
45499 70
923 82
26693 70
48385 69
1927 85
5608 82
2052 61
6934 68
7022 82
3979 53
59295 70
2329 87
54259 75
1131 86
2762 79
4973 88
5669 78
527 87
421|8
2858 82
909 80
5008 90
953 84
1178 89
2313 79
2478 65
1203 87
422|19
2539 59
2710 54
4947 72
4971 61
5039 72
4925 70
2581 59
4916 59
1265 77
2804 76
3053 75
2665 70
1283 84
4835 69
2908 71
3943 61
1213 81
2670 76
858 83
423|5
1653 83
110 83
2194 80
5349 74
1320 65
424|20
1193 82
141 69
2804 79
40278 76
608 82
108729 73
293 79
69122 76
1092 66
54503 79
58559 85
3186 70
66097 74
778 81
5679 66
3176 70
2288 78
2174 72
71668 74
112556 76
425|20
45517 67
377 69
2329 82
733 70
6 77
1645 68
8368 77
2081 71
4306 76
1680 71
1909 67
367 63
46723 71
1625 73
1036 77
4901 66
750 87
2353 65
1342 59
145 61
426|18
59784 66
150 74
471 70
337 70
54001 74
1197 82
6378 72
72641 74
4886 74
8644 65
37729 70
597 68
5444 74
91325 41
588 73
3247 57
4022 71
79091 72
427|17
4887 55
5463 52
5015 65
110 75
58 76
5528 69
6348 48
5312 58
2710 53
5696 45
4993 78
5266 60
2683 59
5400 57
5816 69
1208 79
5574 64
428|20
2471 41
2762 61
3827 47
1089 67
2953 39
2916 58
1380 52
1997 61
3440 32
4022 58
317 50
4255 35
1208 66
1391 49
6377 63
2581 48
260 64
3285 46
588 59
653 48
429|12
339 83
421 71
150 92
225 85
165 85
266 82
329 82
252 80
279 66
317 78
237 78
204 59
430|12
923 85
2987 78
3745 73
6287 62
2858 84
6365 70
2571 87
4447 68
4014 77
329 71
2076 82
4446 74
431|5
172 44
1625 60
1376 56
3948 56
802 56
432|20
1831 49
5630 66
6870 75
8640 56
6539 77
3916 75
5989 78
84189 70
110 80
35836 71
4886 76
2762 77
1206 83
49272 81
19 55
318 89
58559 85
69481 79
7158 75
33660 81
433|5
91529 76
1089 80
50 80
5299 60
110 76
434|20
1136 85
3147 83
1090 79
1265 81
5989 79
1101 69
1779 63
586 60
344 60
3863 64
1208 85
3160 76
589 79
780 68
6796 77
2791 78
4226 84
2194 79
8665 75
1291 83
435|9
2353 76
44191 89
485 71
3510 81
34405 92
2302 75
158 64
82459 86
48780 91
436|20
204 47
435 47
440 69
432 49
161 73
480 72
377 68
531 61
536 53
502 46
364 77
235 68
371 68
344 57
2 67
585 54
450 60
587 68
437 46
227 52
437|20
748 65
318 94
5 62
640 57
1299 88
1120 78
1396 75
1246 85
454 75
1171 76
1225 91
1183 78
1097 80
1307 82
1268 80
592 73
198 72
155 54
112 69
246 91
438|20
7154 63
2501 76
8966 65
27801 82
1527 77
6711 84
3898 29
1784 76
8644 69
6367 65
2424 67
3889 49
223 79
1517 73
7361 86
2641 63
5009 67
2617 66
3753 71
2393 66
439|5
356 84
4022 75
7153 85
78499 84
1240 80
440|7
8690 70
541 85
29 82
1653 82
1274 80
3174 72
1235 87
441|9
589 91
2683 73
2959 100
4306 90
260 95
296 96
51255 94
47 92
68358 90
442|5
2908 24
2881 20
1186 24
3752 21
4361 23
443|8
2329 91
79132 88
296 90
48394 81
106487 79
108190 63
7153 90
63082 87
444|9
356 85
592 71
208 60
21 71
111 85
110 82
235 72
296 86
344 61
445|16
2028 79
590 74
34405 78
47 77
116897 79
780 66
4011 80
899 79
593 81
33794 75
1080 76
45722 70
17 71
1230 77
306 86
2710 55
446|17
237 60
339 63
300 64
296 76
480 68
368 64
288 61
172 50
17 67
16 71
357 64
150 70
434 56
153 52
648 63
593 77
337 67
447|16
257 77
293 90
337 82
531 72
382 70
589 89
552 71
253 80
362 80
532 69
292 75
31 77
474 83
540 60
442 69
160 65
448|373
2368 70
3284 70
3933 70
6302 70
6476 70
7245 70
48262 70
49688 70
75803 70
75816 70
78116 70
79590 70
86593 70
92198 70
98908 70
100326 70
102819 70
104760 70
108715 70
109191 70
111680 70
113416 70
116207 70
116985 70
129657 70
130083 70
133377 70
136654 70
138546 70
142424 70
151777 70
152658 70
157130 70
158022 70
161290 70
164375 70
53996 64
136778 70
5418 71
288 62
88356 43
2580 73
155358 70
2889 72
4034 73
148888 46
81156 75
2713 48
103335 69
95441 61
34048 61
80126 49
3057 70
1057 66
2794 54
33830 69
8665 69
6059 66
110553 47
90374 72
151501 70
3764 44
6143 66
103819 30
4361 65
104913 70
3986 53
5528 68
1196 77
105351 51
83349 57
3276 70
1090 73
5349 66
587 64
106330 37
4677 62
95508 70
109895 13
110611 70
671 62
2289 74
152077 69
80693 64
111360 54
170 61
87444 62
94323 55
8493 58
3671 71
91653 65
4981 70
2991 68
78034 70
119145 73
5099 46
4299 60
2567 54
6996 26
109864 29
6582 53
73017 71
370 55
543 62
115617 70
590 70
154065 70
5553 57
41569 61
3286 33
6645 78
589 72
1920 58
2857 60
111663 0
78499 76
2657 61
6537 61
1148 77
46974 57
48516 78
80241 66
445 56
4262 72
3689 29
114935 72
6428 65
127194 70
109673 53
127096 72
89388 70
4156 70
3793 68
33679 61
2014 57
64285 67
3968 57
49530 69
3450 63
160563 60
5502 62
8169 68
6314 36
122490 70
3386 68
140725 65
4896 70
2642 45
127136 71
2763 69
2520 70
457 72
48783 69
3263 56
5400 56
5541 61
4011 77
58351 70
127132 70
152091 60
3698 62
435 45
4799 55
84152 73
3401 48
2858 74
3174 66
7076 70
106542 70
6218 62
2860 49
1283 81
3618 63
2616 59
90439 69
2404 41
4660 70
2530 51
26386 70
4327 63
3030 76
71464 67
32 73
91529 75
4158 53
99114 74
98585 63
93326 51
2268 70
80489 72
130576 43
105504 74
2791 72
50601 51
7007 62
4234 59
3623 53
80727 67
78467 33
8641 68
4128 68
106782 76
2537 31
112138 66
3247 54
112818 67
2027 39
3101 63
5779 70
82202 54
1704 76
98296 70
6863 64
89305 61
4203 63
1201 78
6212 41
637 54
84954 59
6814 70
94864 62
67695 72
159077 70
92439 70
6812 36
3156 52
802 64
118354 70
134130 72
138036 67
65135 70
52975 66
4368 45
90717 51
45722 67
79259 70
68157 76
4233 36
74458 73
3258 55
1262 79
3949 76
101025 47
69526 46
1831 45
1083 61
1884 73
1476 63
156609 45
3755 58
111659 53
4734 59
161 70
95201 70
135887 64
2598 52
87232 70
4634 72
5334 46
5459 55
146730 70
72694 70
157432 70
132488 70
4558 48
1375 62
6424 70
71518 64
2716 71
94780 52
3593 29
129354 47
158 51
1409 50
6514 70
2881 57
51662 69
90522 59
68554 63
2126 51
122932 70
93510 69
137857 66
125916 11
2953 46
2090 62
1760 21
480 68
58803 69
2109 63
50792 36
46062 27
85510 63
80864 70
112171 64
122900 66
2587 53
1527 69
117529 59
4993 76
92264 56
5247 50
533 54
912 79
26464 70
2249 60
4678 64
103772 63
114601 65
96861 57
420 52
59615 55
2349 80
109372 55
95207 51
348 70
19 51
136020 59
4502 35
91094 60
138208 59
3511 46
79428 67
2643 34
109183 70
2139 69
4212 70
5942 52
96417 58
112852 74
99728 65
89470 66
142448 63
64983 61
2640 66
2046 60
4881 73
3882 52
3744 52
1032 65
116799 64
5 54
4040 50
157407 70
2115 69
1617 77
4367 55
105254 0
3388 46
3760 55
2146 64
2968 70
6281 60
466 53
96448 46
86332 67
64969 65
115170 70
1036 72
3397 65
2474 66
1408 71
155743 70
106920 75
8542 65
120466 62
2051 32
7143 71
7150 53
89087 50
34150 53
2253 44
2973 71
449|8
1917 54
2502 75
4034 72
1222 76
2770 47
762 45
2011 64
2324 77
450|11
3977 59
589 86
110 88
3363 85
3535 82
3948 76
3409 64
1035 88
3568 70
358 59
1259 88
451|7
733 78
593 91
7 65
5 63
494 76
25 79
17 80
452|20
4025 78
2858 100
2617 81
5292 96
1206 105
1676 85
3219 78
47 101
3101 87
163 95
1092 84
1917 75
2126 70
1356 96
552 79
2628 78
1200 99
608 105
2707 83
3273 62
453|20
208 66
858 96
2335 72
4022 82
3618 77
1617 92
3452 69
1357 91
112 73
2671 79
1884 88
1894 59
2294 73
318 99
1614 68
3534 71
2959 96
798 62
5266 71
780 76
454|9
7361 80
2692 76
7116 30
55820 72
6016 79
27773 75
2160 77
2858 75
26131 72
455|12
272 74
432 48
367 63
590 73
253 68
364 77
555 73
252 64
110 77
225 68
588 73
597 67
456|9
1407 76
634 57
135 65
5 68
724 71
780 78
733 84
260 95
706 70
457|10
329 66
3593 31
2692 79
1356 74
223 76
2394 69
2701 45
3608 60
733 71
2094 63
458|12
597 79
185 71
10 78
380 78
95 67
454 81
300 78
595 83
153 65
587 80
150 86
552 71
459|6
79132 91
5618 94
8961 86
48780 89
50872 85
260 91
460|17
89039 70
4886 83
4703 69
3831 77
1441 79
4878 89
3483 69
8970 82
1 85
49272 89
40815 83
85414 77
68237 88
76093 86
47610 80
63082 88
2571 90
461|6
74458 59
2762 59
1036 60
91500 52
3578 60
539 53
462|20
26838 70
89090 70
164655 70
188189 70
1136 76
1219 74
158966 86
1248 84
508 66
1653 72
1674 68
8917 62
8620 0
3424 76
2146 63
7044 73
3814 84
1213 76
82857 70
26131 69
463|7
6377 85
2028 87
4310 64
3753 73
2006 66
1092 70
5995 87
464|20
1370 73
58025 65
63853 48
296 89
2019 90
3527 79
5254 72
7007 72
1101 73
1779 66
377 75
1653 85
55820 81
648 73
33493 75
1610 81
65088 76
74727 0
1617 88
62374 73
465|20
2941 84
2987 82
1200 88
3448 84
5060 87
1299 92
3703 89
3649 56
1625 83
292 74
904 97
3101 76
1754 76
750 100
1256 84
593 94
3732 77
3740 89
3334 90
377 79
466|20
5418 81
30793 68
79091 80
92259 91
5989 83
5459 63
318 94
63082 85
59784 73
5010 82
74458 83
6281 69
5952 87
8529 70
64716 85
68954 85
4993 88
45447 67
81845 87
55247 83
467|22
41 70
58 70
389 70
466 70
527 70
593 70
780 70
1183 70
1233 70
1357 70
1365 70
1408 70
1721 70
2028 70
2125 70
2324 70
2334 70
2384 70
2390 70
2393 70
2394 70
2493 70
468|7
592 68
349 70
1 77
317 64
296 83
32 78
165 70
469|20
3658 70
3832 70
3507 82
3032 78
2736 78
2132 86
1958 77
910 82
1090 79
1485 63
1388 59
2321 71
1234 83
2081 74
1193 83
36 77
2908 75
909 79
2023 72
3255 70
470|16
253 72
318 90
110 82
588 77
282 67
5 60
597 71
32 80
595 76
592 70
500 70
26 77
356 84
357 72
434 62
300 71
471|6
2571 77
8874 76
527 79
1 73
8360 68
7147 73
472|6
58559 92
3450 72
3298 81
2840 59
1221 90
858 92
473|8
4979 74
2959 84
60 62
7147 76
6281 64
3897 78
48322 76
2596 71
474|422
638 70
2179 70
2697 70
4046 70
5114 70
5311 70
5353 70
5455 70
5601 70
6201 70
6273 70
6382 70
6407 70
6592 70
6912 70
7702 70
7826 70
7832 70
7839 70
8057 70
8446 70
8458 70
8459 70
8611 70
8650 70
8774 70
8938 70
1466 71
6708 69
2940 75
2616 62
2334 57
7139 75
4218 70
371 67
750 86
2935 74
8645 76
5481 57
6370 83
25865 70
2553 67
912 81
2467 73
5548 65
7301 80
52967 72
5945 64
480 70
1983 44
3462 73
1068 70
8600 0
6650 76
8482 70
6791 84
4016 73
1784 70
3668 72
3977 51
8961 73
4160 84
30820 64
6984 70
2750 60
5034 52
7716 70
2612 70
4419 89
1300 77
4187 79
1187 73
6565 75
272 74
5440 70
25937 63
1099 71
3125 70
5826 70
5649 70
7256 76
4912 80
6016 80
1208 81
2083 74
3385 63
2310 67
3360 70
3163 83
1413 71
4081 35
1643 76
968 74
2116 62
26965 72
5954 75
1263 76
5116 70
3536 66
8778 0
63433 62
2952 70
318 85
3394 52
1200 75
3384 83
4356 80
932 82
7698 73
516 65
4873 74
48385 65
39869 80
1902 70
2641 59
7036 53
2181 70
4638 56
31116 74
2455 66
2146 66
628 68
3897 77
1030 53
4022 71
344 57
3196 78
92 42
237 62
6770 67
3259 60
3368 62
26151 69
1293 72
34072 69
3044 74
1639 71
5944 60
6539 73
477 66
7361 81
55687 70
58 77
4014 70
3467 72
8154 83
4191 61
2134 63
4644 76
4293 58
5013 75
1399 60
1196 80
2918 75
5899 74
4465 67
100 53
361 60
3341 82
8921 70
195 59
3789 70
4709 62
1588 60
3468 80
4678 66
2723 65
2118 74
1939 83
7019 48
3147 78
1792 62
33903 77
1682 74
41566 66
1693 65
1957 74
5021 68
2313 74
3870 70
948 76
47099 75
3447 0
6614 62
216 66
5619 68
3987 46
5060 75
3111 85
45950 71
32584 60
5525 70
2567 56
5956 71
7 56
1172 81
3217 65
8331 70
587 65
5238 0
1189 77
2416 64
832 65
3095 78
7386 73
1223 86
7058 70
5246 35
5418 73
27803 80
26 72
4002 72
1135 63
45 64
6945 76
2411 53
2520 70
7347 62
5375 70
5673 73
3039 71
7833 70
33781 61
720 82
2103 52
33154 77
608 80
1327 51
101 77
7061 70
5451 58
5682 58
5434 72
6609 70
31658 78
4578 36
2009 66
4704 70
7572 70
4929 46
3306 73
6334 62
5379 81
5437 61
42418 65
4128 70
7451 74
2786 31
2243 67
27846 77
6197 61
3264 50
3608 59
5603 74
6124 60
1222 80
1663 73
3566 50
3755 60
2628 58
4815 55
2089 66
7102 51
27706 65
7013 76
1348 65
45666 47
5755 39
4055 77
2058 65
4462 18
1544 54
2405 59
4998 70
273 54
1977 50
1732 78
7822 70
7073 70
41527 70
4787 70
1676 65
3708 60
6669 67
317 60
25940 70
971 82
7366 59
3115 76
7026 51
2710 55
50685 71
2114 73
3809 66
3516 62
2770 49
535 66
4878 78
5992 77
41997 71
1083 63
4487 63
7293 70
1016 72
2006 60
1007 60
4993 79
3412 70
5007 70
3929 54
6639 58
8712 70
1876 57
3546 70
34359 70
7579 49
7325 66
6837 70
2634 51
7753 65
8943 18
8385 70
4308 70
3246 77
3745 67
1148 81
42002 60
50740 74
3952 60
1927 80
7581 62
910 78
3948 65
54881 78
1284 84
4007 72
5341 68
3675 81
52975 68
6244 69
965 76
454 67
1247 79
7215 66
1282 75
8207 83
6242 66
6502 77
4509 67
3528 71
2391 72
4262 74
4039 61
42018 10
3271 73
976 70
48394 72
5384 70
5168 70
1358 71
6534 54
8773 70
2384 54
48780 76
1269 76
4600 70
2642 46
111 80
933 82
3578 75
5297 38
944 73
6020 70
2123 50
748 59
4896 72
5380 76
53953 60
3712 56
25996 70
1997 75
4464 76
4085 66
51540 73
2707 63
2069 75
6710 74
1488 62
6378 71
928 78
3038 80
7116 30
44511 70
594 71
1962 71
421 57
4316 30
2761 78
4823 59
892 72
1345 66
5294 74
1408 73
6579 73
3272 63
3421 73
3844 70
6787 79
37736 73
2249 62
1610 74
2468 53
3498 74
4902 73
6268 70
5225 75
5404 88
929 70
25999 70
7835 70
805 68
4126 67
475|20
6539 95
4993 101
87232 93
40815 94
5816 90
8644 82
81564 90
4701 80
81834 99
6564 64
68791 84
111759 96
7153 102
1527 92
71530 71
4896 93
106487 90
112852 99
3578 97
82461 80
476|14
594 80
34 79
380 74
158 60
153 61
586 65
440 76
364 85
378 68
357 75
224 77
165 75
296 89
11 79
477|20
34 77
913 89
3100 83
2105 71
1271 77
1207 88
70687 21
2174 77
45672 66
4571 77
3973 49
4226 88
1103 86
5291 79
348 80
3593 33
1 82
1274 83
6502 85
59615 62
478|5
1917 48
3114 61
594 60
1584 59
1101 55
479|20
5365 70
4488 69
524 68
1025 72
3707 54
1220 76
4010 62
3244 70
3526 71
4092 0
1968 76
4700 65
4003 67
3671 76
2671 70
341 70
2012 68
2542 80
454 70
2384 56
480|20
43914 70
2700 70
8533 69
2193 66
2797 70
3484 52
2571 77
1210 77
2596 68
8866 54
47610 69
6306 73
5379 79
2018 66
7153 78
3911 69
44191 74
38061 78
5673 71
380 64
481|7
1608 54
1687 49
1629 48
1729 58
1620 51
1597 51
1485 50
482|20
2068 82
8985 59
1036 82
474 76
1042 67
4389 57
780 71
27706 70
3211 77
1610 80
4367 63
1374 81
1220 81
1602 47
653 65
592 72
30812 75
4862 50
8361 65
8529 69
483|20
105325 70
783 67
2541 70
2959 88
109971 70
45722 75
1199 88
50872 78
2000 76
4306 80
69757 76
2683 65
2273 68
1588 65
109487 81
66934 79
1721 71
2328 59
68522 70
8972 68
484|20
93320 70
1438 58
6155 77
6944 77
2706 77
33166 85
6874 89
3697 66
1059 83
76293 68
919 83
2762 84
1821 60
837 74
5810 76
1753 81
3254 74
4718 64
2413 76
3646 45
485|5
588 85
161 85
253 79
292 75
231 68
486|12
653 71
47 92
110 93
153 66
474 84
95 69
288 77
329 78
161 87
318 102
292 77
6 92
487|12
27611 63
8961 60
318 69
1198 65
31658 62
1197 65
6539 60
5445 58
116797 62
4027 60
8874 63
86377 65
488|20
720 84
838 77
608 82
1223 86
26 75
5135 75
2109 67
7720 59
7303 82
4014 71
5995 81
457 77
105 64
1136 83
272 76
1269 77
3176 70
1278 82
1125 72
910 80
489|20
79536 70
86000 70
4848 72
736 57
8387 16
4700 60
45666 44
4720 67
2683 56
2021 63
2389 36
1619 64
950 69
58559 76
2236 55
2167 58
1616 57
247 74
376 58
2717 53
490|20
46578 69
89492 66
81591 63
91077 72
60074 52
5816 63
4144 70
54001 66
1 67
1784 64
7153 72
4993 72
89759 85
86320 57
60128 59
76251 63
8368 69
69122 66
2006 54
78499 71
491|13
106782 96
69757 87
7293 85
27808 76
4246 87
3948 82
104374 95
86833 90
140110 83
8529 78
180231 70
4306 92
88405 74
492|20
736 78
784 71
628 87
858 105
852 78
64 58
990 74
830 71
743 59
62 85
52 86
1499 48
66 52
1210 100
881 51
1474 50
1405 76
724 75
1047 77
65 61
493|13
2985 61
4444 62
2916 68
1275 71
2571 75
1527 69
2028 75
3793 68
2167 59
1215 75
4701 59
2924 81
260 75
494|5
1196 90
4498 69
3578 85
2028 89
1210 89
495|20
140523 70
115149 84
1259 90
1721 77
136562 67
80489 87
19 62
50872 85
231 67
102123 76
52319 83
7254 81
7360 82
8528 83
1645 78
46578 90
30810 81
2918 86
148626 90
56775 73
496|6
1221 75
99149 64
858 76
904 77
8865 53
114713 0
497|11
1193 72
112556 66
112290 68
1916 62
92259 75
2329 73
112552 70
1258 72
2762 67
5349 63
111362 67
498|7
344 68
231 68
648 78
10 79
300 79
356 93
316 74
499|6
1202 78
2337 67
38304 75
327 63
56286 73
1304 83
500|18
2599 67
2987 64
543 59
2700 66
2542 71
1265 70
2916 65
356 72
3301 62
1784 64
1914 68
595 64
2355 64
3536 60
1885 57
322 63
838 68
720 75
501|9
6 74
62 65
93 55
45 62
3 61
637 55
11 69
18 68
662 61
502|7
7236 75
1077 77
4412 21
3469 69
2001 65
2520 70
1777 70
503|19
7455 70
7361 78
4878 75
356 76
91500 63
593 77
527 78
858 79
4226 76
1259 74
1342 55
2877 64
92509 60
90866 68
500 62
441 71
48516 78
2858 73
48394 69
504|18
4995 83
5812 82
2321 72
1 80
3556 74
7153 86
6708 74
1288 85
6927 70
4033 80
4700 69
6565 80
342 74
3408 73
6879 72
4361 73
5952 84
5955 74
505|7
1241 82
4105 84
1029 74
74685 85
273 62
6502 87
54999 75
506|9
59258 64
54272 69
37741 72
56782 81
62293 73
51834 58
49286 63
112556 70
61024 68
507|5
165 65
266 63
253 65
377 65
593 77
508|5
2872 41
2011 39
1952 46
1175 45
898 49
509|20
26958 70
130073 70
2028 75
87232 70
33830 69
5313 44
48 59
2090 62
2080 64
6942 70
8907 47
6156 58
5816 68
39 60
3988 55
6807 75
7458 63
1196 77
45447 58
616 66
510|20
1882 33
7026 41
35836 55
494 54
1198 65
514 55
457 60
2935 59
858 67
2699 44
317 49
8949 60
2918 60
145 48
1262 66
6787 64
1208 65
372 45
1242 63
40819 61
511|11
2959 95
53953 70
115149 83
164179 86
6534 61
99114 88
92259 95
318 98
2324 94
1653 89
56757 83
512|10
480 76
150 79
349 72
47 82
350 70
442 63
457 81
50 87
317 66
593 86
513|7
5952 82
318 90
2174 73
235 71
1304 81
1220 78
1080 80
514|20
1335 70
5704 70
62586 70
168358 70
180263 70
1704 80
2005 73
2792 66
2013 64
1673 80
134130 76
76093 77
1333 73
58998 72
68157 80
2406 68
3210 71
54503 78
4855 77
1644 44
515|6
33794 94
2028 100
527 103
91529 99
58559 104
2959 105
516|26
260 70
457 70
480 70
647 70
708 70
1042 70
1090 70
1197 70
1198 70
1954 70
1958 70
2021 70
2259 70
2268 70
3052 70
3471 70
4027 70
4291 70
4306 70
4321 70
4322 70
4333 70
4337 70
4349 70
4361 70
4429 70
517|20
4306 53
53125 46
1265 53
165489 70
97938 51
88744 49
86880 46
4148 41
26761 70
3398 49
1293 51
3988 40
2858 54
4963 52
1204 58
1704 56
47629 52
7669 59
1206 56
46578 54
518|5
3101 68
2657 66
783 66
1876 60
6365 66
519|6
1704 97
356 97
140110 83
6378 88
7445 85
1968 91
520|20
7266 70
318 96
1049 75
59315 81
4995 86
32 85
2716 83
4333 66
1291 88
1732 88
4085 75
2723 73
3081 75
3994 78
33493 76
135 61
2393 69
60516 50
2406 75
1584 79
521|8
661 71
112 69
86 80
104 72
58 86
79 59
52 76
852 68
522|20
99114 79
81932 77
89492 76
63113 70
2959 86
1193 83
1375 66
4993 83
223 77
27611 81
76060 68
180 69
59315 75
1617 82
10 69
67255 81
2023 71
6187 79
318 88
127098 85
523|15
168252 100
8970 91
5989 95
318 108
91529 98
1721 84
293 97
65261 100
4270 74
3147 100
27731 86
134130 95
31696 81
527 103
101962 86
524|20
1356 74
150 75
552 61
748 60
344 58
442 60
253 69
1225 83
20 51
589 77
1242 80
544 53
173 52
1302 70
380 68
457 77
1020 64
788 54
193 48
466 56
525|20
120807 70
317 62
6863 67
8622 70
33004 68
7147 75
2396 74
40815 74
137337 78
1639 72
1968 74
91869 70
45880 71
2100 61
339 67
4886 74
50872 74
86332 70
8983 70
3996 75
526|12
593 88
55247 82
46578 84
176415 70
1295 73
90430 82
4014 76
2352 81
176413 70
215 84
81845 86
51255 85
527|20
2137 80
3114 86
3210 81
3016 73
2161 81
4571 83
2118 87
3421 86
455 57
2867 79
2450 46
1909 78
1214 90
4299 73
736 72
2477 78
588 86
4016 86
1259 91
2533 71
528|15
4886 71
2278 65
80906 77
4037 71
1240 72
64614 74
3821 44
150 71
1291 76
80463 73
593 78
99813 74
85342 75
48516 79
58559 79
529|5
653 58
135 53
65 47
62 65
733 68
530|6
292 72
500 73
300 74
586 65
593 90
11 79
531|5
593 93
590 84
919 83
480 82
1215 90
532|10
1721 76
4863 86
457 87
290 90
1245 94
1242 90
2023 79
2329 93
1304 88
517 70
533|8
1200 92
6502 94
79132 96
46578 94
93840 90
4973 100
2455 82
66934 90
534|20
116724 70
97913 82
94953 75
2003 78
2167 72
7569 83
153 63
1485 69
65514 81
104218 85
344 66
2571 91
5445 82
95875 69
112818 80
82461 72
96610 83
2987 82
138036 80
1566 78
535|6
2571 71
2581 53
2700 65
2688 54
2583 71
2882 37
536|8
232 74
272 72
356 76
335 70
225 65
150 71
434 56
589 73
537|10
80906 89
367 70
7153 90
53322 74
104218 82
97304 85
6539 83
318 96
89745 84
105504 85
538|8
595 84
3671 88
80549 86
4039 73
69757 84
5047 75
44889 70
66934 88
539|8
4306 79
6753 72
5218 74
50872 77
88 63
3301 72
4886 77
69122 77
540|9
2598 62
2959 96
1073 85
8874 90
1681 52
2183 80
2841 77
2747 67
1196 93
541|18
590 75
457 78
413 55
15 57
110 79
595 73
597 69
480 74
356 81
203 66
529 76
357 69
22 66
345 74
546 42
586 60
281 75
350 68
542|20
6539 73
30793 60
5299 60
2542 77
34319 64
33679 62
4963 72
5481 55
1997 74
4025 58
3623 54
924 75
4369 59
6378 70
2571 78
7254 68
41566 66
37733 68
7361 80
45517 65
543|16
73881 90
1702 71
595 89
3301 85
231 72
2378 72
2379 57
86882 89
6377 97
588 91
377 86
48385 82
2571 99
4526 66
4388 60
92259 104
544|22
1 70
3 70
14 70
32 70
40 70
62 70
68 70
95 70
116 70
619 70
626 70
648 70
650 70
694 70
736 70
780 70
839 70
1042 70
1047 70
1059 70
1105 70
1356 70
545|5
1438 54
1267 85
2763 77
1367 63
44 57
546|13
1270 86
3328 89
480 79
1970 59
2456 52
1976 45
589 83
2657 70
1673 86
3941 70
3959 74
3566 56
1977 55
547|5
1211 81
2859 87
2917 86
1394 85
1288 88
548|26
69 70
260 70
356 70
733 70
1196 70
1393 70
1477 70
1621 70
2571 70
2716 70
3263 70
3578 70
3916 70
4776 70
4899 70
5955 70
6874 70
7458 70
8531 70
49910 70
58559 70
74532 70
80862 70
122904 70
125916 70
168712 70
549|5
2571 81
2028 81
4226 82
1210 81
589 78
550|6
167296 70
102125 77
106782 89
116797 87
112852 88
122882 83
551|20
5010 76
34162 68
60069 80
1544 56
45186 71
103772 67
51935 76
4226 82
2353 67
7153 82
5989 78
135569 69
115149 74
88129 73
134130 77
6934 66
47 79
4701 64
2959 85
98809 74
552|20
2916 67
3317 70
1405 56
2953 45
2245 57
2944 70
2890 66
2125 65
508 66
3948 62
5349 65
2959 78
2857 59
173 48
2991 66
2871 71
2628 55
4308 66
4878 73
3101 62
553|17
55765 89
3481 87
1923 82
2571 93
4011 94
50 96
3949 93
1089 96
44199 85
5513 70
2231 90
2395 80
3052 83
61257 70
1221 96
33166 88
2959 97
554|18
1196 95
1022 80
2820 70
1207 94
1517 81
1282 88
1210 93
1760 26
2282 79
1225 97
907 70
1358 84
2096 77
1028 90
593 95
608 94
953 93
2324 96
555|20
790 70
3664 70
1 83
3111 94
3395 70
104 72
1334 74
2506 68
2072 65
4002 80
1266 89
2641 66
2256 65
2791 83
2701 49
1333 79
1320 68
337 78
1393 77
3526 77
556|7
162600 79
122890 72
3081 79
88125 90
588 86
72998 82
74789 67
557|6
648 69
231 60
1291 82
260 82
1210 82
150 77
558|12
5329 70
5064 84
4903 74
2297 72
2568 65
4993 89
4306 85
367 70
5283 66
1097 81
4164 81
5294 83
559|20
552 62
608 82
355 46
329 67
544 54
1527 74
173 53
377 70
745 80
174 55
529 76
350 67
349 69
533 58
836 56
1210 81
420 55
786 61
227 54
253 70
560|20
5839 70
91535 60
136018 49
67997 85
79132 80
3253 69
142558 70
2355 71
39435 63
1527 73
40414 78
64614 78
48744 75
56587 68
593 82
76251 71
84944 72
109313 70
5878 80
40819 77
561|20
168174 70
5308 59
78469 59
3703 77
60069 77
91535 59
2105 64
73017 73
5445 71
2000 71
83134 72
79132 78
79592 61
80463 76
89745 75
527 81
8972 63
353 74
33162 67
68157 78
562|20
27140 70
6870 83
6377 88
2580 87
1249 91
4776 82
36529 80
1259 88
1982 83
2268 84
2133 78
83134 84
3210 79
48394 83
30707 88
33836 50
2692 89
88163 87
99191 70
1240 86
563|20
61071 70
70932 70
80858 70
919 74
74450 60
588 74
5943 52
118997 56
86833 75
1197 83
128832 70
85397 66
45221 40
33499 53
7380 70
96821 78
81784 61
95307 49
65585 66
55250 46
564|20
50942 70
356 83
31685 63
131013 64
61024 74
79224 52
87869 72
500 68
108156 63
81784 62
93270 48
6188 69
106918 78
65230 65
67087 70
80693 70
94677 68
8984 71
73266 62
2671 71
565|6
590 75
231 59
19 54
21 68
50 84
539 68
566|15
648 68
10 68
231 59
329 67
342 70
141 69
203 66
345 73
39 65
497 77
265 76
588 75
708 67
353 76
2 68
567|20
8189 70
26743 70
92681 70
109897 70
152071 70
5690 58
136602 49
122888 70
6333 52
1274 55
122922 53
153070 70
151687 70
117877 70
108928 42
954 60
122924 46
27773 55
648 48
135887 48
568|23
50 70
147 70
296 70
356 70
480 70
593 70
765 70
1103 70
1104 70
1257 70
1298 70
1895 70
2313 70
2359 70
2863 70
3053 70
3148 70
3261 70
3363 70
8169 70
46723 70
63853 70
65088 70
569|5
231 71
50 100
380 82
588 89
592 81
570|20
208 54
8636 69
48516 78
1225 79
586 56
2683 58
457 72
1196 77
110 74
4993 76
7361 78
1198 77
1079 74
10 64
3793 68
1391 58
589 73
380 64
527 78
185 57
571|20
1331 70
2982 70
2366 64
1128 49
610 62
2902 49
1998 27
3696 64
1980 70
1987 70
70 61
1924 53
2279 42
1327 47
3732 61
1972 55
1278 73
1644 39
2327 80
1978 36
572|20
1961 84
2570 64
2788 89
2321 76
111 90
904 94
2987 80
2302 71
1834 86
2539 67
2917 87
1307 84
1 85
161 82
3421 83
838 85
1356 83
2006 68
3167 75
1953 85
573|20
89745 91
72998 84
3752 74
356 95
7293 84
6754 80
8665 87
32587 88
1073 89
88744 85
1127 84
68954 93
98809 86
2640 83
48516 98
71535 89
59369 84
60069 93
88140 84
1562 55
574|23
47 70
110 70
150 70
153 70
161 70
185 70
225 70
231 70
292 70
296 70
300 70
316 70
318 70
329 70
339 70
344 70
380 70
410 70
434 70
588 70
592 70
593 70
595 70
575|8
2566 56
2580 82
296 86
2581 63
2572 74
2542 84
2574 42
2598 57
576|5
849 48
1321 55
1373 45
1479 54
2289 65
577|20
2415 70
1183 70
1288 79
1129 68
2944 74
2194 75
733 69
1213 81
2076 75
2020 78
1262 82
1931 78
1391 60
2987 71
952 71
1909 66
260 79
919 72
2248 74
1270 77
578|6
6751 70
52668 87
45668 80
830 69
72407 68
75446 70
579|15
3174 80
2485 66
1022 79
2018 79
838 88
1917 67
1391 70
596 79
1573 78
2965 70
1653 90
2599 86
892 85
2687 76
595 83
580|20
5767 70
6583 70
480 72
8844 70
6989 68
3809 66
41569 64
3699 66
4041 70
33166 75
356 80
508 71
8376 69
3578 77
608 80
3785 59
3089 85
1320 62
54286 72
1201 82
581|8
7153 91
5995 90
4973 93
116797 87
3949 89
4306 85
109487 86
6377 88
582|12
91529 86
2959 91
116797 85
4993 88
5618 89
2571 87
76251 77
69844 80
104841 77
48516 90
97752 78
76093 84
583|12
8533 70
88405 60
2706 67
117590 70
317 62
60756 68
6942 73
595 71
46578 76
104 64
2694 62
7451 73
584|17
288 79
22 80
203 80
315 74
500 82
316 77
539 83
234 60
296 99
257 82
434 73
586 72
338 67
349 84
282 78
480 89
590 91
585|13
3173 69
1228 93
54503 87
2959 94
428 80
1405 68
7254 79
441 85
1805 68
296 91
27373 70
5325 80
79132 89
586|20
34332 70
4016 91
111659 68
106002 76
149406 79
167036 98
45499 81
136556 70
5445 89
117851 77
1291 98
71264 88
106489 78
135436 74
3753 82
2640 86
3147 98
122916 95
3793 88
101362 62
587|20
1234 89
628 78
2012 75
534 81
2002 65
1641 83
236 75
1376 76
2622 73
1541 61
3260 87
497 85
3082 71
445 66
3448 82
2574 44
765 67
691 66
329 74
3406 71
588|12
50 76
16 70
20 47
356 74
350 61
198 61
593 75
364 71
163 67
253 64
223 69
3 58
589|8
1092 74
318 99
590 85
373 80
586 68
587 79
527 94
337 81
590|20
924 76
8807 69
2371 58
38061 79
81834 76
40815 72
4890 59
903 78
5 56
3624 60
555 72
4047 79
51662 71
2085 63
419 51
595 70
329 64
2376 63
3635 66
2398 75
591|11
2908 70
2706 66
2712 66
2355 69
3615 58
3578 75
2394 66
3798 61
356 78
223 73
2724 53
592|19
514 76
2 74
153 62
415 56
110 86
177 67
420 60
380 74
44 60
788 59
588 81
163 80
204 53
610 75
39 71
419 57
253 76
432 54
240 59
593|20
1196 75
1073 69
1086 74
1617 74
4034 71
41566 62
1197 76
344 54
8368 71
339 62
2959 77
8961 69
5816 66
2797 67
4896 68
588 68
595 66
5952 73
377 64
141 63
594|20
7031 70
2671 88
7115 83
1616 80
5943 67
1188 95
2269 77
1733 112
4902 95
6996 35
780 85
1429 87
6140 91
7046 68
39 82
595 92
799 92
2028 102
8482 70
7169 84
595|5
265 87
50 96
1186 85
1199 96
1966 79
596|20
33649 70
43744 70
182793 70
129397 49
128908 70
1 76
142488 83
122922 75
4310 59
71838 62
4025 60
2501 73
110102 73
149406 65
2774 70
5502 65
8665 73
6537 65
2571 80
345 72
597|20
1799 74
490 69
3040 70
2529 87
2858 89
903 92
3039 83
2000 82
1291 91
357 78
1228 95
1845 94
2411 62
1580 77
1148 93
1198 93
2723 75
485 69
592 76
2692 90
598|5
56367 72
8360 69
593 79
114265 70
103543 41
599|496
26142 70
26567 70
26590 70
26676 70
26854 70
27595 70
34800 70
53450 70
60803 70
69131 70
74696 70
79895 70
84523 70
87960 70
92674 70
98799 70
102735 70
102852 70
104017 70
105020 70
122433 70
157865 70
158874 70
160978 70
161044 70
174727 70
179053 70
1801 58
6035 60
3387 54
33437 57
112 52
5995 66
167706 70
4394 70
836 45
7235 58
8809 59
102749 70
89087 43
42011 38
432 40
471 58
5628 64
1015 49
2 55
2269 49
69 61
3947 53
79091 60
104837 70
4037 62
7587 63
6881 58
1449 62
7225 60
81229 56
68952 65
4728 50
5081 49
33966 70
1779 50
3669 70
87197 70
170297 70
79057 54
95965 70
55207 70
4007 60
1220 62
80831 58
46723 58
71282 61
7757 60
3259 50
92309 56
1376 56
7192 46
4654 41
101423 70
53468 51
62662 70
3174 56
3698 53
2882 34
2359 59
1183 58
2792 54
1095 60
8387 14
53125 54
115713 63
2949 61
2471 42
3 52
1231 64
3861 46
240 44
1480 55
2301 61
1445 39
8045 70
586 48
2942 43
1185 61
4594 70
2474 56
3671 62
3196 65
64839 62
98697 70
2606 44
1777 55
5309 43
7022 64
4873 61
541 66
27311 55
43921 59
67734 51
4240 70
5026 64
168 50
33493 56
4125 15
7354 51
207 58
1094 55
742 48
1609 44
1042 51
3362 63
4553 58
4632 50
2278 55
468 54
122904 62
75416 70
42718 60
4285 44
79274 61
1794 70
45081 50
108192 70
3489 56
3503 65
89804 54
163809 70
577 39
3071 55
1204 69
3981 40
95771 70
45382 60
6548 49
59387 62
166528 62
168492 65
6691 70
605 44
424 16
2991 59
248 49
97950 70
3865 59
1216 58
342 57
35836 57
27772 43
176419 59
151781 70
277 50
6320 15
39381 61
5111 70
4090 57
2450 32
2676 69
2356 42
79702 62
1597 50
410 50
1721 55
3702 56
183301 70
1387 64
2072 48
26729 65
2393 51
4247 37
4591 46
1032 56
3087 51
1895 55
634 39
210 54
2074 67
51575 42
3505 61
5247 43
481 51
4215 35
1355 0
2657 53
2028 65
4011 67
420 45
552 50
1196 67
2395 56
5303 53
1752 40
3186 56
4310 48
1784 58
3200 68
7254 58
688 44
473 32
1079 65
1552 48
1148 67
1544 45
63113 55
2325 51
26649 62
6804 70
161 60
4109 47
34332 46
1653 64
4808 38
7707 70
3468 66
502 38
1221 67
1792 51
68319 47
6787 66
2119 26
3884 23
4254 38
3973 37
103609 70
8934 70
5377 62
42632 65
55290 61
4506 53
7840 58
5568 45
1689 40
7005 70
103228 57
59947 70
786 49
4351 55
172253 70
4679 51
1411 66
117630 70
1590 48
112623 55
3146 40
8984 56
1920 50
519 38
179817 68
3979 40
3741 61
44020 43
26630 70
7285 61
3030 65
1021 39
8638 59
87 49
7153 67
2877 56
2018 57
3173 50
5198 70
7101 45
7701 29
3213 65
26159 0
2339 70
33896 63
2000 59
4006 55
136562 47
37382 50
6645 67
171763 67
8528 59
27008 70
4017 58
4167 52
86142 65
1249 66
3255 56
736 50
2779 53
84414 61
27773 63
2083 62
98499 44
4034 63
119828 70
1993 38
94864 53
6631 23
2321 56
26242 53
3703 64
41566 56
2529 62
1968 61
8914 56
3257 48
159403 70
1036 63
76093 63
5103 55
6947 59
1952 66
2124 54
4084 47
6016 66
778 65
81 51
2171 55
1253 63
4275 56
7982 42
3723 60
849 47
2681 52
6565 62
39414 50
122916 64
6440 64
8917 54
72011 58
1605 48
1240 62
923 64
68157 65
5961 70
5053 70
3571 59
2403 58
3871 72
44238 70
72226 69
7004 45
2054 45
62970 50
5159 51
354 59
122924 52
48774 64
1394 64
3763 54
70286 61
1904 62
3969 58
81562 62
102590 70
233 57
4155 52
1031 58
76 51
459 38
1097 60
1178 69
60291 59
3328 67
1232 59
3036 57
5283 49
4327 54
610 56
2726 65
4732 35
5970 57
2396 61
594 59
1247 65
45499 54
3476 60
2399 39
137218 70
1997 63
3271 61
27801 64
6365 53
1799 53
580 43
122900 57
2803 51
80219 55
466 46
110882 56
3997 32
26176 70
2378 48
117895 31
26662 66
90603 63
119218 70
44 45
809 42
1960 60
4519 54
1959 58
414 36
1073 61
61236 51
1479 53
4019 58
1245 68
37857 61
161032 70
371 56
3020 61
88593 70
6774 62
2005 60
90405 48
26285 70
6793 35
627 57
1617 66
6734 0
108090 70
2427 51
51024 57
122922 61
3440 33
6874 65
4919 55
338 45
81591 57
1704 65
1499 31
357 56
62155 55
144 51
34148 0
53519 52
4504 70
2796 41
216 56
6827 17
1429 56
7445 57
1385 48
90471 54
8425 70
10 55
26542 51
7387 62
72998 58
89470 57
3629 68
1297 57
3424 66
1672 55
44761 66
196 42
70703 70
2383 32
180 55
4040 43
6333 60
4440 63
5291 59
88235 58
1639 59
4580 7
153236 70
86190 54
4477 32
103027 70
32291 55
34811 70
5171 47
122260 70
8784 61
5954 62
8798 59
707 47
880 43
314 61
61323 56
600|20
3269 51
1394 69
3785 52
2717 51
5569 0
4306 67
1206 72
56775 57
2015 59
7 51
2013 56
262 67
1210 71
1060 64
2431 56
2077 61
2423 62
4641 64
527 73
5076 49
601|20
141846 70
68157 92
1262 95
106782 91
60069 90
49272 91
5445 83
1193 92
1207 93
79132 91
904 97
166024 85
1917 67
7153 93
2324 94
170697 82
31658 90
5989 87
88810 90
2571 91
602|20
161 72
19 52
350 65
494 66
14 67
471 69
125 75
434 58
235 66
481 61
315 59
371 66
474 69
527 80
21 65
349 67
440 68
339 65
480 71
163 71
603|20
602 70
803 70
2008 70
2577 70
3459 70
4787 72
2912 77
1769 57
485 61
4420 70
920 72
1 76
2706 68
1844 81
3787 76
1222 82
190 65
2716 76
3983 82
101 79
604|20
220 70
292 70
151 75
329 71
410 66
426 68
435 52
316 69
22 70
235 74
181 41
332 64
273 60
637 62
285 70
173 56
588 79
23 68
553 79
1 82
605|20
35347 70
6787 78
1197 80
5667 70
42738 58
51662 71
7373 61
596 66
780 64
4571 69
2316 66
7454 52
150 72
60040 61
8977 45
3269 57
72982 70
1210 78
62376 49
60937 46
606|20
263 70
563 70
583 70
3808 70
4671 70
4840 70
5856 70
6111 70
6573 70
8685 70
32728 70
55805 70
3147 83
4392 63
2311 72
6308 47
50842 77
6591 91
8270 73
2025 84
607|20
891 74
1610 80
448 73
3147 86
1094 72
1307 80
592 72
204 51
1552 63
527 88
3476 79
296 87
2313 80
3440 43
423 63
1518 75
2118 80
2193 74
380 72
2028 86
608|20
52245 57
2997 76
3793 69
2763 70
174 52
2000 69
1214 74
919 70
2700 71
4161 63
5146 56
1639 70
541 78
473 37
2529 73
522 70
4343 58
1909 64
2431 61
1220 73
609|8
296 77
833 43
356 76
339 63
454 66
318 82
208 54
292 61
610|20
5953 70
58975 70
70206 70
78626 70
82765 70
97988 70
107447 70
107462 70
110591 70
110746 70
118082 70
139655 70
160341 70
86644 73
56801 55
61024 80
77561 74
4816 76
62434 75
3972 89
