1|20
260 102
1927 97
804 80
3 80
1009 75
2406 87
1587 79
3671 97
2617 77
3053 95
2571 100
1222 101
2137 85
1377 76
2395 84
2761 97
2641 74
2872 86
1258 101
2700 94
2|6
333 74
122882 74
71535 75
46970 65
58559 81
80489 75
3|8
5764 70
647 36
6835 70
5919 39
2851 31
2288 41
5048 30
4518 34
4|20
106 70
1291 73
3408 66
265 67
52 66
4347 74
2467 71
908 80
345 68
1304 75
1923 67
2959 81
368 64
1219 79
4765 70
1199 82
4166 35
1732 79
21 71
2858 81
5|9
515 73
1 77
364 77
608 80
290 78
261 75
34 71
318 86
21 68
6|20
349 77
318 94
775 70
141 76
348 74
104 75
327 65
410 69
165 78
87 66
366 70
17 81
1084 84
222 76
16 84
416 53
277 68
460 64
867 12
316 72
7|20
8528 69
3623 52
8636 69
8360 66
1517 65
466 54
8373 45
1220 71
7155 50
8808 52
6863 62
31878 65
1610 69
1219 71
4700 60
45668 60
8970 67
27741 73
6333 69
8865 51
8|10
356 83
47 81
231 62
318 89
454 73
292 68
32 80
141 70
380 70
252 68
9|10
5451 55
923 74
5890 74
2901 61
922 84
6044 70
1987 70
5378 64
3735 75
5447 52
10|20
597 66
33679 61
8533 66
8969 59
72720 68
88810 73
136020 58
6377 73
5943 48
109374 71
113394 70
61250 47
82167 50
140110 64
5377 66
77841 70
6942 70
1028 74
72330 70
66203 54
11|13
733 79
1584 81
1210 91
170 75
1438 60
648 76
1918 69
493 79
10 77
457 86
1693 77
150 83
1923 80
12|7
2717 79
2100 76
838 100
2072 79
1876 76
2581 79
6942 97
13|7
3717 70
3624 68
3798 72
2174 76
47 87
3893 74
305 61
14|10
344 60
477 67
110 81
540 54
597 72
153 59
592 67
4 45
539 70
105 66
15|20
91529 75
7438 71
111759 72
2329 78
1 72
1909 63
1240 70
115713 72
1200 73
293 74
2571 77
3949 73
120466 64
1198 78
2028 76
2011 68
158 52
160980 67
4306 73
4022 68
16|20
1230 70
78499 74
913 74
1136 77
1299 72
1617 74
1203 77
3429 79
2858 75
608 76
3683 71
4002 68
1199 76
912 77
2707 60
5782 72
1260 64
319 70
27773 74
2109 63
17|20
260 88
64839 83
296 88
5952 86
527 89
1193 86
3681 87
1240 81
2717 67
2858 84
1093 77
81932 80
5618 87
50 90
5971 85
2959 91
1201 88
541 85
82459 83
1 84
18|20
8117 70
65596 70
88094 70
145283 70
157110 70
166015 70
171023 70
103253 63
60684 78
44199 77
2 70
86628 72
59784 71
2918 78
109374 81
4226 85
53129 89
139385 79
47 82
1291 83
19|20
3692 70
3662 48
54 35
2733 40
1702 44
1240 64
1270 62
3712 48
1881 51
216 50
3 52
1834 68
2184 62
3017 59
2044 32
2354 41
2005 59
3146 35
3387 51
2694 47
20|20
1566 74
5419 66
4014 77
2140 76
586 65
661 72
3189 77
5014 84
1333 77
4161 71
3784 65
1030 59
5313 51
2804 84
2054 60
34 79
1097 80
6358 70
4519 71
1722 66
21|20
107013 70
117922 70
140301 70
57640 70
2985 60
2990 67
2717 62
5418 74
31433 59
112175 73
7153 77
30793 56
4446 68
52973 69
45186 68
2023 71
79185 66
1721 63
102125 68
5459 63
22|20
8961 54
2723 45
60950 49
64575 49
1193 57
70286 54
4993 57
2160 56
39183 48
7147 53
3996 53
3481 52
55765 54
48780 55
7361 59
51540 53
6711 57
2968 52
3949 56
48394 53
23|20
6234 70
3996 72
293 73
1206 76
1136 78
1960 68
7587 72
3424 75
3181 73
2467 71
1248 81
1617 76
6807 72
1952 74
6440 73
1258 75
1243 76
1080 71
8228 68
1711 55
24|20
1784 71
2617 62
111759 76
134853 76
58998 73
1265 73
1198 81
3147 79
1197 80
1220 75
2424 63
5418 75
72011 70
54286 73
27773 77
64957 68
356 81
44191 76
1682 74
68358 76
25|6
58559 100
60069 97
74458 95
79132 99
527 101
260 100
26|21
10 70
34 70
47 70
150 70
153 70
165 70
185 70
208 70
225 70
288 70
296 70
300 70
344 70
349 70
356 70
380 70
434 70
454 70
457 70
592 70
593 70
27|20
1196 84
2478 66
2640 74
3508 87
3555 71
1201 84
3519 59
969 74
2080 70
673 58
2886 18
2529 77
1387 79
1101 70
1947 70
1250 83
1276 83
3114 78
1083 64
3809 69
28|20
27450 70
60943 70
61011 70
63033 70
5617 67
59369 59
60046 70
507 54
3300 60
55094 53
59018 70
26695 70
2951 68
3006 63
2231 64
5418 64
26812 41
2058 56
353 61
61167 70
29|17
98961 84
7379 71
1250 87
1201 89
111362 82
48516 90
1100 59
26554 82
3441 76
4327 75
2872 74
2301 79
1617 85
3681 88
55820 83
4223 79
99114 85
30|7
5952 97
108932 92
1200 96
91529 97
116823 88
112852 96
1198 101
31|10
1198 91
1200 86
648 76
1363 69
1073 82
1036 85
1197 90
377 77
1246 87
1270 88
32|20
236 70
314 80
1356 80
357 74
224 75
627 70
1079 83
1084 83
318 93
761 56
1197 89
849 62
912 87
880 58
1198 89
58 88
203 70
608 87
497 82
410 66
33|20
110 81
17 78
2396 79
2272 62
448 73
428 76
265 77
1280 82
1177 78
1617 85
50 87
261 79
11 75
452 52
345 76
608 87
150 78
1188 72
800 80
2690 75
34|18
780 66
2273 61
3717 60
26606 69
45499 64
3996 72
4310 59
3624 59
31685 60
1721 64
5146 60
7090 76
70 68
2006 60
3000 76
4306 74
27728 30
3997 37
35|5
11 89
185 72
595 86
21 78
300 81
36|12
5171 41
3066 59
552 46
4025 43
1262 60
2735 41
2359 53
1372 50
1278 59
2194 57
3347 61
1704 60
37|5
344 71
356 97
661 76
329 77
457 92
38|16
434 56
39 61
223 70
161 68
246 75
168 56
273 54
480 69
356 76
457 72
364 73
50 76
500 63
300 64
551 63
21 61
39|20
2571 88
2391 69
1921 83
1862 44
1219 83
1907 79
2081 77
2459 70
924 81
2529 81
1729 78
47 85
260 88
2080 74
592 73
296 88
3213 86
610 79
589 83
596 74
40|20
440 80
454 80
588 86
339 77
158 62
432 60
431 85
186 63
616 82
514 81
21 79
592 77
1 88
223 88
585 62
216 78
104 76
371 77
111 91
267 67
41|20
96829 72
64839 67
122882 67
6287 53
1569 60
106920 69
86781 79
3160 63
1721 59
2028 71
6763 37
5418 67
53519 56
122904 66
55247 69
924 67
4011 72
2324 73
35836 61
5995 70
42|20
3869 81
4654 59
1021 56
2423 80
3248 45
4477 45
2500 39
1431 59
195 73
3326 79
2407 70
1090 83
2735 62
3693 56
1020 71
4545 73
4132 52
2263 51
3535 84
2805 65
43|20
225 95
296 111
596 95
588 102
587 95
420 75
158 76
631 79
5 82
597 97
168 83
355 64
47 108
367 87
519 64
594 97
236 92
1 106
60 87
259 77
44|10
36 76
663 70
12 49
661 66
94 75
1 79
104 70
112 66
494 72
889 70
45|20
2718 78
1036 89
2028 93
1653 89
1682 87
2396 86
3249 74
261 85
4308 81
329 76
1367 68
2890 82
593 92
1127 81
2431 82
6377 91
569 69
1197 92
1060 78
2858 87
46|9
590 84
588 84
315 69
208 66
1 88
432 62
225 80
434 70
339 78
47|20
508 63
68932 50
72395 64
2420 61
597 61
148626 66
5989 66
96588 65
69122 62
6155 57
4975 58
30749 64
106100 66
45950 61
2028 68
4018 53
1259 66
6373 57
33166 66
2407 53
48|7
4886 88
1320 71
1527 84
1193 93
3793 85
48 73
1653 91
49|5
2028 89
1214 83
139385 84
318 96
527 91
50|20
8143 70
114335 70
136564 70
142074 70
171759 70
175693 70
179073 70
175707 70
71264 52
82848 70
1377 44
44555 65
8157 55
6807 60
95543 48
8253 55
96610 58
924 69
32875 70
4896 52
51|20
7040 70
5620 65
2613 63
4437 87
2023 78
1500 85
522 82
858 99
4508 80
2951 92
1014 80
1407 76
2282 66
2420 83
3388 53
260 95
3186 78
3994 78
3501 54
2371 74
52|20
152081 89
51255 95
74458 93
1923 86
7438 91
40583 81
59784 81
55765 92
112852 94
86892 90
55363 97
112138 86
49272 96
52245 72
69481 93
50794 69
1704 98
54736 88
44665 91
47200 77
53|5
481 86
1100 76
249 107
1125 101
916 116
54|7
296 68
593 68
639 43
1 64
205 47
161 60
500 56
55|5
2407 48
673 45
3275 62
2890 55
4011 62
56|10
786 71
253 79
165 81
110 91
589 87
370 70
434 69
410 71
69 83
185 70
57|20
2140 71
942 84
920 73
3175 74
1784 70
3429 84
933 86
1193 86
3446 33
160 43
1499 33
2640 69
892 73
11 63
2947 74
6 75
2478 59
2291 75
1688 66
2301 72
58|20
588 85
282 73
185 69
419 62
367 72
277 70
48 71
280 87
337 82
345 83
3 74
357 79
527 94
587 79
218 75
500 77
508 84
368 80
364 89
353 84
59|20
1696 45
6460 106
3489 75
1188 81
1222 93
2076 89
3448 82
1263 91
1247 93
527 95
1244 90
904 98
903 94
965 87
2616 65
1953 87
608 98
105 72
912 99
3471 86
60|5
832 66
58559 80
805 71
455 47
858 80
61|8
266 72
1101 73
7438 84
173 57
555 79
2012 74
4878 86
3949 85
62|20
99114 89
176371 84
3793 84
56757 82
73017 86
30793 69
179819 70
68554 74
185135 88
168248 94
5903 87
4878 91
2028 92
5502 75
6058 68
344 68
1721 76
45499 76
41566 79
78105 66
63|20
5669 71
4246 70
48780 77
500 66
6016 80
31658 78
2858 77
64285 79
85414 68
1221 79
106696 70
4963 75
50 81
1097 71
260 80
110 78
1222 79
4979 71
5952 78
77561 66
64|20
5878 86
3101 68
2640 76
2959 92
8784 80
2054 60
4239 79
4025 58
5026 87
40819 83
266 69
2699 62
27266 83
3969 78
1805 63
6296 80
4776 79
3148 82
4262 82
356 83
65|7
1246 82
33660 80
7458 72
2329 86
4993 84
91542 75
3147 84
66|20
593 94
47 88
5418 84
922 95
2139 84
2956 61
3745 77
1956 85
4581 70
5349 81
1210 89
1094 74
2001 71
380 74
6539 84
671 76
1 86
6378 80
7766 89
296 95
67|8
99114 81
4306 80
27193 76
79132 83
60069 82
2012 72
4886 79
4993 83
68|20
47978 70
95218 70
6534 48
48696 58
67267 73
30825 58
1799 65
3556 62
8622 60
4351 60
63113 64
58295 68
7151 62
2413 75
6287 60
653 61
41566 66
5541 66
260 74
48043 57
69|10
4370 80
4848 93
3671 95
2476 83
1193 98
356 100
553 90
4022 88
260 100
3994 87
70|13
1193 91
1097 81
1914 79
1269 78
4995 87
318 96
8949 82
1968 83
1210 89
89492 84
1250 91
1235 92
2366 77
71|7
494 72
647 69
736 68
95 63
733 74
589 78
7 64
72|9
1047 72
150 83
858 92
2490 77
1357 89
260 91
50 93
1198 93
1196 91
73|20
1193 84
45720 76
105037 60
6333 79
59315 79
76293 66
138204 74
2706 75
152081 79
45221 39
68135 73
150 80
8376 69
93510 80
59784 71
116823 77
106072 72
1682 80
52245 64
35836 74
74|20
31522 70
2594 81
2908 87
30749 83
6870 83
3006 81
52281 79
49772 91
55118 86
2997 93
6305 82
608 98
4546 82
41863 86
27773 89
6001 89
1251 91
6552 84
46976 82
44555 92
75|14
5445 66
1240 68
5952 72
2193 62
6870 67
2529 68
168 54
541 72
3176 62
1962 65
2078 67
1889 66
1266 75
1374 69
76|20
48877 47
5956 58
2918 61
58803 58
1247 64
74458 63
7669 70
79132 65
8957 50
858 69
55820 63
1258 66
63436 40
1201 68
1208 65
48 49
288 53
34405 64
1 62
1196 66
77|6
3996 76
4973 86
7361 84
8636 76
3578 82
33794 80
78|13
296 76
165 67
3809 64
589 73
546 38
27904 70
260 77
590 70
480 70
68791 63
344 57
44974 71
380 65
79|13
3266 103
3029 70
589 88
1916 77
307 89
4005 75
260 94
1189 87
1345 76
2000 83
1374 86
2659 70
2076 85
80|20
7445 85
96691 75
84189 70
91630 87
49530 88
8950 91
6539 92
4223 89
5630 81
3527 90
76251 85
80363 66
52604 89
6502 93
34048 79
1221 95
60684 90
6952 67
5989 92
77561 81
81|26
10 70
32 70
47 70
110 70
150 70
153 70
161 70
165 70
208 70
231 70
288 70
296 70
316 70
318 70
329 70
344 70
356 70
364 70
367 70
377 70
380 70
457 70
480 70
588 70
589 70
592 70
82|20
6886 70
2381 51
2378 65
6566 45
368 70
6536 71
3253 74
4310 63
1608 70
1372 65
145 63
356 84
6708 72
1485 63
4369 63
6564 54
6888 44
5803 48
4015 56
364 81
83|20
56367 67
7143 68
7323 65
6539 68
161 65
586 55
2115 66
1270 72
6874 71
2324 74
1537 64
7153 73
68954 71
48774 68
30749 68
8014 74
1222 73
3753 62
1223 76
64983 58
84|20
55 70
987 70
912 90
1096 80
420 47
1227 84
113 56
580 56
5060 80
1293 79
900 74
1097 77
62 66
368 71
1305 73
1247 85
1296 80
11 70
1073 80
1094 71
85|7
1519 70
1624 44
1140 70
1694 54
1643 71
1747 70
1635 77
86|14
4993 86
4310 65
6947 76
2411 65
457 83
5418 81
3996 79
4901 76
1835 74
33794 83
1196 87
3555 74
1097 77
2687 72
87|5
4023 67
2009 71
3504 82
671 78
2139 78
88|12
7312 70
74795 74
4993 90
68157 90
5952 89
1193 90
223 84
8665 82
4262 85
56782 96
8677 47
58559 91
89|104
26645 70
32060 70
44851 70
53280 70
53578 70
67888 70
69211 70
81087 70
84246 70
103602 70
108078 70
109596 70
118894 70
121007 70
128089 70
128944 70
131098 70
131439 70
134847 70
140481 70
146684 70
148632 70
150554 70
164226 70
30793 61
169912 48
87869 70
1923 71
4015 54
950 67
173253 70
2324 79
27826 70
92259 82
11 75
3977 54
86298 59
8154 71
77688 70
2997 73
170837 70
49274 48
157775 70
1 76
142196 70
99117 60
62008 70
72624 70
108156 61
3752 63
2059 61
128520 80
3175 67
133879 70
48649 70
126088 70
5529 41
65588 70
99130 70
40962 56
1732 74
68659 65
91666 70
2683 61
3751 68
750 78
6650 75
149508 70
2395 62
51575 53
65230 62
171751 70
85881 71
139157 70
6863 66
4246 70
108949 63
1230 68
160567 74
73319 56
177185 70
130520 62
5220 52
121338 70
153386 70
50872 75
149566 70
145491 70
4890 60
129354 63
32243 70
84944 70
6402 70
1288 76
140133 70
119141 66
947 71
176621 70
4973 81
158398 70
69469 70
54503 74
141928 70
102481 71
90|11
1137 70
1144 70
581 99
81 71
892 85
1073 89
116 71
896 42
17 86
7 66
613 68
91|20
3013 70
6395 70
8147 70
7153 81
3360 73
2791 76
3897 77
1080 77
4850 62
3429 84
7000 64
2060 67
2916 71
1391 62
2100 62
318 84
2146 69
1225 83
1246 77
8501 65
92|5
2572 86
2114 85
1015 72
2454 80
1801 83
93|20
736 82
1917 78
552 80
1721 85
539 89
480 94
1372 84
368 89
2355 90
1923 92
2193 86
2006 80
339 87
1097 93
1591 68
260 104
2968 93
1676 84
593 104
558 76
94|12
231 54
377 63
367 56
364 70
288 57
19 48
10 62
586 55
590 66
380 61
589 68
318 77
95|20
18 83
4878 92
6979 79
4732 48
3019 87
5246 39
32 90
2952 78
1247 90
1198 96
5283 71
3361 87
1513 67
2009 75
539 79
122 62
1584 83
1240 87
4262 88
5349 82
96|16
527 87
1094 66
272 79
3819 90
150 78
2021 74
2571 85
1214 81
2058 70
1220 80
733 74
2340 65
1721 71
2396 79
367 66
1291 84
97|8
4701 76
4306 91
3578 94
4993 94
4963 90
4299 78
3981 59
4161 79
98|19
81845 86
8961 83
122912 83
5299 69
63992 52
187541 65
56152 79
134853 85
69644 63
6863 73
5618 88
56801 55
3499 84
134130 83
74789 64
82461 69
1258 87
88810 86
79132 87
99|11
318 109
161 92
420 70
592 84
196 67
122 69
145 78
150 93
316 82
236 85
588 93
100|20
497 84
296 90
1393 79
95 66
592 74
605 59
6059 78
28 85
2245 74
62 79
4308 78
1777 75
838 86
2125 83
1288 87
234 55
1197 90
2005 81
4014 79
4623 77
101|13
2580 84
3285 62
2723 68
2700 80
2908 78
2390 74
3175 74
2395 72
358 55
2702 63
3394 56
2997 82
2502 85
102|12
158 55
588 73
150 73
592 65
253 69
480 72
344 58
539 68
553 72
593 79
586 60
223 74
103|20
86014 70
1954 85
60040 71
1968 83
77206 70
2161 78
1732 86
81834 86
608 87
2384 59
4254 48
104 74
139642 63
56782 95
2096 74
101 80
6534 58
374 47
60069 87
30793 68
104|20
4740 70
743 51
5218 73
8643 66
1288 81
47997 73
468 67
76251 73
8533 73
4018 63
38038 76
1566 71
7361 85
6060 47
3034 73
1641 74
4641 70
108190 57
616 72
7034 76
105|20
4788 70
69685 70
95311 70
95313 70
110586 70
141816 70
141818 70
170597 70
172587 70
172793 70
173351 70
173535 70
6433 46
4974 61
70286 84
108981 70
95175 70
69122 82
1243 86
3916 85
106|7
69844 91
72998 84
59501 81
86880 79
5349 85
53125 83
59784 81
107|7
231 71
253 81
590 86
165 84
434 72
208 68
318 101
108|16
800 87
6022 65
4995 90
2585 85
5316 68
4975 78
3978 71
5349 82
2926 77
4246 84
4878 92
4994 79
1968 86
1684 66
497 88
5380 88
109|20
380 64
1033 65
231 57
364 74
589 73
480 70
62 67
31 62
587 65
1032 65
586 58
778 77
540 50
256 53
163 67
252 62
223 72
553 70
537 59
168 57
110|11
26171 50
2468 51
1198 84
1089 84
1222 83
1208 82
4881 75
47 80
527 84
1193 83
2428 51
111|20
100194 70
162602 70
171251 70
2145 67
96588 77
65088 66
66203 59
84772 69
2081 72
91529 80
6365 71
45666 50
3255 71
1282 69
6539 78
86833 75
122882 75
59143 76
86911 64
5283 66
112|13
788 55
161 74
1917 63
16 77
21 65
208 58
434 61
39 66
3717 65
19 55
110 81
32 78
70286 76
113|20
4083 70
39 66
3168 75
932 83
2331 53
3359 82
1086 84
3504 83
1339 73
904 89
3546 70
4063 41
4062 64
1077 78
1589 72
2475 62
3831 73
46 60
1733 88
4007 75
114|7
141718 70
54001 67
2291 65
167732 70
122886 67
8961 68
3147 72
115|20
1580 75
2804 82
1387 83
2792 71
3146 56
3273 54
3052 78
2841 77
2719 51
595 79
2700 81
383 68
2027 43
2148 65
2770 56
3785 65
2916 78
3175 75
588 81
1377 66
116|18
2716 68
858 75
1299 71
62383 51
1339 63
1276 73
597 68
1029 62
1101 65
2797 69
2657 62
1961 71
1407 57
5995 72
1704 78
165 69
2115 72
8360 66
117|20
708 66
587 68
589 76
151 68
36 72
1036 76
595 72
288 63
596 67
48 61
315 59
454 70
353 72
474 72
10 68
60 62
805 71
491 64
616 69
485 59
118|5
1221 79
1625 70
153 55
1961 73
1810 66
119|20
95441 73
117176 88
1092 73
91529 92
74458 90
4387 82
79132 94
168252 95
44022 76
78499 95
122904 89
106782 93
442 73
4993 94
31685 74
6365 80
141004 46
4148 74
88744 86
8644 80
120|5
260 81
32 78
5 59
631 57
52 71
121|12
497 70
440 65
161 69
527 77
292 63
344 56
186 53
316 62
1 72
19 51
163 65
337 67
122|20
27660 88
69784 84
7022 98
148652 73
4816 86
56174 85
94959 93
81591 89
71535 94
30810 86
2997 95
1732 98
108932 94
780 83
1090 94
3253 88
106782 99
72226 101
1200 98
1214 95
123|12
68554 67
115569 82
79132 83
109487 82
1196 85
4226 84
296 85
7153 85
143458 70
47 82
96829 85
2858 81
124|10
56145 79
2161 77
260 90
175 88
1358 76
6377 87
4226 90
3147 89
608 87
1223 94
125|20
5088 70
86721 70
110330 70
54503 82
72011 78
162578 88
119145 81
176371 81
55247 83
1240 80
86332 76
68157 86
112623 74
4082 37
160567 81
3342 68
109487 83
88140 75
98607 70
81562 77
126|8
364 73
349 65
231 56
380 64
410 58
300 63
253 64
457 72
127|5
2915 54
903 61
55276 59
5060 59
272 59
128|7
904 90
965 82
926 81
1066 91
1721 73
1080 84
1198 90
129|20
4370 70
480 81
3698 71
2692 84
2138 82
1968 81
8368 85
653 68
7143 83
316 72
6874 85
239 64
2916 79
733 79
4896 82
2028 88
3977 59
3000 85
1907 81
31658 87
130|6
208 59
316 66
292 68
110 82
590 75
296 82
131|14
2273 57
6947 65
58559 73
908 73
4878 72
89745 69
7256 71
68237 71
2722 50
2028 73
48516 75
3178 65
64614 71
969 67
132|20
6251 70
3275 70
4995 67
2987 60
7444 55
3262 57
4168 45
31658 68
44191 66
1089 70
3967 65
5502 55
50 70
58559 69
5992 68
2108 54
1844 67
2657 56
47 67
2470 54
133|7
454 59
356 67
589 63
150 61
153 48
380 56
527 67
134|7
442 65
595 77
349 74
380 73
367 67
509 72
296 86
135|20
592 72
4084 60
893 63
3994 73
2004 72
608 87
1358 77
3852 73
3489 72
1614 63
1198 88
4128 77
1883 64
2302 68
1291 84
410 65
1261 88
4022 76
4881 79
1077 80
136|20
161 77
193 49
585 55
338 61
277 65
380 72
181 47
337 74
437 51
165 75
611 60
151 72
340 67
252 71
432 57
552 67
350 75
280 80
273 61
150 78
137|20
6787 82
2716 79
1198 86
750 90
919 80
1270 79
318 87
150 75
2997 84
1200 82
6986 70
7153 84
1242 84
110 76
33493 69
1197 87
2959 88
1237 88
903 84
7762 83
138|5
2707 66
1960 73
1959 75
849 60
3996 77
139|20
4025 39
7445 44
60684 47
4865 45
68319 37
7090 49
5502 41
260 51
8371 40
53953 39
58025 38
106782 50
6957 43
7163 36
3827 38
3624 38
52722 37
54259 45
4367 38
115617 47
140|20
5699 70
5299 64
1393 72
356 82
609 65
32596 61
4795 65
34072 71
1617 79
5256 43
5943 53
1084 78
4337 70
3108 75
43396 78
4719 57
1005 45
4321 67
5812 73
4259 65
141|20
5418 73
54503 74
4963 74
2478 63
71535 73
317 61
68954 76
54286 72
6365 66
54272 69
4447 63
5502 63
6377 77
6373 64
1265 72
91529 77
2502 77
441 74
1517 68
48516 81
142|8
434 64
384 70
588 78
50 87
527 86
356 86
337 75
377 74
143|15
1721 64
61250 49
6942 72
7169 68
8533 68
106696 69
3421 71
87232 72
78316 63
69069 68
59421 53
2144 69
96821 75
7173 59
500 66
144|20
589 79
541 80
8368 79
597 72
590 75
410 64
1246 81
527 84
356 83
500 69
19 55
2700 76
434 62
733 73
780 71
1036 79
5377 75
552 64
586 62
2081 73
145|5
344 59
339 68
380 68
318 86
588 74
146|7
7293 67
3257 58
32 73
1367 56
3686 53
410 59
47610 69
147|5
1234 79
168 62
552 64
555 75
2395 68
148|10
88125 74
5618 79
108932 73
81847 74
72998 68
5816 71
8368 75
7153 79
81834 76
4993 78
149|12
1097 58
1374 61
1831 39
1527 58
260 65
173 44
1206 63
1200 62
2021 56
1580 55
1391 48
1375 50
150|6
3 66
1356 78
5 61
95 62
733 74
1073 77
151|12
786 74
562 87
780 84
837 79
747 68
1265 87
828 76
1073 87
1 91
648 82
1393 85
1359 65
152|13
50 85
2959 87
116897 83
89492 77
1193 83
69481 80
85774 73
115713 79
111 79
92259 86
1234 78
79132 82
318 89
153|20
134853 48
1732 48
8533 45
4014 44
81456 39
106782 49
8528 45
6863 41
87194 39
2617 38
1246 49
106100 48
1954 47
7458 42
4226 51
89904 47
72998 43
133780 70
586 37
36535 48
154|7
114662 86
119145 91
81834 94
122904 91
106072 81
76093 94
77561 81
155|10
153 63
3286 37
1200 84
260 87
141 74
2355 75
2384 56
2948 80
432 58
2959 90
156|20
26313 70
31038 70
1230 88
1711 58
3341 86
6296 78
762 31
2361 60
2076 82
4784 55
661 71
2926 73
8571 70
47 71
3176 71
58 72
848 56
866 82
1485 55
923 92
157|5
785 65
3617 60
2720 40
2770 49
527 78
158|6
1093 76
2605 66
2872 71
2723 67
2428 53
66320 70
159|20
2959 75
60069 71
45720 64
597 64
4022 65
89864 64
49286 61
140110 63
84954 56
4447 59
1197 72
68954 70
6942 68
1961 68
106696 65
480 67
539 63
166643 66
40819 69
63082 70
160|20
126 35
1371 54
1198 72
196 42
3408 60
5349 61
3213 68
2408 43
839 44
3593 25
2748 29
533 47
1975 45
1676 55
3745 58
2011 56
733 57
3826 38
778 69
2840 42
161|8
4980 62
7247 75
47610 77
1223 89
38038 78
3429 89
2144 77
2336 78
162|8
150 90
225 84
168 73
50 100
300 83
266 81
31 80
62 87
163|5
1608 62
1810 63
1747 60
1777 62
1837 42
164|8
1036 89
2916 83
110 92
589 88
3527 85
1101 78
1201 94
2167 76
165|13
2353 68
3624 62
110 81
5505 64
5527 72
3256 69
5956 71
5418 77
5530 35
5450 64
1127 71
3409 59
5881 60
166|20
33794 85
1721 74
4011 90
5378 69
3481 81
49530 81
2353 74
47644 64
54272 79
8961 84
1198 91
2542 89
1036 85
608 86
434 67
5219 68
5418 84
2396 83
349 77
2324 90
167|20
33493 66
4886 73
778 78
3052 69
7147 73
6857 75
45501 56
6480 70
1682 73
2231 73
784 54
33794 74
2083 73
2413 73
6333 71
8961 73
2139 68
150 71
6773 69
35836 67
168|19
3730 93
1248 100
1201 96
1089 96
296 95
923 92
1222 93
5291 85
3543 84
1302 82
3362 89
1148 96
3101 73
57669 94
2076 87
1729 82
908 94
85354 62
80463 90
169|20
3536 84
2028 100
364 98
953 98
4886 95
5400 74
8644 84
524 86
2795 91
1022 84
3114 94
3967 96
1517 87
1035 97
8641 91
6365 85
661 80
457 97
3287 57
1416 84
170|10
318 84
296 78
586 60
377 68
34 67
592 65
277 60
500 67
266 66
588 72
171|17
485 75
1220 94
1025 91
801 70
1259 97
1079 95
828 80
317 77
869 78
380 84
1136 100
1225 100
661 80
318 107
47 97
1198 102
1208 97
172|6
3087 64
3578 80
7438 78
2072 62
3793 74
2762 77
173|5
10 68
329 64
586 60
597 70
588 73
174|14
553 79
520 66
224 73
648 74
161 78
317 68
158 60
780 75
315 65
485 64
282 68
440 74
350 75
10 74
175|5
531 70
8911 70
43904 34
38388 80
8362 58
176|8
165 82
434 71
39 76
368 80
380 79
780 82
47 91
471 81
177|20
42002 67
91542 73
6332 61
3668 73
45672 61
783 65
27706 63
2657 66
114662 71
1206 78
83132 77
5218 72
508 73
3114 75
1321 69
2176 74
8798 75
88140 70
2012 70
339 68
178|16
7361 91
527 90
2329 91
5995 87
6502 86
4235 86
1198 91
208 63
6539 84
296 90
349 77
10 76
4226 89
1240 83
2579 80
318 95
179|14
367 70
589 85
161 82
231 68
288 71
743 57
1061 82
317 71
786 69
592 74
671 79
296 89
434 68
364 87
180|5
1261 82
260 81
1748 79
1242 77
2140 69
181|20
157 54
593 74
596 63
353 67
539 64
516 63
132 59
169 41
25 65
31 61
542 48
6 71
707 55
185 56
464 54
502 45
415 51
480 68
592 61
344 55
182|20
4879 70
6969 70
3911 78
2728 81
4313 68
8042 88
1291 78
3113 53
3578 69
1590 49
161 60
4452 52
224 75
4980 64
4262 79
2353 63
2890 75
1127 73
541 91
6041 83
183|12
480 77
380 71
1196 85
2951 84
2534 31
4085 71
1287 78
2194 77
3247 61
1233 84
2662 67
1408 79
184|20
158035 70
181413 70
193565 70
97304 84
74754 59
168250 78
191005 70
106072 73
166291 81
127152 83
86332 78
80463 84
5816 80
122898 64
81845 87
5810 72
170813 71
174479 70
112852 86
148626 85
185|10
1685 70
2396 76
5377 74
1721 67
5952 80
1393 72
595 73
2085 67
4995 79
899 81
186|20
2605 71
1214 90
1291 94
3745 80
1269 82
2527 79
2532 61
4361 80
1307 87
2968 86
4306 90
2541 80
1702 64
480 86
1097 86
3977 64
919 86
3527 86
593 96
1196 96
187|20
26122 70
3949 82
49272 72
231 55
1206 84
6874 82
1729 71
1209 81
48394 78
6502 77
2701 38
4027 78
288 66
2542 78
7153 81
39427 55
6890 77
1222 82
8949 77
1748 76
188|10
2346 73
1212 93
594 86
1282 89
3469 82
2396 91
1091 62
3341 91
1264 81
2206 80
189|5
48516 85
4993 82
79132 82
2959 86
58559 83
190|14
6711 84
4776 78
8784 78
4995 83
5630 71
4306 81
30749 80
1221 85
4975 71
8961 80
858 87
8464 76
69844 80
7438 80
191|17
496 70
21 77
72 68
175 88
494 75
417 79
17 81
6 84
85 82
292 71
314 81
58 88
235 77
213 64
161 75
160 57
162 87
192|5
356 89
288 69
316 71
349 76
432 59
193|7
44555 78
55442 75
4878 75
6016 77
307 73
1270 74
5618 78
194|5
163 71
1396 69
1500 72
1288 79
5060 73
195|20
3424 77
2770 51
1041 79
1653 78
1923 72
3160 70
4723 39
1863 52
2336 74
2166 52
4308 71
1909 67
260 81
2028 81
3252 73
2908 70
1392 67
1365 68
70 71
190 55
196|7
70286 76
3578 81
59315 75
58559 82
364 80
1214 74
110 81
197|7
1513 61
1240 79
1882 41
786 65
2167 70
153 61
1784 76
198|20
3894 70
3499 76
920 71
1213 82
3949 77
1994 68
1485 62
2572 73
4019 74
1089 80
110 80
593 81
4128 70
1270 79
4886 76
1079 75
2117 75
912 78
1573 65
1682 75
199|20
5464 65
2165 67
2280 48
736 48
5673 68
349 60
5502 58
482 73
8532 70
1172 76
300 65
50068 70
4881 73
3175 70
7445 56
2973 73
34338 64
41997 71
1956 74
377 59
200|20
3809 74
7022 85
50802 67
3968 64
2485 65
500 76
5610 49
590 81
1029 72
53996 75
2572 82
4993 88
4041 78
57640 81
1302 78
1784 80
6383 55
1653 85
1569 75
1517 76
201|20
1748 94
1527 86
1584 87
2858 94
339 81
589 92
2717 72
994 91
788 65
1196 97
2797 87
733 84
1259 93
2174 82
1198 99
2455 83
1569 81
1213 98
160 68
24 76
202|20
3329 70
924 88
29 83
2289 83
1197 90
1196 88
2966 82
161 68
608 94
1209 85
1296 82
3194 73
1784 75
469 79
923 91
2000 75
1587 71
1719 92
3147 83
32 83
203|9
56174 73
8665 78
2407 67
5952 84
590 78
49272 84
40815 79
333 78
296 86
204|17
1136 89
3949 86
33794 86
48394 83
27075 70
1080 85
79008 88
6104 95
8874 88
81591 78
4878 88
91658 78
711 67
2313 78
86320 79
55820 85
5218 80
205|6
912 79
99114 79
91542 73
5816 73
95167 70
96079 75
206|5
36 84
608 91
733 80
140 72
141 78
207|5
2991 62
2428 42
2707 53
3740 64
100 47
208|6
1210 78
2628 60
380 65
2353 64
2278 69
2762 73
209|7
60684 81
1291 86
68157 87
74458 83
185029 86
122886 80
88125 82
210|20
123553 70
34405 95
166203 70
3147 94
31696 77
7649 66
58559 95
2105 74
6365 80
34397 70
4625 40
84772 79
122926 95
76093 91
62836 70
33493 81
1584 86
47610 86
108932 88
122918 90
211|18
58559 86
63113 71
90405 67
57669 86
60684 79
7153 85
73017 79
2105 66
4367 62
356 86
2642 49
1556 35
318 91
44665 79
85414 72
1198 86
1136 83
260 85
212|20
170697 70
122920 71
122892 66
2571 78
5218 70
48394 71
3578 76
1196 77
135143 68
74795 65
179401 64
79132 77
77800 80
108932 72
110102 72
96821 76
8874 76
65261 80
59784 65
2291 70
213|17
3285 67
87520 50
80363 61
76251 79
8957 69
2860 59
1234 84
5419 69
51935 83
69844 84
39446 60
4132 51
858 90
69526 53
4558 56
49530 82
58559 90
214|5
83 70
628 60
743 43
1363 53
802 58
215|20
1172 87
4973 88
63082 82
1291 83
2028 84
3252 76
3210 73
1968 77
1247 80
49272 82
1089 84
72407 52
5650 79
318 90
1208 80
2000 77
1197 85
1196 84
1297 75
4019 78
216|20
104 57
21 74
3996 79
3946 52
2946 66
3993 67
3897 77
2599 77
34 76
3994 63
4034 78
3363 75
1965 70
3422 64
3555 59
3253 65
2087 73
3986 47
2018 70
1923 71
217|20
1867 70
3434 70
1275 68
2468 41
3197 50
1912 67
2302 55
1876 50
380 55
1221 77
2471 41
1918 48
1385 48
3165 62
1590 46
1562 34
1703 52
2056 70
1831 38
160 42
218|6
2657 61
2692 74
1380 61
1198 77
6934 55
5349 66
219|20
60072 57
2115 69
59315 70
6539 71
442 56
30707 75
1704 76
180 64
1219 73
1005 41
27773 75
56156 58
6188 65
6721 68
30825 59
2997 72
1552 56
1500 68
2890 68
1921 73
220|20
3996 83
733 81
1198 93
3994 80
6539 86
1258 90
1917 70
4545 73
33794 87
165 80
71264 81
4623 78
53464 55
5218 81
6365 77
3751 78
32 88
1036 87
5502 74
1591 60
221|20
4338 70
7013 87
8529 63
1080 84
3246 88
2871 84
1208 98
7063 93
2702 66
4029 84
5954 82
2352 79
922 91
2997 91
1278 88
2858 92
1212 90
1959 79
1961 82
3671 80
222|20
81831 70
100498 40
48516 76
1249 73
99813 74
91529 72
59900 51
93287 73
1721 61
2706 64
3273 45
2411 57
64622 68
7143 69
87869 65
778 74
30825 57
42011 42
673 53
64839 70
223|15
55854 70
6711 70
1 68
736 59
1961 67
457 69
2716 64
48394 65
608 67
8784 65
48516 74
3863 57
4306 69
260 71
2683 54
224|11
3496 70
3044 75
356 92
2915 78
289 70
3668 83
1270 90
2797 83
1721 76
2716 84
1259 89
225|15
2423 77
1285 73
588 79
1717 60
2791 81
1321 74
1136 84
1197 86
1753 80
2004 70
2371 70
1407 65
785 73
1060 74
3024 56
226|20
6938 70
32666 70
3552 80
542 54
1240 78
3098 78
2804 78
3668 76
3653 78
2231 79
145 64
2253 46
3052 75
2628 64
762 52
53129 89
4816 71
16 80
2144 75
46948 64
227|19
46976 79
52319 77
81845 86
109487 85
134130 83
215 81
48738 85
47099 83
1196 88
32587 82
912 86
55721 88
1682 82
750 89
778 87
40629 79
97913 80
70286 82
150 81
228|5
2571 89
1373 62
362 78
318 94
3113 61
229|13
34 75
589 84
377 77
45 75
587 76
5 65
475 92
442 67
597 78
364 86
213 60
110 87
527 89
230|20
34330 70
52715 70
47 67
7438 61
527 67
3147 68
45499 56
6537 55
2291 59
1387 59
6863 56
1485 53
595 61
4022 61
2096 56
588 62
4034 66
1676 55
8644 58
2641 49
231|5
92259 83
858 81
593 80
1198 82
109487 77
232|20
31867 70
41769 70
57526 70
70336 52
8644 70
1586 61
44972 39
4019 76
43928 40
30883 29
65802 57
8376 64
39292 69
1035 77
66198 63
66097 72
32011 45
6564 53
7451 76
33164 33
233|20
48394 66
3751 61
48516 73
1721 59
356 72
106100 68
162600 60
608 70
7153 72
134214 62
57669 73
122920 64
2329 73
4239 66
7371 73
3977 48
3147 71
3948 60
49272 69
5418 67
234|20
2616 68
2140 76
172 64
126 50
1562 53
4519 74
153 64
2710 59
3624 68
3483 67
1391 67
438 58
1460 76
2987 79
65 56
260 90
1359 60
3175 76
588 82
2080 75
235|13
480 76
736 67
500 70
454 74
592 69
235 70
595 76
32 80
527 85
648 71
223 78
588 77
377 72
236|30
1214 70
1278 70
1345 70
1350 70
1387 70
1388 70
1982 70
1997 70
1998 70
2447 70
2459 70
2490 70
2496 70
2502 70
2505 70
2542 70
2572 70
2580 70
2596 70
2598 70
2606 70
2657 70
2683 70
2694 70
2718 70
2770 70
2806 70
2858 70
3024 70
3052 70
237|10
32 70
4254 39
94959 67
293 71
1371 55
1193 72
7361 74
7980 69
43936 53
1374 68
238|9
4954 79
3528 70
4265 60
4901 73
4238 68
593 87
4499 85
4957 43
1193 86
239|20
58559 91
5459 68
4085 76
380 77
95 69
7445 80
608 84
7147 85
6378 82
2115 84
4896 84
36529 82
3994 80
33679 74
47 89
590 83
4022 81
208 65
733 81
51662 82
240|20
368 84
543 76
480 89
367 77
810 52
500 83
546 47
110 96
173 66
1 93
542 63
104 83
34 82
174 68
204 63
225 86
383 76
262 92
434 74
420 69
241|16
81786 70
71899 86
527 83
1206 81
1193 81
99114 80
100714 57
8981 76
53123 85
116897 82
56367 76
3910 74
106782 81
115569 80
4235 80
48780 79
242|7
39 68
380 71
231 63
457 80
592 69
454 74
111 79
243|8
112 80
353 90
62 92
588 93
193 59
586 77
181 56
376 79
244|19
3090 82
1049 72
110 84
257 72
165 74
151 74
1090 80
3755 66
2278 75
648 72
1580 73
1957 79
1610 79
1196 87
3256 73
1573 70
1242 83
3753 72
2243 72
245|5
3196 56
2739 57
3114 54
3274 48
1361 58
246|20
1304 90
616 81
1680 85
6016 96
3081 81
44191 90
60684 87
4973 98
1732 90
1298 89
53125 81
2291 85
2692 90
293 92
4011 95
5013 87
60069 92
48082 89
82202 62
95167 81
247|20
48516 81
593 79
2858 75
49272 77
1961 73
44191 75
527 80
116797 76
68358 75
122886 73
480 72
223 73
1265 72
2078 70
1198 80
1682 73
6377 77
1089 79
953 76
919 69
248|11
4886 77
1198 83
166528 76
176371 75
316 66
147374 66
102903 68
189333 0
122912 77
58559 83
5218 73
249|20
110350 70
102903 75
2167 75
94959 82
84601 74
2395 70
97306 76
3408 77
89047 70
91500 76
91542 81
40815 82
69844 84
904 89
46723 78
3826 59
68791 74
88812 65
67695 15
50 91
250|6
1282 86
2407 76
318 104
1597 76
1246 94
8880 74
251|5
142115 93
293 95
356 98
318 104
1089 98
252|8
164179 85
89745 86
6377 88
164909 83
1682 84
166643 82
143355 73
78499 90
253|10
44555 96
916 96
608 96
2300 89
7099 92
4217 80
26366 70
1192 101
4642 98
3363 88
254|20
46578 85
44195 87
207 77
49278 73
6333 79
780 75
110 86
1210 88
49272 85
27846 84
32587 81
2571 87
44929 79
47 85
293 84
1580 73
5995 83
32 83
592 71
48394 79
255|9
1270 62
4467 58
2023 56
3501 30
1663 56
1394 52
3392 38
2542 62
2915 52
256|20
3247 67
88744 82
377 81
4973 94
53972 75
118696 76
95441 72
104841 81
71535 85
2953 63
81229 80
53121 63
30707 89
2571 93
68791 77
170 77
6942 86
90405 71
6537 74
33493 79
257|5
1500 69
594 67
2502 77
494 68
2406 67
258|5
4995 85
7147 81
72641 77
76093 83
47099 82
259|6
508 64
5945 55
1784 63
4886 67
1356 66
1584 64
260|20
7361 83
3556 73
162 79
903 77
5690 83
6337 69
4878 80
5617 79
342 65
5219 59
2997 78
8011 81
1206 81
3317 77
6709 63
8874 80
2348 76
3822 78
2959 85
8645 80
261|11
3897 78
16 79
2060 66
296 84
2723 65
1682 78
4085 70
2194 76
7361 85
4238 68
58559 85
262|12
708 61
539 62
457 70
322 58
339 60
85 67
26 66
17 67
213 52
273 52
593 75
728 60
263|20
223 80
150 78
500 70
2987 75
2953 57
110 83
4226 86
8370 81
1197 86
7458 72
708 71
1111 82
2125 79
6942 79
5013 79
163 74
457 82
8636 79
1967 79
2085 70
264|12
7841 80
1376 69
151 70
5816 73
1907 74
1320 62
1917 61
150 75
3578 79
1090 75
253 71
1876 59
265|20
3807 70
316 63
253 68
1302 69
724 58
1240 73
3504 73
230 68
3831 71
1956 70
3098 72
529 73
1270 76
3791 60
1177 70
2322 58
1488 60
2474 66
1198 80
1962 69
266|20
476 70
2812 70
2700 76
2278 71
24 63
2770 54
2702 61
64 39
1405 55
2580 80
1527 74
2167 65
457 77
1580 68
2300 77
1923 73
2094 64
132 63
2571 81
2097 59
267|12
2858 89
593 93
1175 93
3006 86
1302 82
3999 58
3113 64
1093 81
589 88
2571 93
923 83
3996 85
268|20
1641 72
587 59
1125 66
1911 43
2802 56
1036 68
1370 58
50 76
2064 74
1784 65
1912 70
1966 64
454 58
1234 79
2247 56
1394 78
2829 59
802 54
260 78
2858 80
269|6
724 64
743 55
95 65
1 83
63 57
648 74
270|8
661 60
62 65
79 51
628 65
14 64
1356 68
141 63
25 65
271|9
3897 70
32 71
2791 69
969 66
6787 72
2858 72
55765 69
1320 56
2288 70
272|7
177765 68
1240 72
51662 71
122922 72
49272 77
158238 72
6365 66
273|11
440 80
593 95
500 77
608 92
223 88
111 90
150 86
21 78
466 67
235 79
520 71
274|20
50147 70
2947 75
3037 78
1645 71
4951 68
2036 54
1359 55
35957 65
553 74
76293 61
3918 65
1503 40
45431 68
4816 68
54999 69
5667 70
4876 48
56805 67
1921 75
54004 72
275|20
1784 76
2289 87
5884 70
1171 77
357 75
1912 82
2539 66
235 80
4886 77
2572 70
2355 76
3253 69
1192 95
926 92
111 96
2100 72
3089 95
1393 71
1719 96
1392 69
276|9
673 76
356 108
466 77
104 90
631 75
648 91
2 90
1367 79
344 79
277|6
637 67
736 73
656 64
1 87
780 78
260 91
278|5
2371 72
1347 70
4002 81
318 96
2369 55
279|20
134130 75
1101 66
166528 73
90405 62
61132 67
79132 78
56782 84
97913 72
1608 65
4226 78
59315 73
88129 70
54286 72
1258 78
8665 72
58559 80
4993 78
8376 64
107406 66
1200 76
280|20
92535 94
344 67
262 85
3146 58
4239 84
4447 72
8638 79
919 79
72641 81
86817 57
8368 86
49530 82
6863 74
35836 77
55052 83
54503 86
4246 79
48516 93
1911 63
3916 83
281|5
46578 71
8361 53
35836 62
3897 68
3861 51
282|20
5995 86
3977 60
3263 70
25 78
6708 79
2683 68
4718 68
6711 89
5481 65
6863 74
5669 79
3752 71
588 82
80463 85
1921 84
1193 88
4369 68
48322 93
1194 83
784 61
283|7
1580 63
39 61
1704 76
356 76
586 57
2082 52
805 68
284|18
474 84
173 62
2 78
296 92
15 70
348 76
248 69
318 99
47 91
353 84
275 41
44 61
339 79
367 73
276 71
165 82
637 69
235 77
285|8
1193 83
949 76
1247 80
6978 63
113207 70
4447 64
441 78
296 83
286|20
454 74
778 83
5989 79
1333 70
165 73
500 70
7438 78
2294 64
4993 83
4995 82
7361 85
70 73
4980 61
1258 83
4963 79
1097 74
4848 78
539 72
377 72
110 82
287|20
3160 60
3578 58
223 60
2633 62
1059 59
586 45
3005 44
532 45
1193 66
2599 59
2028 63
1485 47
3826 34
2081 55
8949 60
2012 50
101 61
4034 62
2422 30
2115 54
288|20
4473 70
4966 70
1008 70
2867 68
42015 59
141 62
2571 74
13 64
53519 59
2407 62
5418 68
3916 63
2347 45
2528 59
30810 70
575 47
32587 71
587 61
2517 53
8361 50
289|24
3 70
16 70
235 70
266 70
594 70
708 70
750 70
1080 70
1101 70
1208 70
1220 70
1258 70
1917 70
2012 70
2174 70
2710 70
2797 70
4322 70
6125 70
6327 70
6453 70
7025 70
7028 70
26704 70
290|20
1228 92
1299 87
2494 81
2739 84
608 97
2130 76
908 92
341 70
1447 71
342 69
1056 71
1719 95
953 88
928 89
1394 90
2648 76
475 92
2731 86
1357 86
2385 50
291|7
40815 89
122892 82
106489 79
134853 93
7153 97
88125 92
1 93
292|20
520 62
103339 62
122900 70
4896 74
2291 69
474 73
85056 63
46972 64
95167 68
164909 71
3176 64
3476 72
1608 68
31221 39
1101 67
3985 58
3984 70
1017 63
69844 74
231 61
293|5
1682 60
1673 62
344 48
1617 61
1097 57
294|20
416 40
3869 59
1064 50
2794 45
610 59
2133 58
1391 54
3868 58
1129 58
520 49
3387 50
355 35
2378 50
3693 41
785 55
2193 60
2367 48
2458 46
348 62
3501 42
295|9
1221 83
3198 75
1287 77
1213 84
4351 66
1198 84
858 84
318 88
2329 84
296|6
160848 70
2028 83
169034 70
4144 82
50 85
2324 84
297|15
832 49
543 51
1645 52
111 63
454 52
1089 65
6 59
1249 64
1047 48
1370 52
1488 47
150 57
170 51
1092 49
866 61
298|20
57640 54
95510 47
6811 42
8370 56
8807 50
63131 49
6881 46
3785 41
122900 50
103042 45
6294 36
2167 47
2005 51
6006 42
653 42
55995 38
3018 49
69757 53
103772 49
3825 39
299|5
3793 79
1387 82
188 80
1198 89
1214 81
300|32
318 70
356 70
527 70
593 70
1172 70
1704 70
2028 70
2324 70
2329 70
2571 70
2762 70
2858 70
2959 70
4848 70
4973 70
5995 70
6016 70
6711 70
7361 70
8950 70
48394 70
56174 70
63082 70
79132 70
81591 70
92259 70
99114 70
109487 70
112183 70
112290 70
112552 70
112556 70
301|20
21 64
357 65
2490 65
6711 76
589 73
8949 69
837 62
3948 64
364 73
527 78
5989 72
4963 72
608 75
292 63
3578 74
3897 72
4226 77
3753 64
1393 67
1792 59
302|7
480 80
14 76
3 70
25 78
648 75
707 65
110 87
303|11
5378 66
3703 81
1127 74
5544 68
1196 85
3471 75
1580 72
1394 76
2683 64
920 75
1358 70
304|20
314 84
2571 91
2433 66
10 78
1376 77
480 83
1373 63
1777 76
1270 89
1517 78
151 77
356 91
208 64
474 82
1214 84
1375 70
640 60
1722 70
185 68
2701 52
305|20
74624 70
140627 70
87869 79
919 78
1197 90
106100 85
138210 76
788 61
7482 82
80590 63
103075 63
903 79
6537 71
93840 83
54736 81
592 74
2288 85
58803 79
55276 81
1272 91
306|20
5784 47
68954 75
69644 55
6377 75
95543 62
81847 72
111743 60
85367 69
168418 75
167018 64
72998 67
122904 73
69406 66
85788 47
4963 73
115664 68
134368 67
112852 75
161634 59
133419 63
307|20
2190 70
4181 70
31424 70
49314 70
5010 64
7845 54
3392 47
1220 65
6793 34
6483 17
2332 24
56003 45
1991 48
3273 44
4876 41
3421 64
1409 46
413 47
4447 54
52867 70
308|20
2959 54
45517 43
96821 50
72998 45
318 56
2 44
904 52
589 49
8961 49
56152 47
56367 48
5618 52
36 47
410 40
79132 52
4993 52
8464 46
1221 51
2248 48
6 50
309|20
2202 81
1645 64
898 86
1682 72
296 82
1089 83
1269 76
7153 80
6947 72
8340 69
1104 89
7218 70
25886 75
1219 80
8154 78
971 79
1944 75
6365 59
1262 82
2762 76
310|13
6863 68
6947 74
1101 69
6503 50
2524 71
2457 69
5899 76
733 71
246 86
3254 68
1223 88
1080 79
2671 72
311|6
6561 70
5992 49
1517 43
6461 47
1407 39
2706 42
312|20
5816 75
1375 70
3499 81
589 82
2454 67
1358 80
4878 84
4103 83
3793 74
2028 85
1371 66
4121 68
2366 77
2747 63
4105 78
5446 76
2699 63
2529 82
1350 81
1356 77
313|20
4980 60
170 66
3917 65
2455 69
5544 70
541 82
2193 69
2000 72
6 76
1968 75
1089 83
1301 74
1240 75
3175 71
4865 73
2005 72
2167 64
1375 64
2087 72
2530 53
314|20
7 55
1042 56
44 47
165 62
457 70
293 71
597 63
329 59
442 53
26 65
830 56
728 59
618 70
107 59
536 49
10 62
1376 62
153 51
208 51
150 67
315|7
1262 72
2729 62
2529 67
2067 72
2553 59
909 67
902 67
316|11
1748 72
253 63
3968 53
158 51
5445 65
3751 63
7438 68
6874 71
48 57
3882 50
2572 67
317|20
133115 70
73321 63
91529 79
74545 70
7445 70
1213 82
48774 75
4262 76
1884 79
5989 78
3578 80
4011 82
68358 77
1208 75
72011 71
3897 75
3499 77
96829 81
116797 78
56782 86
318|20
26713 70
81191 70
90245 70
111817 70
127180 70
145080 70
150696 70
7445 74
1090 77
116799 76
82459 80
48385 67
2294 65
64839 80
88125 80
109487 81
4021 85
33794 79
54286 77
89753 78
319|7
115617 87
6377 91
356 95
136864 51
1221 93
122904 87
110 92
320|5
72998 66
71535 71
31184 69
59315 70
1013 60
321|12
587 73
356 86
160 62
592 70
597 75
780 75
339 72
355 51
410 66
3 67
500 72
457 81
322|20
2882 37
1968 67
2542 73
58559 74
2788 76
2146 64
2617 57
2918 67
778 73
2599 59
4027 69
4993 73
1230 64
51540 68
1 70
1617 70
1923 65
4010 59
11 69
1035 71
323|20
377 62
480 65
356 72
1094 55
161 63
115569 69
1198 74
29 69
551 62
22 58
318 77
112183 62
253 63
111659 49
3257 53
260 73
150 66
329 58
342 58
266 59
324|5
2764 75
3972 74
3864 32
3949 73
3897 71
325|20
2848 70
235 74
2986 50
262 73
1573 66
2596 65
1584 64
1217 86
1676 61
4714 38
3770 51
3261 71
2894 70
2155 65
1279 82
1614 60
3994 60
2268 68
2915 69
5008 83
326|20
8665 78
47610 77
20 56
2858 82
86882 78
5418 80
4973 89
133771 79
48774 80
2324 87
1293 78
2692 82
72605 65
70159 55
54286 78
5446 70
6591 88
4226 85
105844 75
31410 81
327|10
3301 79
150 85
858 91
1923 82
51255 90
48516 95
1304 87
765 72
6888 49
2706 80
328|20
2687 58
112852 68
70286 66
1196 71
457 67
364 67
80463 68
3489 59
318 75
595 64
5349 62
2542 70
1219 68
35836 60
3751 60
79091 62
7153 71
596 60
2398 67
1148 72
329|5
130482 70
136850 70
858 55
1884 50
750 55
330|20
5378 61
316 65
1639 71
2918 76
919 74
3949 80
3535 76
5349 71
380 67
1676 66
2502 81
3703 77
1682 76
2683 63
1206 81
1721 67
2791 77
2081 71
8874 80
592 68
331|20
8874 80
6157 53
88125 77
6539 77
3897 77
4446 69
7361 84
50872 77
4995 80
4306 78
6874 80
5502 66
3911 72
608 79
4447 65
593 82
3751 70
8665 75
4367 59
2959 85
332|20
47 76
1653 79
1258 81
316 63
8983 72
431 74
97757 70
2291 74
1835 66
356 77
5502 63
4308 70
1203 83
1682 73
1249 82
76251 70
2905 83
318 85
2294 63
32 78
333|5
3785 52
3752 55
3616 56
3615 52
3646 36
334|20
55820 70
1196 74
1580 63
1291 73
3996 68
589 70
30810 62
4027 70
1 70
64957 63
1625 67
50601 49
44195 74
27416 68
6867 71
2997 68
293 72
480 68
5378 57
51935 68
335|6
780 72
592 69
356 84
296 84
2699 55
2001 69
336|12
1267 87
1 90
38798 72
33660 90
1784 84
2001 78
2268 88
293 92
1625 85
4886 88
50 96
150 87
337|16
318 107
47 98
16 95
805 91
1393 90
266 84
667 63
168 76
784 69
65 63
110 100
708 84
25 87
1356 94
277 77
786 78
338|8
189111 70
190207 70
190215 70
190219 70
7153 72
593 72
187541 53
185029 71
339|20
72641 79
5445 80
84152 85
96079 82
106072 72
69122 80
5617 87
41285 79
56869 70
48322 93
65216 83
91630 78
86504 87
91529 86
83613 64
4993 89
3470 83
102407 73
2028 89
5952 87
340|28
10 70
110 70
150 70
153 70
161 70
165 70
185 70
208 70
253 70
288 70
292 70
296 70
316 70
318 70
329 70
344 70
349 70
356 70
454 70
457 70
480 70
589 70
590 70
592 70
595 70
648 70
780 70
1356 70
341|11
2335 72
3624 67
130087 65
1370 77
135137 60
117529 70
5459 66
45672 67
1 85
47099 84
4025 66
342|14
2683 57
2598 61
2881 60
2369 44
1268 73
2605 60
2599 59
1198 77
3157 49
3826 51
2428 47
2827 48
3863 61
1959 69
343|12
858 86
3000 83
48394 79
4226 85
4878 85
3993 74
2571 87
1617 81
31658 85
55363 86
55820 81
296 86
344|14
111362 77
380 71
316 67
2628 67
4226 81
2571 84
4014 75
2012 73
4034 81
260 82
2541 72
4973 85
5418 78
2712 67
345|13
1019 77
2539 66
926 83
5902 86
8810 58
344 64
5707 56
2366 76
56949 69
3649 48
6658 65
3489 74
412 66
346|20
3174 63
778 75
608 84
6711 78
6286 71
306 79
7323 73
307 76
3535 71
1212 79
357 66
3949 78
714 70
7937 73
7396 78
5878 77
1120 67
1131 79
3627 73
7115 62
347|9
434 63
590 76
39 68
150 76
454 74
380 70
587 72
317 66
457 80
348|11
318 106
2324 100
4368 52
1213 101
6016 100
2959 103
6893 93
4973 103
1221 100
1960 87
2019 99
349|8
10 74
161 77
589 82
381 75
349 74
231 65
588 79
509 72
350|8
852 65
7 61
637 59
648 67
733 70
12 47
858 78
661 61
351|20
88932 70
87222 72
73344 87
52579 62
2231 78
88744 75
43836 57
79132 83
597 73
58559 84
12 49
8914 75
8950 79
63082 81
6214 78
90376 81
84152 80
480 76
4878 82
1193 82
352|20
72998 76
71745 56
1801 77
34319 72
2600 80
65682 75
1080 83
79695 65
110730 51
38038 80
130490 69
97752 78
1214 81
94864 71
41566 74
56587 75
44191 84
114935 81
59315 81
47610 79
353|18
552 66
25 75
267 63
216 74
367 67
288 68
144 70
186 59
333 78
266 71
112 67
198 71
234 53
145 65
293 83
158 59
163 74
296 86
354|20
1610 77
4306 80
2692 81
3147 84
47 83
903 75
733 75
3977 57
1225 83
35836 72
648 72
44191 81
8665 77
1917 65
7147 80
1923 75
589 80
2959 87
4718 64
1196 84
355|6
316 75
1580 79
3035 93
3175 81
317 70
916 96
356|20
2248 83
52435 88
52975 79
7122 70
44889 70
1641 79
2706 75
4011 89
802 74
7323 80
2502 89
56367 82
1223 93
55118 89
3949 86
3996 83
1246 87
1466 83
223 84
7153 89
357|20
4354 70
8998 70
27329 70
2804 83
595 79
529 82
4663 53
4091 72
1224 83
1242 85
34 77
208 61
58559 88
6296 79
30793 68
1042 68
2100 65
551 75
471 77
2067 87
358|9
26095 70
605 55
5066 73
52328 77
2226 70
42728 70
7361 87
69844 80
36525 55
359|15
405 44
1092 60
1101 65
51412 55
648 65
296 78
1097 69
2396 72
2424 61
593 78
2701 44
2942 51
1682 72
2530 48
4995 75
360|5
1422 61
1620 63
1488 63
1711 61
1414 57
361|20
47099 69
1580 61
377 63
1552 54
49272 72
1263 59
53125 64
589 68
49822 58
8360 63
318 77
2529 65
5218 65
6188 63
2422 37
3082 66
1732 66
1370 64
46972 58
7458 62
362|20
1945 89
592 76
6539 86
51540 85
5989 87
637 66
70 79
7153 92
1252 88
44665 85
407 78
6874 90
2959 96
1196 92
1208 89
8961 86
48516 94
7438 87
356 91
1201 93
363|6
1552 53
1732 68
1517 61
296 71
653 54
318 76
364|5
858 91
9 68
783 73
376 71
1 87
365|20
59315 58
81229 56
128975 44
6874 59
90345 56
158872 52
129354 49
103075 45
135536 48
70286 58
112852 62
76077 51
112818 56
1777 52
6502 60
155820 23
541 58
95720 45
93270 36
135569 53
366|7
116797 82
59315 78
33794 81
91529 82
2028 84
122882 78
7438 80
367|20
926 81
3061 81
1270 94
1287 86
486 62
3536 79
3824 62
2384 58
3072 77
898 94
3618 82
3225 54
2248 87
3157 61
3969 82
3717 76
1259 90
4023 71
1196 94
1258 93
368|20
3753 52
2112 55
1944 67
2986 47
3869 61
1214 72
2947 66
415 42
3035 73
832 53
50 74
2819 66
1801 60
2490 58
1917 43
1391 57
2193 63
225 54
161 58
2881 50
369|20
1256 68
785 65
47 75
2706 66
839 54
377 66
52973 69
743 49
4214 58
5418 72
3863 61
1372 61
27904 70
60069 74
2857 53
1967 70
150 70
2011 70
1580 65
3174 68
370|19
4011 77
4878 75
8961 72
6377 75
2628 60
1748 75
2116 60
589 72
2329 78
7438 71
3977 51
1676 62
593 76
4973 79
4226 76
1240 70
1089 76
8636 70
2716 69
371|9
2571 102
112512 70
1258 100
4090 89
56715 101
3000 98
4226 101
4993 101
1748 99
372|20
335 70
924 74
318 83
1603 49
1479 62
589 74
81 60
387 46
616 68
337 69
1220 72
1201 79
165 66
1243 76
1258 77
377 66
1401 63
450 61
1206 77
1306 56
373|20
216 65
60 59
169 42
350 63
585 51
44 49
371 64
163 68
616 68
198 64
265 70
25 68
6 74
733 67
47 75
2 64
736 59
305 53
357 66
141 65
374|7
296 84
208 60
1219 79
480 77
592 70
1258 84
1339 71
375|7
344 68
1027 70
32 89
2628 70
3256 78
4226 93
500 75
376|20
91535 69
2002 70
1214 82
1101 76
2916 80
33794 86
1198 91
349 78
1371 67
376 71
1240 83
1375 68
4993 89
858 90
457 86
4226 88
5952 88
344 67
2763 83
2797 81
377|20
4942 70
2793 47
1262 96
2791 88
748 71
1345 78
5027 67
5113 65
27692 70
3421 85
6021 70
3364 83
2072 68
8641 82
2163 52
92760 70
2858 96
1503 57
2124 75
2015 77
378|10
33794 80
7153 83
48516 85
3114 77
858 84
68954 81
91529 81
71535 77
90600 71
364 81
379|8
318 86
377 70
19 54
292 67
480 74
367 63
597 71
344 59
380|20
60818 70
172875 70
172881 70
172887 70
355 55
6979 78
5476 36
2735 63
68194 88
63433 72
72356 93
105731 47
1833 68
551 76
6731 83
27831 86
1665 73
393 58
140956 78
2791 86
381|20
2085 69
1088 72
3253 74
185 63
317 66
27808 67
1240 77
19 56
3753 73
4321 68
72011 74
3082 74
333 77
2140 71
1385 61
2273 66
1208 79
457 80
104 71
2716 76
382|20
1204 94
142372 46
135532 64
1201 94
112171 78
1198 94
912 91
81847 87
4638 63
63540 37
1681 49
170289 70
103042 73
72737 83
2496 70
357 79
81537 69
59501 78
101362 58
4890 70
383|7
2436 81
2541 74
2496 66
1584 78
2558 57
1246 85
903 78
384|14
3527 70
1388 57
2683 59
2502 76
4333 51
3098 71
4396 57
457 74
358 49
968 67
2724 53
296 78
3991 52
1204 79
385|20
736 57
1080 75
249 73
1219 76
1036 74
1136 80
282 61
1073 74
1200 76
1228 77
1022 68
1007 53
1201 81
1246 75
344 57
589 75
1023 68
1287 75
594 70
1303 78
386|14
110 63
410 50
112 51
165 56
223 61
648 54
185 48
608 64
485 48
305 44
44 42
585 43
349 55
10 55
387|20
4393 70
5156 70
5780 70
7336 70
26124 70
40966 70
2712 68
5062 74
1247 82
5489 70
4195 75
7132 76
2946 62
1387 86
3000 80
51939 49
4995 66
912 89
7938 70
1783 54
388|6
6158 70
63239 70
33615 66
86298 60
62999 68
8360 70
389|7
17 90
140 80
628 89
762 64
743 64
95 77
32 97
390|17
6344 70
64957 71
4239 77
5220 53
1193 82
2571 84
9010 83
2291 75
5296 59
4226 83
7254 73
6377 81
63062 74
1206 82
2329 85
4014 74
1784 74
391|20
5575 70
500 56
3994 62
1213 84
516 58
199 82
4027 80
150 71
1408 76
4014 65
1527 74
1059 78
2916 71
4973 86
357 70
555 79
5026 82
4936 67
1210 74
3067 74
392|5
3004 52
2858 76
707 56
1198 79
1125 70
393|20
91658 72
102125 72
48394 75
36517 72
8636 76
110102 77
44199 76
5388 67
54259 74
4848 76
5669 72
1291 82
68848 72
86190 69
2571 83
1206 80
122892 71
106642 89
1625 74
106489 67
394|5
588 62
316 55
344 50
225 59
457 65
395|13
329 59
1025 66
296 71
160 54
208 53
173 49
485 54
355 44
520 56
595 65
126 41
48 57
367 57
396|6
1276 75
1597 60
1777 64
44 50
204 49
2081 67
397|5
4017 77
8645 82
1701 76
8228 76
6993 77
398|10
6408 70
1197 91
5971 87
7022 86
1198 91
60069 87
2455 77
1136 90
48516 91
82459 84
399|8
1198 83
110 81
5445 72
1196 81
593 81
480 75
1270 81
2194 74
400|9
608 89
356 94
2571 93
2959 96
7153 93
1221 92
3578 91
858 94
59615 66
401|15
5952 76
6297 68
55768 62
48982 69
166461 69
49274 47
50872 73
32031 60
79091 70
170939 70
38038 71
8360 68
3114 73
33615 63
1136 77
402|10
1084 86
597 81
52 81
329 75
296 91
586 70
315 69
1036 88
434 70
527 92
403|7
110 81
2427 63
3210 71
296 82
61465 56
1663 76
180 69
404|12
204 50
349 67
474 70
34 66
364 76
508 70
105 63
593 77
509 65
277 59
315 59
185 60
405|20
70708 70
293 86
7254 77
37731 78
2959 91
345 78
1213 90
7134 70
64614 84
6023 63
1241 82
2329 89
1247 84
3052 77
68237 85
1199 87
27592 81
27664 67
3418 72
1215 87
406|5
1586 58
135 56
56949 62
46972 61
724 56
407|5
7153 83
2959 86
6539 78
1240 77
54286 76
408|20
1198 96
122904 88
44840 70
165101 60
6618 87
1291 93
1210 95
89745 90
1278 91
7324 77
44 62
8641 85
115210 88
103596 42
68554 76
2571 95
109487 91
63131 81
80489 88
4649 85
409|20
2485 58
2490 71
2028 87
3812 72
1278 88
2997 89
296 91
1078 74
3016 67
1073 84
2683 71
2289 84
3846 69
912 94
2013 66
1911 54
2352 80
1230 88
2541 69
3174 74
410|20
389 70
3224 100
318 88
2302 65
4002 78
1060 82
4297 78
3263 61
1859 75
111 93
58 80
2145 68
3255 73
2321 72
3504 87
3948 61
11 66
4019 76
3 66
597 66
411|20
508 72
261 73
586 61
432 54
353 71
431 71
194 65
318 85
272 72
515 70
356 81
266 66
257 68
349 70
10 70
31 66
344 59
227 56
455 48
122 55
412|20
2828 21
2384 65
2915 73
903 89
608 93
2720 39
2858 89
1883 68
1307 82
1214 86
1784 74
2239 96
1 78
930 89
1136 91
2710 62
915 80
2398 80
17 80
1079 86
413|12
2706 84
1198 99
3753 86
2424 77
593 97
128360 90
4993 96
16 92
5574 83
3948 83
64957 83
2959 100
414|20
4458 70
4666 70
5285 70
5635 70
6033 70
6493 70
6563 70
6628 70
6797 70
48319 70
58879 70
169992 70
3802 48
3599 75
1600 83
8666 27
4975 70
7444 68
4081 41
177593 94
415|19
296 89
1213 90
4321 72
3507 82
4308 77
47 85
1021 54
111 85
2617 67
1276 88
3861 63
4369 65
99114 85
1221 90
63082 86
1234 84
45722 76
1197 90
175 87
416|11
5952 62
5951 40
531 50
1296 58
1199 64
1721 52
830 47
1206 63
7323 58
4848 60
3677 64
417|14
778 93
4995 92
4975 79
7254 82
1198 95
106782 92
27773 91
168250 83
1625 84
7153 94
74458 89
110102 86
48394 86
4878 92
418|19
356 83
296 83
63082 80
104374 80
1276 82
1136 82
117176 76
1573 67
137337 80
1682 77
5816 74
88125 78
74458 79
367 64
89745 79
45672 61
87869 72
7361 84
54001 77
419|20
4093 70
111 79
46976 77
27822 49
2858 81
319 80
6287 66
3578 85
1213 87
64969 75
47 84
79592 68
34319 72
89580 70
60756 75
27704 70
90943 70
2412 49
1240 79
52245 64
420|20
1161 82
4993 86
45499 69
923 80
26693 70
48385 70
1927 82
5608 82
2052 61
6934 64
7022 83
3979 53
59295 70
2329 86
54259 76
1131 78
2762 81
4973 89
5669 78
527 86
421|8
2858 86
909 82
5008 94
953 86
1178 92
2313 78
2478 69
1203 89
422|19
2539 61
2710 56
4947 74
4971 64
5039 75
4925 70
2581 60
4916 58
1265 77
2804 77
3053 76
2665 70
1283 80
4835 66
2908 74
3943 63
1213 83
2670 74
858 85
423|5
1653 85
110 86
2194 81
5349 77
1320 67
424|20
1193 81
141 70
2804 76
40278 74
608 79
108729 70
293 80
69122 74
1092 64
54503 78
58559 83
3186 70
66097 74
778 82
5679 66
3176 69
2288 78
2174 70
71668 74
112556 77
425|20
45517 66
377 69
2329 82
733 71
6 77
1645 71
8368 76
2081 70
4306 76
1680 71
1909 66
367 62
46723 68
1625 72
1036 76
4901 71
750 78
2353 66
1342 45
145 61
426|18
59784 66
150 74
471 69
337 70
54001 74
1197 79
6378 72
72641 72
4886 75
8644 67
37729 68
597 71
5444 73
91325 39
588 73
3247 58
4022 71
79091 72
427|17
4887 54
5463 53
5015 64
110 76
58 80
5528 68
6348 43
5312 56
2710 54
5696 45
4993 79
5266 59
2683 61
5400 57
5816 70
1208 78
5574 66
428|20
2471 43
2762 62
3827 48
1089 67
2953 43
2916 58
1380 53
1997 62
3440 34
4022 58
317 48
4255 36
1208 66
1391 50
6377 63
2581 50
260 66
3285 48
588 60
653 48
429|12
339 84
421 76
150 92
225 86
165 87
266 82
329 81
252 82
279 66
317 77
237 82
204 64
430|12
923 78
2987 76
3745 72
6287 65
2858 84
6365 72
2571 87
4447 69
4014 77
329 70
2076 77
4446 73
431|5
172 48
1625 62
1376 58
3948 56
802 56
432|20
1831 50
5630 69
6870 74
8640 61
6539 78
3916 76
5989 79
84189 70
110 82
35836 70
4886 78
2762 77
1206 80
49272 81
19 56
318 88
58559 83
69481 79
7158 72
33660 79
433|5
91529 73
1089 75
50 77
5299 59
110 74
434|20
1136 86
3147 84
1090 80
1265 81
5989 79
1101 69
1779 62
586 61
344 61
3863 65
1208 85
3160 76
589 80
780 66
6796 77
2791 80
4226 86
2194 79
8665 75
1291 82
435|9
2353 77
44191 89
485 69
3510 78
34405 92
2302 74
158 64
82459 88
48780 90
436|20
204 51
435 47
440 68
432 52
161 70
480 72
377 68
531 63
536 53
502 47
364 76
235 67
371 66
344 58
2 67
585 53
450 63
587 68
437 47
227 53
437|20
748 68
318 93
5 61
640 56
1299 85
1120 79
1396 75
1246 85
454 74
1171 73
1225 90
1183 78
1097 80
1307 82
1268 82
592 73
198 73
155 46
112 69
246 90
438|20
7154 62
2501 77
8966 67
27801 80
1527 74
6711 82
3898 27
1784 75
8644 70
6367 60
2424 66
3889 40
223 78
1517 72
7361 85
2641 61
5009 64
2617 66
3753 74
2393 67
439|5
356 85
4022 75
7153 84
78499 83
1240 78
440|7
8690 70
541 83
29 82
1653 82
1274 82
3174 75
1235 86
441|9
589 91
2683 73
2959 99
4306 92
260 96
296 96
51255 95
47 94
68358 91
442|5
2908 22
2881 19
1186 21
3752 20
4361 21
443|8
2329 89
79132 86
296 87
48394 80
106487 74
108190 60
7153 87
63082 84
444|9
356 86
592 72
208 60
21 72
111 84
110 84
235 73
296 88
344 63
445|16
2028 81
590 74
34405 79
47 79
116897 80
780 69
4011 81
899 80
593 81
33794 77
1080 76
45722 71
17 72
1230 71
306 79
2710 54
446|17
237 61
339 62
300 64
296 75
480 68
368 64
288 60
172 53
17 68
16 71
357 64
150 69
434 55
153 53
648 63
593 76
337 67
447|16
257 79
293 90
337 82
531 72
382 72
589 88
552 72
253 81
362 82
532 69
292 77
31 75
474 84
540 61
442 70
160 66
448|373
2368 70
3284 70
3933 70
6302 70
6476 70
7245 70
48262 70
49688 70
75803 70
75816 70
78116 70
79590 70
86593 70
92198 70
98908 70
100326 70
102819 70
104760 70
108715 70
109191 70
111680 70
113416 70
116207 70
116985 70
129657 70
130083 70
133377 70
136654 70
138546 70
142424 70
151777 70
152658 70
157130 70
158022 70
161290 70
164375 70
53996 60
136778 70
5418 69
288 64
88356 36
2580 74
155358 70
2889 75
4034 75
148888 46
81156 74
2713 45
103335 63
95441 57
34048 56
80126 53
3057 70
1057 67
2794 50
33830 70
8665 66
6059 63
110553 46
90374 74
151501 70
3764 45
6143 68
103819 29
4361 71
104913 67
3986 47
5528 67
1196 79
105351 50
83349 55
3276 70
1090 76
5349 67
587 62
106330 36
4677 58
95508 70
109895 34
110611 70
671 61
2289 75
152077 69
80693 59
111360 57
170 62
87444 62
94323 54
8493 61
3671 72
91653 63
4981 70
2991 70
78034 70
119145 71
5099 50
4299 58
2567 54
6996 29
109864 29
6582 51
73017 70
370 55
543 64
115617 67
590 68
154065 70
5553 61
41569 62
3286 36
6645 78
589 74
1920 56
2857 62
111663 60
78499 74
2657 63
6537 55
1148 83
46974 55
48516 77
80241 62
445 52
4262 74
3689 27
114935 72
6428 65
127194 70
109673 51
127096 69
89388 70
4156 70
3793 65
33679 58
2014 54
64285 75
3968 58
49530 66
3450 64
160563 59
5502 59
8169 71
6314 36
122490 70
3386 70
140725 66
4896 68
2642 45
127136 75
2763 65
2520 70
457 72
48783 67
3263 57
5400 54
5541 59
4011 76
58351 70
127132 70
152091 62
3698 63
435 46
4799 56
84152 72
3401 47
2858 81
3174 65
7076 71
106542 70
6218 70
2860 48
1283 81
3618 68
2616 54
90439 68
2404 40
4660 70
2530 53
26386 70
4327 68
3030 80
71464 67
32 75
91529 72
4158 51
99114 74
98585 63
93326 47
2268 69
80489 74
130576 48
105504 76
2791 74
50601 50
7007 60
4234 58
3623 46
80727 66
78467 30
8641 68
4128 71
106782 74
2537 31
112138 66
3247 53
112818 66
2027 36
3101 60
5779 70
82202 50
1704 72
98296 70
6863 62
89305 61
4203 63
1201 81
6212 37
637 50
84954 59
6814 70
94864 57
67695 13
159077 70
92439 71
6812 35
3156 50
802 58
118354 70
134130 73
138036 67
65135 70
52975 65
4368 40
90717 62
45722 62
79259 70
68157 76
4233 34
74458 72
3258 56
1262 81
3949 78
101025 46
69526 45
1831 42
1083 60
1884 75
1476 65
156609 49
3755 58
111659 51
4734 54
161 61
95201 70
135887 59
2598 52
87232 67
4634 76
5334 42
5459 48
146730 70
72694 70
157432 70
132488 70
4558 50
1375 64
6424 70
71518 66
2716 74
94780 51
3593 28
129354 58
158 46
1409 49
6514 70
2881 54
51662 67
90522 56
68554 59
2126 52
122932 70
93510 66
137857 66
125916 10
2953 49
2090 64
1760 24
480 66
58803 68
2109 65
50792 35
46062 27
85510 60
80864 70
112171 65
122900 65
2587 51
1527 70
117529 58
4993 79
92264 55
5247 49
533 52
912 85
26464 70
2249 62
4678 65
103772 64
114601 64
96861 59
420 42
59615 54
2349 70
109372 54
95207 55
348 70
19 48
136020 56
4502 34
91094 53
138208 58
3511 42
79428 63
2643 34
109183 70
2139 73
4212 70
5942 56
96417 60
112852 73
99728 65
89470 68
142448 61
64983 57
2640 67
2046 60
4881 73
3882 47
3744 55
1032 67
116799 70
5 50
4040 43
157407 70
2115 64
1617 80
4367 46
105254 68
3388 48
3760 72
2146 65
2968 73
6281 59
466 50
96448 45
86332 63
64969 66
115170 70
1036 72
3397 68
2474 66
1408 73
155743 70
106920 74
8542 64
120466 64
2051 33
7143 71
7150 57
89087 52
34150 49
2253 48
2973 74
449|8
1917 54
2502 75
4034 74
1222 76
2770 49
762 45
2011 65
2324 76
450|11
3977 61
589 87
110 90
3363 85
3535 85
3948 77
3409 66
1035 88
3568 70
358 57
1259 88
451|7
733 78
593 90
7 67
5 65
494 77
25 78
17 80
452|20
4025 79
2858 100
2617 82
5292 88
1206 102
1676 85
3219 86
47 102
3101 86
163 90
1092 81
1917 81
2126 68
1356 97
552 82
2628 82
1200 100
608 99
2707 83
3273 64
453|20
208 67
858 93
2335 75
4022 83
3618 81
1617 88
3452 70
1357 91
112 73
2671 81
1884 91
1894 64
2294 72
318 99
1614 67
3534 73
2959 96
798 68
5266 68
780 82
454|9
7361 83
2692 78
7116 29
55820 77
6016 82
27773 79
2160 80
2858 79
26131 82
455|12
272 73
432 54
367 63
590 73
253 69
364 78
555 71
252 67
110 79
225 70
588 73
597 71
456|9
1407 73
634 49
135 68
5 70
724 69
780 82
733 84
260 95
706 70
457|10
329 67
3593 33
2692 79
1356 77
223 77
2394 69
2701 48
3608 55
733 73
2094 65
458|12
597 84
185 73
10 83
380 81
95 72
454 85
300 81
595 86
153 69
587 83
150 88
552 75
459|6
79132 92
5618 92
8961 87
48780 89
50872 87
260 93
460|17
89039 70
4886 86
4703 75
3831 83
1441 83
4878 90
3483 69
8970 81
1 87
49272 90
40815 84
85414 78
68237 89
76093 88
47610 82
63082 89
2571 92
461|6
74458 60
2762 59
1036 60
91500 53
3578 62
539 54
462|20
26838 70
89090 70
164655 70
188189 70
1136 81
1219 77
158966 77
1248 81
508 61
1653 70
1674 67
8917 59
8620 6
3424 76
2146 56
7044 65
3814 76
1213 72
82857 70
26131 84
463|7
6377 86
2028 88
4310 66
3753 76
2006 68
1092 68
5995 85
464|20
1370 76
58025 65
63853 54
296 88
2019 86
3527 81
5254 71
7007 73
1101 74
1779 67
377 75
1653 84
55820 83
648 75
33493 75
1610 80
65088 71
74727 80
1617 83
62374 74
465|20
2941 87
2987 80
1200 90
3448 82
5060 87
1299 90
3703 88
3649 54
1625 81
292 73
904 98
3101 71
1754 81
750 100
1256 85
593 95
3732 72
3740 87
3334 89
377 74
466|20
5418 83
30793 65
79091 79
92259 91
5989 84
5459 67
318 94
63082 85
59784 73
5010 82
74458 84
6281 69
5952 85
8529 72
64716 86
68954 85
4993 87
45447 69
81845 86
55247 85
467|22
41 70
58 70
389 70
466 70
527 70
593 70
780 70
1183 70
1233 70
1357 70
1365 70
1408 70
1721 70
2028 70
2125 70
2324 70
2334 70
2384 70
2390 70
2393 70
2394 70
2493 70
468|7
592 68
349 71
1 78
317 64
296 82
32 79
165 72
469|20
3658 70
3832 70
3507 84
3032 85
2736 81
2132 89
1958 80
910 88
1090 84
1485 58
1388 53
2321 70
1234 88
2081 71
1193 90
36 79
2908 84
909 81
2023 61
3255 70
470|16
253 71
318 88
110 81
588 76
282 65
5 61
597 73
32 79
595 75
592 68
500 70
26 74
356 83
357 70
434 62
300 70
471|6
2571 80
8874 78
527 80
1 75
8360 69
7147 74
472|6
58559 88
3450 70
3298 82
2840 62
1221 86
858 87
473|8
4979 73
2959 85
60 64
7147 77
6281 63
3897 77
48322 85
2596 75
474|422
638 70
2179 70
2697 70
4046 70
5114 70
5311 70
5353 70
5455 70
5601 70
6201 70
6273 70
6382 70
6407 70
6592 70
6912 70
7702 70
7826 70
7832 70
7839 70
8057 70
8446 70
8458 70
8459 70
8611 70
8650 70
8774 70
8938 70
1466 62
6708 64
2940 78
2616 48
2334 59
7139 75
4218 70
371 61
750 94
2935 88
8645 72
5481 44
6370 80
25865 70
2553 72
912 93
2467 69
5548 60
7301 80
52967 67
5945 64
480 62
1983 36
3462 78
1068 70
8600 67
6650 83
8482 70
6791 86
4016 61
1784 65
3668 70
3977 54
8961 72
4160 81
30820 64
6984 70
2750 67
5034 47
7716 70
2612 70
4419 94
1300 77
4187 75
1187 70
6565 77
272 74
5440 70
25937 60
1099 66
3125 70
5826 70
5649 70
7256 73
4912 76
6016 76
1208 98
2083 67
3385 64
2310 64
3360 68
3163 84
1413 75
4081 40
1643 79
968 79
2116 63
26965 72
5954 72
1263 88
5116 70
3536 59
8778 56
63433 56
2952 76
318 78
3394 51
1200 77
3384 90
4356 87
932 73
7698 74
516 51
4873 68
48385 72
39869 80
1902 70
2641 56
7036 52
2181 71
4638 42
31116 84
2455 62
2146 60
628 68
3897 76
1030 49
4022 64
344 52
3196 82
92 51
237 47
6770 61
3259 64
3368 67
26151 73
1293 75
34072 73
3044 74
1639 71
5944 53
6539 62
477 61
7361 79
55687 70
58 68
4014 57
3467 80
8154 85
4191 71
2134 61
4644 77
4293 49
5013 72
1399 63
1196 80
2918 77
5899 68
4465 66
100 51
361 48
3341 88
8921 70
195 53
3789 70
4709 63
1588 55
3468 91
4678 67
2723 68
2118 69
1939 78
7019 48
3147 71
1792 43
33903 76
1682 65
41566 57
1693 56
1957 74
5021 67
2313 75
3870 70
948 75
47099 62
3447 71
6614 55
216 48
5619 63
3987 48
5060 79
3111 89
45950 72
32584 61
5525 70
2567 48
5956 71
7 46
1172 74
3217 70
8331 70
587 57
5238 59
1189 82
2416 61
832 48
3095 84
7386 73
1223 85
7058 70
5246 39
5418 64
27803 81
26 68
4002 70
1135 64
45 61
6945 90
2411 39
2520 70
7347 63
5375 70
5673 68
3039 66
7833 70
33781 62
720 87
2103 43
33154 80
608 93
1327 46
101 82
7061 70
5451 61
5682 53
5434 72
6609 70
31658 74
4578 35
2009 74
4704 70
7572 70
4929 47
3306 75
6334 62
5379 84
5437 61
42418 71
4128 71
7451 68
2786 35
2243 67
27846 74
6197 65
3264 40
3608 68
5603 87
6124 63
1222 79
1663 70
3566 47
3755 54
2628 43
4815 52
2089 68
7102 51
27706 64
7013 79
1348 74
45666 48
5755 37
4055 82
2058 61
4462 19
1544 41
2405 49
4998 70
273 46
1977 51
1732 84
7822 70
7073 70
41527 76
4787 66
1676 57
3708 51
6669 74
317 41
25940 70
971 77
7366 51
3115 77
7026 47
2710 62
50685 67
2114 75
3809 58
3516 66
2770 60
535 76
4878 74
5992 70
41997 73
1083 60
4487 55
7293 61
1016 63
2006 50
1007 53
4993 80
3412 72
5007 70
3929 46
6639 69
8712 70
1876 51
3546 70
34359 70
7579 82
7325 54
6837 70
2634 52
7753 60
8943 17
8385 70
4308 65
3246 78
3745 63
1148 89
42002 54
50740 85
3952 56
1927 87
7581 62
910 85
3948 48
54881 69
1284 82
4007 65
5341 76
3675 70
52975 60
6244 76
965 73
454 54
1247 85
7215 72
1282 83
8207 84
6242 77
6502 72
4509 56
3528 77
2391 84
4262 73
4039 46
42018 9
3271 71
976 70
48394 76
5384 70
5168 70
1358 83
6534 51
8773 70
2384 67
48780 72
1269 90
4600 76
2642 43
111 89
933 89
3578 61
5297 38
944 77
6020 70
2123 55
748 53
4896 64
5380 75
53953 57
3712 57
25996 70
1997 78
4464 77
4085 58
51540 66
2707 61
2069 87
6710 70
1488 54
6378 59
928 80
3038 87
7116 46
44511 70
594 77
1962 70
421 55
4316 30
2761 74
4823 40
892 70
1345 72
5294 62
1408 72
6579 71
3272 70
3421 70
3844 63
6787 77
37736 75
2249 58
1610 78
2468 40
3498 87
4902 68
6268 75
5225 75
5404 98
929 70
25999 70
7835 70
805 51
4126 65
475|20
6539 96
4993 100
87232 94
40815 93
5816 91
8644 85
81564 89
4701 81
81834 98
6564 63
68791 84
111759 97
7153 101
1527 90
71530 72
4896 94
106487 87
112852 98
3578 99
82461 78
476|14
594 77
34 77
380 74
158 60
153 63
586 67
440 76
364 85
378 63
357 76
224 76
165 76
296 89
11 81
477|20
34 76
913 85
3100 87
2105 70
1271 77
1207 87
70687 21
2174 76
45672 65
4571 78
3973 37
4226 89
1103 80
5291 77
348 74
3593 34
1 83
1274 85
6502 85
59615 62
478|5
1917 53
3114 65
594 60
1584 63
1101 58
479|20
5365 70
4488 67
524 66
1025 72
3707 54
1220 74
4010 61
3244 72
3526 73
4092 52
1968 77
4700 65
4003 68
3671 76
2671 69
341 70
2012 62
2542 79
454 64
2384 62
480|20
43914 70
2700 74
8533 70
2193 68
2797 71
3484 50
2571 78
1210 77
2596 70
8866 57
47610 70
6306 78
5379 80
2018 68
7153 79
3911 71
44191 74
38061 80
5673 71
380 63
481|7
1608 54
1687 52
1629 44
1729 59
1620 51
1597 51
1485 50
482|20
2068 71
8985 62
1036 82
474 78
1042 66
4389 65
780 79
27706 67
3211 65
1610 77
4367 66
1374 80
1220 80
1602 42
653 67
592 70
30812 73
4862 41
8361 66
8529 71
483|20
105325 70
783 68
2541 71
2959 89
109971 70
45722 73
1199 85
50872 80
2000 78
4306 80
69757 77
2683 66
2273 66
1588 65
109487 82
66934 83
1721 70
2328 60
68522 70
8972 70
484|20
93320 70
1438 62
6155 77
6944 83
2706 79
33166 87
6874 85
3697 68
1059 79
76293 69
919 77
2762 84
1821 58
837 75
5810 73
1753 85
3254 79
4718 71
2413 87
3646 49
485|5
588 87
161 86
253 82
292 79
231 71
486|12
653 72
47 92
110 93
153 68
474 86
95 71
288 75
329 77
161 85
318 101
292 78
6 90
487|12
27611 62
8961 62
318 71
1198 67
31658 65
1197 67
6539 62
5445 59
116797 64
4027 62
8874 65
86377 71
488|20
720 84
838 80
608 81
1223 88
26 76
5135 69
2109 68
7720 59
7303 83
4014 75
5995 81
457 81
105 69
1136 83
272 77
1269 68
3176 70
1278 81
1125 75
910 78
489|20
79536 70
86000 70
4848 71
736 52
8387 15
4700 59
45666 45
4720 67
2683 58
2021 64
2389 36
1619 60
950 66
58559 74
2236 56
2167 58
1616 55
247 73
376 55
2717 53
490|20
46578 71
89492 67
81591 64
91077 70
60074 53
5816 63
4144 71
54001 67
1 67
1784 64
7153 73
4993 73
89759 86
86320 62
60128 55
76251 63
8368 70
69122 63
2006 53
78499 70
491|13
106782 96
69757 91
7293 86
27808 77
4246 86
3948 83
104374 95
86833 89
140110 84
8529 79
180231 70
4306 93
88405 74
492|20
736 81
784 68
628 88
858 100
852 83
64 44
990 68
830 78
743 63
62 90
52 88
1499 48
66 59
1210 101
881 54
1474 53
1405 67
724 73
1047 80
65 63
493|13
2985 65
4444 65
2916 71
1275 73
2571 80
1527 71
2028 80
3793 72
2167 65
1215 79
4701 63
2924 83
260 80
494|5
1196 88
4498 68
3578 85
2028 87
1210 88
495|20
140523 70
115149 87
1259 89
1721 76
136562 77
80489 86
19 62
50872 87
231 70
102123 75
52319 81
7254 81
7360 89
8528 84
1645 82
46578 91
30810 77
2918 84
148626 89
56775 72
496|6
1221 74
99149 65
858 75
904 74
8865 50
114713 56
497|11
1193 72
112556 67
112290 68
1916 59
92259 74
2329 72
112552 72
1258 71
2762 68
5349 63
111362 66
498|7
344 70
231 71
648 81
10 81
300 79
356 95
316 76
499|6
1202 79
2337 61
38304 94
327 64
56286 65
1304 84
500|18
2599 61
2987 63
543 58
2700 67
2542 72
1265 68
2916 64
356 72
3301 62
1784 65
1914 63
595 65
2355 63
3536 60
1885 52
322 56
838 69
720 74
501|9
6 72
62 69
93 56
45 64
3 60
637 57
11 72
18 66
662 61
502|7
7236 74
1077 76
4412 20
3469 68
2001 65
2520 70
1777 68
503|19
7455 70
7361 79
4878 76
356 75
91500 65
593 78
527 78
858 81
4226 79
1259 75
1342 49
2877 51
92509 62
90866 69
500 62
441 74
48516 78
2858 76
48394 72
504|18
4995 84
5812 77
2321 72
1 82
3556 77
7153 87
6708 76
1288 85
6927 70
4033 81
4700 68
6565 80
342 69
3408 75
6879 73
4361 73
5952 85
5955 75
505|7
1241 86
4105 86
1029 76
74685 82
273 66
6502 89
54999 78
506|9
59258 61
54272 67
37741 73
56782 80
62293 72
51834 56
49286 63
112556 71
61024 68
507|5
165 64
266 60
253 64
377 63
593 74
508|5
2872 40
2011 44
1952 45
1175 48
898 49
509|20
26958 70
130073 70
2028 75
87232 70
33830 70
5313 47
48 59
2090 64
2080 63
6942 70
8907 46
6156 57
5816 68
39 62
3988 56
6807 74
7458 64
1196 75
45447 59
616 65
510|20
1882 34
7026 42
35836 55
494 53
1198 67
514 56
457 61
2935 59
858 71
2699 48
317 45
8949 61
2918 62
145 48
1262 67
6787 64
1208 70
372 45
1242 65
40819 62
511|11
2959 95
53953 71
115149 85
164179 86
6534 59
99114 89
92259 95
318 98
2324 93
1653 88
56757 81
512|10
480 78
150 78
349 74
47 83
350 74
442 64
457 82
50 87
317 67
593 85
513|7
5952 83
318 90
2174 72
235 71
1304 81
1220 79
1080 80
514|20
1335 70
5704 70
62586 70
168358 70
180263 70
1704 80
2005 72
2792 64
2013 60
1673 80
134130 77
76093 77
1333 71
58998 74
68157 80
2406 69
3210 70
54503 76
4855 75
1644 44
515|6
33794 96
2028 100
527 102
91529 98
58559 101
2959 104
516|26
260 70
457 70
480 70
647 70
708 70
1042 70
1090 70
1197 70
1198 70
1954 70
1958 70
2021 70
2259 70
2268 70
3052 70
3471 70
4027 70
4291 70
4306 70
4321 70
4322 70
4333 70
4337 70
4349 70
4361 70
4429 70
517|20
4306 55
53125 49
1265 52
165489 70
97938 52
88744 51
86880 46
4148 44
26761 70
3398 52
1293 52
3988 42
2858 54
4963 53
1204 57
1704 58
47629 51
7669 60
1206 55
46578 55
518|5
3101 64
2657 65
783 64
1876 57
6365 64
519|6
1704 99
356 100
140110 84
6378 89
7445 85
1968 90
520|20
7266 70
318 95
1049 75
59315 82
4995 87
32 86
2716 82
4333 59
1291 88
1732 86
4085 75
2723 70
3081 76
3994 78
33493 76
135 63
2393 71
60516 51
2406 77
1584 80
521|8
661 70
112 69
86 82
104 74
58 90
79 61
52 78
852 72
522|20
99114 80
81932 77
89492 77
63113 69
2959 86
1193 82
1375 64
4993 83
223 78
27611 79
76060 70
180 70
59315 76
1617 79
10 71
67255 81
2023 72
6187 80
318 89
127098 86
523|15
168252 100
8970 89
5989 95
318 107
91529 97
1721 82
293 97
65261 103
4270 75
3147 100
27731 86
134130 95
31696 81
527 101
101962 85
524|20
1356 75
150 74
552 63
748 64
344 60
442 60
253 70
1225 80
20 52
589 77
1242 77
544 58
173 54
1302 72
380 68
457 78
1020 64
788 55
193 48
466 58
525|20
120807 70
317 62
6863 66
8622 69
33004 68
7147 75
2396 75
40815 74
137337 77
1639 69
1968 74
91869 70
45880 65
2100 59
339 67
4886 75
50872 75
86332 70
8983 72
3996 74
526|12
593 88
55247 84
46578 85
176415 70
1295 65
90430 85
4014 78
2352 79
176413 70
215 81
81845 85
51255 86
527|20
2137 80
3114 89
3210 82
3016 72
2161 82
4571 84
2118 89
3421 87
455 56
2867 88
2450 45
1909 79
1214 89
4299 76
736 74
2477 61
588 87
4016 86
1259 92
2533 70
528|15
4886 70
2278 66
80906 76
4037 56
1240 68
64614 71
3821 42
150 69
1291 74
80463 70
593 74
99813 74
85342 73
48516 76
58559 75
529|5
653 60
135 57
65 50
62 71
733 70
530|6
292 72
500 74
300 74
586 66
593 88
11 82
531|5
593 89
590 81
919 79
480 81
1215 88
532|10
1721 77
4863 83
457 89
290 88
1245 97
1242 89
2023 81
2329 95
1304 89
517 74
533|8
1200 94
6502 95
79132 98
46578 96
93840 92
4973 102
2455 86
66934 95
534|20
116724 70
97913 84
94953 76
2003 79
2167 76
7569 84
153 66
1485 71
65514 84
104218 68
344 68
2571 91
5445 80
95875 69
112818 81
82461 70
96610 79
2987 79
138036 80
1566 79
535|6
2571 71
2581 53
2700 67
2688 51
2583 68
2882 36
536|8
232 66
272 70
356 76
335 70
225 65
150 70
434 56
589 73
537|10
80906 91
367 69
7153 88
53322 76
104218 65
97304 84
6539 84
318 95
89745 84
105504 87
538|8
595 86
3671 92
80549 89
4039 77
69757 88
5047 77
44889 70
66934 92
539|8
4306 80
6753 70
5218 74
50872 78
88 65
3301 72
4886 79
69122 75
540|9
2598 72
2959 96
1073 85
8874 91
1681 49
2183 77
2841 82
2747 62
1196 93
541|18
590 74
457 78
413 56
15 61
110 80
595 73
597 71
480 74
356 82
203 66
529 75
357 69
22 67
345 72
546 39
586 62
281 71
350 71
542|20
6539 78
30793 61
5299 64
2542 81
34319 68
33679 67
4963 77
5481 60
1997 74
4025 62
3623 58
924 73
4369 62
6378 74
2571 82
7254 71
41566 69
37733 70
7361 83
45517 67
543|16
73881 90
1702 67
595 89
3301 85
231 75
2378 77
2379 63
86882 90
6377 97
588 91
377 86
48385 80
2571 100
4526 70
4388 63
92259 102
544|22
1 70
3 70
14 70
32 70
40 70
62 70
68 70
95 70
116 70
619 70
626 70
648 70
650 70
694 70
736 70
780 70
839 70
1042 70
1047 70
1059 70
1105 70
1356 70
545|5
1438 56
1267 77
2763 77
1367 62
44 55
546|13
1270 80
3328 84
480 74
1970 57
2456 48
1976 41
589 80
2657 68
1673 83
3941 70
3959 72
3566 54
1977 51
547|5
1211 76
2859 82
2917 78
1394 81
1288 85
548|26
69 70
260 70
356 70
733 70
1196 70
1393 70
1477 70
1621 70
2571 70
2716 70
3263 70
3578 70
3916 70
4776 70
4899 70
5955 70
6874 70
7458 70
8531 70
49910 70
58559 70
74532 70
80862 70
122904 70
125916 70
168712 70
549|5
2571 73
2028 73
4226 72
1210 74
589 69
550|6
167296 70
102125 79
106782 88
116797 87
112852 88
122882 83
551|20
5010 75
34162 70
60069 79
1544 60
45186 70
103772 67
51935 76
4226 79
2353 68
7153 81
5989 78
135569 68
115149 76
88129 71
134130 76
6934 66
47 80
4701 65
2959 83
98809 75
552|20
2916 67
3317 71
1405 51
2953 49
2245 61
2944 70
2890 67
2125 68
508 68
3948 60
5349 66
2959 79
2857 56
173 47
2991 69
2871 70
2628 55
4308 65
4878 74
3101 60
553|17
55765 89
3481 85
1923 83
2571 95
4011 95
50 96
3949 90
1089 94
44199 87
5513 70
2231 88
2395 74
3052 84
61257 70
1221 93
33166 90
2959 97
554|18
1196 93
1022 78
2820 70
1207 92
1517 80
1282 82
1210 94
1760 31
2282 65
1225 92
907 56
1358 78
2096 78
1028 91
593 94
608 90
953 90
2324 94
555|20
790 70
3664 70
1 83
3111 92
3395 66
104 67
1334 64
2506 68
2072 64
4002 81
1266 89
2641 65
2256 56
2791 84
2701 44
1333 82
1320 69
337 80
1393 75
3526 78
556|7
162600 80
122890 74
3081 80
88125 89
588 86
72998 82
74789 69
557|6
648 70
231 62
1291 81
260 82
1210 83
150 76
558|12
5329 72
5064 87
4903 76
2297 81
2568 67
4993 93
4306 89
367 73
5283 73
1097 83
4164 74
5294 95
559|20
552 63
608 79
355 47
329 66
544 58
1527 73
173 54
377 70
745 79
174 55
529 76
350 69
349 70
533 60
836 56
1210 81
420 54
786 62
227 54
253 71
560|20
5839 70
91535 60
136018 50
67997 84
79132 79
3253 70
142558 70
2355 69
39435 59
1527 72
40414 75
64614 77
48744 74
56587 68
593 81
76251 70
84944 70
109313 70
5878 78
40819 76
561|20
168174 70
5308 56
78469 57
3703 75
60069 77
91535 57
2105 63
73017 73
5445 71
2000 71
83134 71
79132 76
79592 61
80463 76
89745 74
527 80
8972 63
353 72
33162 68
68157 78
562|20
27140 70
6870 83
6377 89
2580 93
1249 92
4776 85
36529 83
1259 89
1982 78
2268 86
2133 79
83134 84
3210 80
48394 85
30707 90
33836 52
2692 88
88163 88
99191 70
1240 85
563|20
61071 70
70932 70
80858 70
919 70
74450 62
588 74
5943 52
118997 57
86833 73
1197 80
128832 70
85397 67
45221 36
33499 53
7380 70
96821 78
81784 61
95307 48
65585 67
55250 41
564|20
50942 70
356 85
31685 65
131013 67
61024 76
79224 53
87869 74
500 71
108156 64
81784 63
93270 46
6188 73
106918 80
65230 66
67087 71
80693 66
94677 72
8984 68
73266 62
2671 73
565|6
590 76
231 62
19 55
21 68
50 85
539 71
566|15
648 70
10 70
231 61
329 66
342 66
141 69
203 67
345 73
39 67
497 76
265 75
588 75
708 68
353 74
2 69
567|20
8189 70
26743 70
92681 70
109897 70
152071 70
5690 59
136602 49
122888 70
6333 50
1274 55
122922 50
153070 70
151687 70
117877 70
108928 40
954 57
122924 43
27773 57
648 44
135887 44
568|23
50 70
147 70
296 70
356 70
480 70
593 70
765 70
1103 70
1104 70
1257 70
1298 70
1895 70
2313 70
2359 70
2863 70
3053 70
3148 70
3261 70
3363 70
8169 70
46723 70
63853 70
65088 70
569|5
231 73
50 99
380 82
588 89
592 80
570|20
208 55
8636 70
48516 79
1225 75
586 59
2683 58
457 74
1196 77
110 77
4993 76
7361 78
1198 78
1079 71
10 67
3793 70
1391 57
589 73
380 66
527 78
185 59
571|20
1331 70
2982 70
2366 66
1128 49
610 64
2902 50
1998 27
3696 63
1980 70
1987 70
70 62
1924 55
2279 42
1327 48
3732 58
1972 40
1278 74
1644 40
2327 79
1978 36
572|20
1961 85
2570 65
2788 91
2321 76
111 92
904 95
2987 79
2302 71
1834 86
2539 68
2917 84
1307 85
1 84
161 75
3421 83
838 85
1356 82
2006 67
3167 69
1953 85
573|20
89745 92
72998 84
3752 77
356 98
7293 84
6754 82
8665 88
32587 89
1073 86
88744 86
1127 83
68954 93
98809 89
2640 85
48516 98
71535 88
59369 83
60069 93
88140 84
1562 59
574|23
47 70
110 70
150 70
153 70
161 70
185 70
225 70
231 70
292 70
296 70
300 70
316 70
318 70
329 70
339 70
344 70
380 70
410 70
434 70
588 70
592 70
593 70
595 70
575|8
2566 58
2580 86
296 87
2581 65
2572 78
2542 86
2574 44
2598 65
576|5
849 51
1321 60
1373 49
1479 58
2289 63
577|20
2415 70
1183 71
1288 80
1129 67
2944 74
2194 75
733 69
1213 82
2076 73
2020 77
1262 80
1931 78
1391 61
2987 70
952 76
1909 67
260 82
919 73
2248 75
1270 78
578|6
6751 70
52668 81
45668 81
830 78
72407 62
75446 70
579|15
3174 83
2485 68
1022 76
2018 77
838 89
1917 73
1391 69
596 78
1573 75
2965 70
1653 89
2599 74
892 84
2687 77
595 84
580|20
5767 70
6583 70
480 77
8844 70
6989 64
3809 68
41569 66
3699 62
4041 73
33166 79
356 87
508 74
8376 63
3578 85
608 71
3785 64
3089 69
1320 60
54286 80
1201 79
581|8
7153 90
5995 86
4973 93
116797 87
3949 86
4306 86
109487 87
6377 88
582|12
91529 85
2959 90
116797 84
4993 87
5618 87
2571 88
76251 76
69844 82
104841 78
48516 90
97752 78
76093 84
583|12
8533 69
88405 60
2706 68
117590 74
317 63
60756 69
6942 73
595 71
46578 76
104 67
2694 63
7451 72
584|17
288 77
22 82
203 81
315 75
500 84
316 80
539 86
234 60
296 97
257 85
434 76
586 76
338 72
349 86
282 78
480 91
590 90
585|13
3173 69
1228 86
54503 87
2959 95
428 83
1405 60
7254 80
441 86
1805 67
296 92
27373 70
5325 79
79132 91
586|20
34332 69
4016 89
111659 68
106002 78
149406 83
167036 91
45499 81
136556 70
5445 87
117851 77
1291 97
71264 88
106489 79
135436 74
3753 87
2640 88
3147 97
122916 93
3793 89
101362 63
587|20
1234 89
628 81
2012 76
534 79
2002 66
1641 83
236 74
1376 78
2622 76
1541 61
3260 81
497 88
3082 75
445 67
3448 84
2574 46
765 67
691 66
329 74
3406 73
588|12
50 78
16 72
20 49
356 76
350 64
198 63
593 76
364 73
163 66
253 66
223 71
3 60
589|8
1092 71
318 99
590 84
373 79
586 70
587 79
527 93
337 81
590|20
924 81
8807 67
2371 60
38061 80
81834 73
40815 73
4890 61
903 82
5 51
3624 60
555 74
4047 76
51662 68
2085 67
419 51
595 71
329 61
2376 62
3635 67
2398 75
591|11
2908 68
2706 68
2712 64
2355 68
3615 59
3578 78
2394 66
3798 65
356 80
223 73
2724 55
592|19
514 77
2 76
153 65
415 61
110 88
177 62
420 62
380 76
44 59
788 61
588 82
163 77
204 57
610 82
39 73
419 59
253 77
432 60
240 60
593|20
1196 75
1073 69
1086 72
1617 73
4034 72
41566 60
1197 76
344 53
8368 71
339 59
2959 77
8961 69
5816 65
2797 66
4896 66
588 67
595 66
5952 73
377 61
141 61
594|20
7031 70
2671 89
7115 72
1616 83
5943 66
1188 77
2269 72
1733 90
4902 94
6996 32
780 96
1429 85
6140 71
7046 56
39 85
595 91
799 89
2028 101
8482 70
7169 90
595|5
265 86
50 97
1186 78
1199 94
1966 69
596|20
33649 70
43744 70
182793 70
129397 40
128908 70
1 76
142488 83
122922 74
4310 60
71838 61
4025 58
2501 74
110102 74
149406 67
2774 70
5502 65
8665 72
6537 62
2571 80
345 72
597|20
1799 78
490 65
3040 72
2529 90
2858 98
903 99
3039 81
2000 79
1291 88
357 79
1228 97
1845 93
2411 56
1580 75
1148 100
1198 95
2723 77
485 66
592 77
2692 95
598|5
56367 74
8360 70
593 80
114265 70
103543 40
599|496
26142 70
26567 70
26590 70
26676 70
26854 70
27595 70
34800 70
53450 70
60803 70
69131 70
74696 70
79895 70
84523 70
87960 70
92674 70
98799 70
102735 70
102852 70
104017 70
105020 70
122433 70
157865 70
158874 70
160978 70
161044 70
174727 70
179053 70
1801 52
6035 68
3387 51
33437 52
112 53
5995 73
167706 70
4394 70
836 39
7235 62
8809 66
102749 70
89087 44
42011 40
432 33
471 57
5628 55
1015 38
2 51
2269 49
69 60
3947 55
79091 54
104837 70
4037 68
7587 69
6881 63
1449 62
7225 59
81229 49
68952 67
4728 47
5081 49
33966 70
1779 42
3669 70
87197 70
170297 70
79057 52
95965 70
55207 70
4007 58
1220 59
80831 54
46723 58
71282 61
7757 57
3259 55
92309 57
1376 55
7192 45
4654 49
101423 70
53468 45
62662 70
3174 52
3698 55
2882 32
2359 55
1183 60
2792 48
1095 68
8387 13
53125 42
115713 60
2949 61
2471 32
3 51
1231 66
3861 47
240 51
1480 57
2301 59
1445 39
8045 70
586 43
2942 43
1185 68
4594 70
2474 58
3671 60
3196 70
64839 60
98697 70
2606 45
1777 58
5309 38
7022 65
4873 60
541 74
27311 64
43921 53
67734 56
4240 70
5026 67
168 40
33493 52
4125 16
7354 53
207 52
1094 63
742 44
1609 40
1042 52
3362 68
4553 57
4632 49
2278 54
468 51
122904 54
75416 70
42718 56
4285 47
79274 64
1794 70
45081 48
108192 70
3489 50
3503 70
89804 61
163809 70
577 30
3071 54
1204 75
3981 32
95771 70
45382 70
6548 41
59387 62
166528 57
168492 75
6691 70
605 49
424 31
2991 58
248 47
97950 70
3865 57
1216 55
342 52
35836 56
27772 42
176419 64
151781 70
277 44
6320 15
39381 62
5111 70
4090 52
2450 33
2676 48
2356 43
79702 58
1597 43
410 47
1721 56
3702 55
183301 70
1387 76
2072 45
26729 71
2393 49
4247 38
4591 50
1032 57
3087 47
1895 56
634 34
210 49
2074 67
51575 40
3505 65
5247 38
481 55
4215 32
1355 32
2657 53
2028 65
4011 64
420 28
552 43
1196 69
2395 67
5303 52
1752 40
3186 53
4310 44
1784 57
3200 75
7254 59
688 39
473 34
1079 72
1552 44
1148 76
1544 37
63113 53
2325 60
26649 60
6804 70
161 47
4109 50
34332 47
1653 66
4808 40
7707 70
3468 77
502 34
1221 77
1792 40
68319 42
6787 66
2119 27
3884 23
4254 32
3973 25
103609 70
8934 70
5377 67
42632 62
55290 64
4506 56
7840 60
5568 49
1689 48
7005 70
103228 49
59947 70
786 41
4351 55
172253 70
4679 49
1411 71
117630 70
1590 39
112623 60
3146 31
8984 44
1920 52
519 30
179817 67
3979 46
3741 67
44020 42
26630 70
7285 66
3030 73
1021 30
8638 63
87 51
7153 67
2877 50
2018 59
3173 50
5198 70
7101 45
7701 28
3213 65
26159 57
2339 70
33896 65
2000 56
4006 56
136562 52
37382 43
6645 67
171763 75
8528 58
27008 70
4017 61
4167 49
86142 61
1249 71
3255 57
736 36
2779 59
84414 61
27773 68
2083 60
98499 43
4034 64
119828 70
1993 36
94864 46
6631 25
2321 57
26242 55
3703 64
41566 50
2529 67
1968 63
8914 63
3257 37
159403 70
1036 59
76093 62
5103 51
6947 63
1952 70
2124 51
4084 37
6016 66
778 64
81 48
2171 59
1253 62
4275 51
7982 54
3723 66
849 41
2681 51
6565 66
39414 55
122916 62
6440 65
8917 55
72011 66
1605 46
1240 63
923 79
68157 65
5961 70
5053 70
3571 63
2403 58
3871 71
44238 70
72226 64
7004 46
2054 50
62970 49
5159 47
354 68
122924 47
48774 68
1394 72
3763 55
70286 63
1904 54
3969 61
81562 54
102590 70
233 66
4155 48
1031 56
76 53
459 38
1097 63
1178 74
60291 59
3328 69
1232 61
3036 61
5283 42
4327 60
610 52
2726 69
4732 42
5970 49
2396 60
594 65
1247 72
45499 52
3476 55
2399 39
137218 70
1997 67
3271 62
27801 60
6365 41
1799 56
580 50
122900 55
2803 48
80219 52
466 37
110882 62
3997 36
26176 70
2378 45
117895 25
26662 66
90603 62
119218 70
44 33
809 36
1960 65
4519 50
1959 61
414 44
1073 66
61236 59
1479 43
4019 58
1245 70
37857 59
161032 70
371 53
3020 57
88593 70
6774 70
2005 57
90405 53
26285 70
6793 25
627 62
1617 73
6734 29
108090 70
2427 58
51024 57
122922 55
3440 36
6874 69
4919 57
338 41
81591 60
1704 57
1499 25
357 57
62155 61
144 48
34148 63
53519 51
4504 70
2796 41
216 44
6827 21
1429 55
7445 44
1385 43
90471 53
8425 70
10 47
26542 51
7387 63
72998 52
89470 59
3629 71
1297 60
3424 70
1672 47
44761 65
196 36
70703 70
2383 26
180 53
4040 33
6333 56
4440 63
5291 68
88235 57
1639 61
4580 7
153236 70
86190 57
4477 32
103027 70
32291 56
34811 70
5171 39
122260 70
8784 61
5954 63
8798 56
707 39
880 37
314 59
61323 60
600|20
3269 49
1394 75
3785 46
2717 47
5569 59
4306 66
1206 76
56775 53
2015 60
7 47
2013 55
262 66
1210 66
1060 69
2431 51
2077 65
2423 55
4641 66
527 75
5076 47
601|20
141846 70
68157 92
1262 89
106782 90
60069 90
49272 90
5445 82
1193 91
1207 90
79132 91
904 92
166024 80
1917 71
7153 92
2324 93
170697 83
31658 90
5989 88
88810 89
2571 93
602|20
161 71
19 53
350 68
494 68
14 66
471 68
125 63
434 59
235 64
481 59
315 59
371 65
474 70
527 79
21 62
349 68
440 67
339 66
480 72
163 67
603|20
602 70
803 70
2008 70
2577 70
3459 70
4787 65
2912 80
1769 52
485 52
4420 70
920 70
1 65
2706 48
1844 78
3787 67
1222 79
190 72
2716 79
3983 92
101 85
604|20
220 70
292 72
151 74
329 70
410 67
426 61
435 51
316 70
22 71
235 72
181 48
332 61
273 62
637 64
285 70
173 58
588 79
23 67
553 79
1 82
605|20
35347 70
6787 76
1197 78
5667 70
42738 60
51662 71
7373 63
596 66
780 69
4571 69
2316 69
7454 53
150 72
60040 61
8977 45
3269 57
72982 70
1210 79
62376 48
60937 46
606|20
263 70
563 70
583 70
3808 70
4671 70
4840 70
5856 70
6111 70
6573 70
8685 70
32728 70
55805 70
3147 77
4392 71
2311 78
6308 47
50842 75
6591 94
8270 77
2025 77
607|20
891 72
1610 80
448 76
3147 87
1094 66
1307 80
592 72
204 56
1552 65
527 88
3476 79
296 88
2313 77
3440 45
423 58
1518 68
2118 82
2193 73
380 73
2028 87
608|20
52245 58
2997 70
3793 71
2763 72
174 54
2000 72
1214 70
919 67
2700 70
4161 64
5146 60
1639 66
541 74
473 47
2529 70
522 64
4343 61
1909 64
2431 68
1220 73
609|8
296 77
833 37
356 76
339 63
454 66
318 81
208 53
292 63
610|20
5953 70
58975 70
70206 70
78626 70
82765 70
97988 70
107447 70
107462 70
110591 70
110746 70
118082 70
139655 70
160341 70
86644 63
56801 55
61024 81
77561 74
4816 76
62434 77
3972 87
