1|20
260 102
1927 106
804 71
3 79
1009 74
2406 84
1587 81
3671 95
2617 76
3053 96
2571 101
1222 101
2137 83
1377 76
2395 86
2761 97
2641 73
2872 90
1258 101
2700 94
2|6
333 72
122882 76
71535 74
46970 63
58559 81
80489 76
3|8
5764 70
647 40
6835 70
5919 39
2851 33
2288 45
5048 29
4518 38
4|20
106 70
1291 78
3408 67
265 71
52 68
4347 72
2467 74
908 79
345 70
1304 78
1923 69
2959 83
368 66
1219 76
4765 76
1199 80
4166 39
1732 77
21 67
2858 77
5|9
515 74
1 78
364 79
608 82
290 81
261 75
34 71
318 87
21 70
6|20
349 77
318 96
775 70
141 76
348 80
104 75
327 63
410 69
165 78
87 67
366 67
17 82
1084 88
222 77
16 85
416 46
277 68
460 62
867 13
316 72
7|20
8528 67
3623 50
8636 68
8360 66
1517 63
466 50
8373 47
1220 69
7155 50
8808 50
6863 60
31878 65
1610 69
1219 72
4700 58
45668 61
8970 66
27741 73
6333 67
8865 51
8|10
356 83
47 81
231 62
318 89
454 73
292 70
32 80
141 70
380 70
252 68
9|10
5451 59
923 79
5890 0
2901 61
922 83
6044 70
1987 70
5378 60
3735 76
5447 58
10|20
597 64
33679 61
8533 65
8969 57
72720 63
88810 73
136020 58
6377 72
5943 49
109374 73
113394 70
61250 50
82167 50
140110 65
5377 69
77841 70
6942 68
1028 71
72330 70
66203 54
11|13
733 79
1584 81
1210 91
170 75
1438 61
648 76
1918 65
493 82
10 77
457 87
1693 77
150 83
1923 80
12|7
2717 74
2100 78
838 96
2072 72
1876 76
2581 77
6942 94
13|7
3717 70
3624 70
3798 68
2174 78
47 87
3893 74
305 58
14|10
344 62
477 68
110 81
540 54
597 71
153 59
592 68
4 46
539 70
105 69
15|20
91529 73
7438 73
111759 72
2329 77
1 72
1909 63
1240 72
115713 72
1200 74
293 74
2571 76
3949 73
120466 64
1198 78
2028 75
2011 64
158 51
160980 63
4306 72
4022 68
16|20
1230 74
78499 75
913 75
1136 76
1299 73
1617 76
1203 77
3429 78
2858 74
608 76
3683 76
4002 68
1199 77
912 78
2707 63
5782 71
1260 69
319 67
27773 73
2109 63
17|20
260 88
64839 82
296 88
5952 86
527 89
1193 88
3681 87
1240 82
2717 62
2858 85
1093 72
81932 81
5618 88
50 90
5971 86
2959 92
1201 89
541 87
82459 83
1 82
18|20
8117 70
65596 70
88094 70
145283 70
157110 70
166015 70
171023 70
103253 63
60684 78
44199 77
2 70
86628 70
59784 71
2918 79
109374 82
4226 85
53129 89
139385 79
47 81
1291 83
19|20
3692 70
3662 46
54 38
2733 38
1702 45
1240 63
1270 65
3712 0
1881 51
216 57
3 53
1834 65
2184 49
3017 58
2044 0
2354 42
2005 61
3146 39
3387 43
2694 52
20|20
1566 74
5419 66
4014 79
2140 77
586 66
661 71
3189 76
5014 83
1333 81
4161 70
3784 64
1030 53
5313 53
2804 84
2054 59
34 77
1097 80
6358 70
4519 70
1722 65
21|20
107013 70
117922 70
140301 70
57640 74
2985 65
2990 62
2717 56
5418 72
31433 58
112175 73
7153 80
30793 60
4446 65
52973 70
45186 68
2023 66
79185 63
1721 65
102125 68
5459 58
22|20
8961 54
2723 47
60950 49
64575 49
1193 58
70286 54
4993 57
2160 58
39183 49
7147 54
3996 55
3481 52
55765 54
48780 55
7361 59
51540 53
6711 57
2968 53
3949 55
48394 52
23|20
6234 70
3996 71
293 73
1206 74
1136 76
1960 69
7587 71
3424 74
3181 79
2467 70
1248 82
1617 75
6807 72
1952 74
6440 72
1258 75
1243 76
1080 72
8228 68
1711 58
24|20
1784 71
2617 61
111759 76
134853 75
58998 73
1265 75
1198 82
3147 79
1197 82
1220 74
2424 62
5418 73
72011 71
54286 72
27773 77
64957 68
356 80
44191 77
1682 73
68358 76
25|6
58559 100
60069 97
74458 97
79132 99
527 102
260 102
26|21
10 70
34 70
47 70
150 70
153 70
165 70
185 70
208 70
225 70
288 70
296 70
300 70
344 70
349 70
356 70
380 70
434 70
454 70
457 70
592 70
593 70
27|20
1196 83
2478 62
2640 75
3508 85
3555 69
1201 85
3519 64
969 80
2080 67
673 57
2886 19
2529 79
1387 81
1101 68
1947 73
1250 84
1276 85
3114 76
1083 63
3809 69
28|20
27450 70
60943 70
61011 70
63033 70
5617 66
59369 60
60046 70
507 53
3300 59
55094 57
59018 70
26695 70
2951 66
3006 62
2231 64
5418 62
26812 50
2058 55
353 62
61167 70
29|17
98961 85
7379 70
1250 88
1201 90
111362 81
48516 90
1100 55
26554 80
3441 70
4327 78
2872 78
2301 79
1617 87
3681 87
55820 83
4223 76
99114 85
30|7
5952 98
108932 91
1200 97
91529 96
116823 90
112852 97
1198 102
31|10
1198 90
1200 85
648 73
1363 65
1073 82
1036 83
1197 90
377 75
1246 84
1270 85
32|20
236 69
314 80
1356 79
357 75
224 74
627 79
1079 84
1084 85
318 92
761 56
1197 89
849 62
912 89
880 57
1198 88
58 86
203 72
608 87
497 80
410 66
33|20
110 83
17 78
2396 79
2272 0
448 76
428 77
265 78
1280 91
1177 87
1617 85
50 88
261 78
11 78
452 54
345 76
608 86
150 78
1188 73
800 83
2690 80
34|18
780 63
2273 61
3717 60
26606 67
45499 64
3996 73
4310 56
3624 60
31685 60
1721 64
5146 60
7090 76
70 66
2006 58
3000 79
4306 73
27728 31
3997 40
35|5
11 91
185 74
595 89
21 85
300 83
36|12
5171 43
3066 61
552 46
4025 43
1262 60
2735 40
2359 52
1372 48
1278 60
2194 57
3347 63
1704 59
37|5
344 70
356 93
661 75
329 74
457 89
38|16
434 55
39 61
223 70
161 67
246 79
168 57
273 52
480 68
356 75
457 72
364 72
50 77
500 61
300 63
551 63
21 65
39|20
2571 86
2391 79
1921 84
1862 44
1219 83
1907 78
2081 77
2459 69
924 82
2529 82
1729 75
47 83
260 87
2080 70
592 71
296 87
3213 83
610 75
589 82
596 73
40|20
440 79
454 81
588 85
339 76
158 62
432 58
431 83
186 63
616 81
514 80
21 80
592 76
1 88
223 86
585 62
216 79
104 76
371 78
111 93
267 68
41|20
96829 72
64839 68
122882 68
6287 53
1569 60
106920 69
86781 80
3160 66
1721 60
2028 71
6763 37
5418 66
53519 56
122904 67
55247 68
924 69
4011 72
2324 73
35836 61
5995 72
42|20
3869 80
4654 64
1021 55
2423 77
3248 44
4477 44
2500 46
1431 57
195 69
3326 76
2407 70
1090 86
2735 59
3693 55
1020 71
4545 71
4132 55
2263 58
3535 83
2805 64
43|20
225 94
296 114
596 96
588 103
587 96
420 74
158 75
631 81
5 82
597 96
168 85
355 62
47 109
367 87
519 63
594 99
236 89
1 107
60 91
259 78
44|10
36 80
663 78
12 50
661 69
94 78
1 81
104 71
112 69
494 75
889 70
45|20
2718 76
1036 88
2028 92
1653 91
1682 85
2396 86
3249 72
261 85
4308 81
329 74
1367 67
2890 82
593 94
1127 82
2431 77
6377 90
569 67
1197 96
1060 83
2858 91
46|9
590 86
588 85
315 65
208 66
1 88
432 59
225 78
434 69
339 78
47|20
508 62
68932 56
72395 65
2420 61
597 59
148626 67
5989 66
96588 65
69122 61
6155 57
4975 59
30749 65
106100 65
45950 61
2028 68
4018 52
1259 67
6373 56
33166 65
2407 54
48|7
4886 87
1320 71
1527 83
1193 94
3793 84
48 71
1653 91
49|5
2028 88
1214 84
139385 83
318 95
527 90
50|20
8143 70
114335 70
136564 70
142074 70
171759 70
175693 70
179073 70
175707 70
71264 57
82848 70
1377 48
44555 64
8157 58
6807 61
95543 52
8253 61
96610 55
924 61
32875 70
4896 57
51|20
7040 70
5620 67
2613 62
4437 90
2023 78
1500 84
522 84
858 96
4508 80
2951 90
1014 83
1407 75
2282 62
2420 82
3388 56
260 94
3186 80
3994 79
3501 55
2371 72
52|20
152081 90
51255 95
74458 95
1923 86
7438 93
40583 83
59784 83
55765 92
112852 95
86892 90
55363 96
112138 86
49272 97
52245 75
69481 95
50794 65
1704 96
54736 88
44665 91
47200 77
53|5
481 83
1100 71
249 109
1125 102
916 117
54|7
296 68
593 69
639 37
1 64
205 52
161 60
500 55
55|5
2407 50
673 44
3275 65
2890 56
4011 64
56|10
786 68
253 81
165 79
110 89
589 87
370 69
434 67
410 69
69 81
185 68
57|20
2140 71
942 86
920 71
3175 68
1784 70
3429 83
933 84
1193 81
3446 32
160 56
1499 37
2640 73
892 72
11 73
2947 74
6 75
2478 60
2291 73
1688 64
2301 73
58|20
588 84
282 72
185 68
419 62
367 71
277 69
48 70
280 85
337 82
345 82
3 72
357 80
527 94
587 78
218 73
500 74
508 83
368 78
364 88
353 84
59|20
1696 45
6460 109
3489 79
1188 79
1222 93
2076 88
3448 83
1263 89
1247 90
527 94
1244 91
904 97
903 92
965 86
2616 68
1953 88
608 93
105 78
912 96
3471 85
60|5
832 65
58559 79
805 69
455 47
858 82
61|8
266 72
1101 72
7438 83
173 56
555 80
2012 73
4878 85
3949 84
62|20
99114 90
176371 83
3793 84
56757 84
73017 85
30793 71
179819 68
68554 75
185135 83
168248 94
5903 88
4878 90
2028 91
5502 74
6058 67
344 69
1721 77
45499 76
41566 78
78105 61
63|20
5669 71
4246 71
48780 76
500 63
6016 80
31658 78
2858 77
64285 77
85414 67
1221 80
106696 70
4963 73
50 81
1097 72
260 80
110 76
1222 79
4979 71
5952 77
77561 66
64|20
5878 86
3101 68
2640 79
2959 91
8784 79
2054 58
4239 79
4025 62
5026 87
40819 82
266 72
2699 61
27266 82
3969 77
1805 62
6296 79
4776 80
3148 80
4262 82
356 85
65|7
1246 84
33660 83
7458 73
2329 88
4993 87
91542 76
3147 86
66|20
593 94
47 89
5418 84
922 94
2139 82
2956 66
3745 77
1956 88
4581 70
5349 80
1210 92
1094 75
2001 73
380 77
6539 87
671 77
1 87
6378 82
7766 95
296 93
67|8
99114 82
4306 79
27193 75
79132 83
60069 81
2012 70
4886 79
4993 84
68|20
47978 70
95218 70
6534 49
48696 65
67267 71
30825 55
1799 63
3556 69
8622 67
4351 62
63113 66
58295 65
7151 67
2413 66
6287 57
653 57
41566 65
5541 58
260 76
48043 64
69|10
4370 80
4848 96
3671 93
2476 91
1193 100
356 98
553 89
4022 88
260 100
3994 85
70|13
1193 91
1097 82
1914 71
1269 86
4995 88
318 95
8949 83
1968 82
1210 89
89492 83
1250 91
1235 91
2366 79
71|7
494 73
647 71
736 65
95 61
733 72
589 80
7 61
72|9
1047 71
150 82
858 93
2490 76
1357 89
260 91
50 93
1198 92
1196 90
73|20
1193 86
45720 77
105037 58
6333 78
59315 78
76293 65
138204 72
2706 72
152081 78
45221 45
68135 71
150 77
8376 68
93510 82
59784 72
116823 78
106072 70
1682 78
52245 66
35836 73
74|20
31522 70
2594 85
2908 85
30749 85
6870 82
3006 83
52281 82
49772 79
55118 93
2997 88
6305 85
608 91
4546 86
41863 88
27773 87
6001 90
1251 96
6552 84
46976 83
44555 91
75|14
5445 65
1240 70
5952 73
2193 62
6870 67
2529 70
168 56
541 74
3176 63
1962 65
2078 68
1889 68
1266 75
1374 68
76|20
48877 50
5956 58
2918 62
58803 59
1247 65
74458 65
7669 70
79132 66
8957 51
858 69
55820 63
1258 67
63436 49
1201 69
1208 70
48 51
288 52
34405 64
1 63
1196 67
77|6
3996 77
4973 85
7361 84
8636 75
3578 79
33794 77
78|13
296 78
165 67
3809 64
589 74
546 41
27904 70
260 78
590 72
480 70
68791 63
344 58
44974 71
380 65
79|13
3266 102
3029 73
589 86
1916 84
307 86
4005 76
260 92
1189 90
1345 78
2000 81
1374 83
2659 70
2076 85
80|20
7445 83
96691 74
84189 70
91630 83
49530 85
8950 91
6539 91
4223 84
5630 80
3527 87
76251 84
80363 61
52604 86
6502 93
34048 76
1221 98
60684 90
6952 68
5989 92
77561 81
81|26
10 70
32 70
47 70
110 70
150 70
153 70
161 70
165 70
208 70
231 70
288 70
296 70
316 70
318 70
329 70
344 70
356 70
364 70
367 70
377 70
380 70
457 70
480 70
588 70
589 70
592 70
82|20
6886 70
2381 51
2378 63
6566 46
368 70
6536 72
3253 74
4310 61
1608 68
1372 67
145 63
356 83
6708 74
1485 64
4369 62
6564 51
6888 43
5803 45
4015 56
364 80
83|20
56367 68
7143 67
7323 64
6539 68
161 64
586 54
2115 64
1270 69
6874 71
2324 73
1537 69
7153 72
68954 70
48774 69
30749 68
8014 74
1222 72
3753 60
1223 76
64983 57
84|20
55 70
987 70
912 87
1096 80
420 55
1227 82
113 56
580 73
5060 80
1293 81
900 74
1097 77
62 73
368 71
1305 75
1247 82
1296 80
11 77
1073 78
1094 69
85|7
1519 70
1624 48
1140 70
1694 51
1643 71
1747 66
1635 77
86|14
4993 87
4310 63
6947 77
2411 59
457 83
5418 80
3996 82
4901 73
1835 72
33794 82
1196 87
3555 72
1097 80
2687 71
87|5
4023 67
2009 75
3504 89
671 74
2139 80
88|12
7312 70
74795 72
4993 90
68157 89
5952 89
1193 91
223 84
8665 82
4262 85
56782 96
8677 46
58559 90
89|104
26645 70
32060 70
44851 70
53280 70
53578 70
67888 70
69211 70
81087 70
84246 70
103602 70
108078 70
109596 70
118894 70
121007 70
128089 70
128944 70
131098 70
131439 70
134847 70
140481 70
146684 70
148632 70
150554 70
164226 70
30793 62
169912 47
87869 70
1923 71
4015 53
950 81
173253 70
2324 82
27826 70
92259 84
11 74
3977 54
86298 59
8154 87
77688 70
2997 78
170837 70
49274 50
157775 70
1 78
142196 70
99117 60
62008 70
72624 70
108156 57
3752 63
2059 59
128520 85
3175 70
133879 70
48649 70
126088 70
5529 48
65588 70
99130 70
40962 56
1732 79
68659 68
91666 70
2683 63
3751 68
750 85
6650 0
149508 70
2395 69
51575 50
65230 66
171751 70
85881 77
139157 70
6863 65
4246 73
108949 63
1230 79
160567 69
73319 64
177185 70
130520 63
5220 52
121338 70
153386 70
50872 74
149566 70
145491 70
4890 60
129354 56
32243 70
84944 71
6402 70
1288 82
140133 70
119141 65
947 90
176621 70
4973 84
158398 70
69469 70
54503 76
141928 70
102481 69
90|11
1137 70
1144 70
581 96
81 70
892 82
1073 85
116 71
896 0
17 83
7 66
613 68
91|20
3013 70
6395 70
8147 70
7153 80
3360 74
2791 75
3897 76
1080 77
4850 53
3429 83
7000 63
2060 66
2916 71
1391 60
2100 60
318 85
2146 68
1225 81
1246 77
8501 70
92|5
2572 83
2114 86
1015 72
2454 76
1801 82
93|20
736 81
1917 75
552 80
1721 87
539 88
480 95
1372 84
368 88
2355 91
1923 92
2193 88
2006 79
339 87
1097 96
1591 71
260 106
2968 97
1676 86
593 107
558 77
94|12
231 55
377 64
367 58
364 71
288 58
19 49
10 62
586 56
590 69
380 62
589 71
318 79
95|20
18 83
4878 90
6979 78
4732 47
3019 90
5246 41
32 89
2952 81
1247 90
1198 95
5283 68
3361 83
1513 65
2009 78
539 78
122 59
1584 83
1240 88
4262 87
5349 80
96|16
527 87
1094 70
272 80
3819 90
150 78
2021 74
2571 85
1214 81
2058 69
1220 79
733 74
2340 65
1721 71
2396 78
367 66
1291 85
97|8
4701 75
4306 89
3578 91
4993 94
4963 88
4299 77
3981 54
4161 75
98|19
81845 84
8961 80
122912 81
5299 66
63992 53
187541 63
56152 76
134853 81
69644 59
6863 70
5618 87
56801 53
3499 82
134130 81
74789 63
82461 67
1258 86
88810 84
79132 85
99|11
318 107
161 90
420 66
592 83
196 65
122 64
145 76
150 92
316 80
236 80
588 92
100|20
497 82
296 89
1393 76
95 65
592 73
605 61
6059 74
28 90
2245 68
62 77
4308 77
1777 75
838 82
2125 80
1288 89
234 52
1197 91
2005 80
4014 80
4623 74
101|13
2580 82
3285 61
2723 69
2700 79
2908 79
2390 87
3175 72
2395 72
358 56
2702 63
3394 56
2997 82
2502 83
102|12
158 54
588 73
150 73
592 66
253 71
480 73
344 60
539 68
553 72
593 82
586 60
223 75
103|20
86014 70
1954 84
60040 68
1968 81
77206 70
2161 77
1732 87
81834 84
608 89
2384 64
4254 46
104 73
139642 51
56782 94
2096 73
101 86
6534 56
374 49
60069 85
30793 68
104|20
4740 70
743 49
5218 74
8643 67
1288 84
47997 72
468 66
76251 73
8533 73
4018 63
38038 78
1566 71
7361 85
6060 48
3034 72
1641 75
4641 72
108190 57
616 73
7034 78
105|20
4788 70
69685 70
95311 70
95313 70
110586 70
141816 70
141818 70
170597 70
172587 70
172793 70
173351 70
173535 70
6433 59
4974 60
70286 86
108981 70
95175 70
69122 80
1243 93
3916 81
106|7
69844 91
72998 85
59501 81
86880 80
5349 85
53125 80
59784 83
107|7
231 69
253 82
590 86
165 80
434 69
208 65
318 99
108|16
800 90
6022 66
4995 90
2585 81
5316 70
4975 78
3978 68
5349 80
2926 79
4246 83
4878 89
4994 79
1968 85
1684 67
497 85
5380 89
109|20
380 64
1033 66
231 57
364 73
589 73
480 69
62 66
31 60
587 65
1032 65
586 58
778 75
540 50
256 53
163 67
252 62
223 71
553 69
537 63
168 58
110|11
26171 15
2468 50
1198 85
1089 85
1222 83
1208 87
4881 80
47 80
527 84
1193 84
2428 53
111|20
100194 70
162602 70
171251 70
2145 67
96588 77
65088 70
66203 59
84772 70
2081 73
91529 81
6365 69
45666 47
3255 70
1282 75
6539 80
86833 75
122882 78
59143 72
86911 63
5283 62
112|13
788 54
161 73
1917 59
16 78
21 70
208 57
434 60
39 66
3717 64
19 54
110 79
32 79
70286 78
113|20
4083 70
39 67
3168 71
932 91
2331 55
3359 82
1086 82
3504 84
1339 70
904 87
3546 70
4063 43
4062 62
1077 78
1589 71
2475 70
3831 78
46 59
1733 91
4007 76
114|7
141718 70
54001 67
2291 64
167732 70
122886 64
8961 66
3147 70
115|20
1580 73
2804 83
1387 85
2792 68
3146 50
3273 54
3052 76
2841 73
2719 46
595 78
2700 81
383 64
2027 42
2148 64
2770 62
3785 62
2916 77
3175 74
588 79
1377 65
116|18
2716 72
858 81
1299 75
62383 58
1339 66
1276 80
597 67
1029 63
1101 65
2797 70
2657 65
1961 74
1407 63
5995 78
1704 77
165 68
2115 70
8360 69
117|20
708 66
587 69
589 76
151 71
36 74
1036 76
595 72
288 63
596 68
48 61
315 56
454 70
353 73
474 71
10 67
60 65
805 70
491 63
616 70
485 60
118|5
1221 79
1625 69
153 55
1961 73
1810 65
119|20
95441 73
117176 89
1092 75
91529 92
74458 93
4387 87
79132 95
168252 95
44022 75
78499 95
122904 90
106782 94
442 71
4993 96
31685 74
6365 78
141004 49
4148 70
88744 86
8644 80
120|5
260 79
32 75
5 57
631 56
52 67
121|12
497 70
440 65
161 68
527 77
292 64
344 57
186 52
316 60
1 72
19 50
163 66
337 67
122|20
27660 89
69784 87
7022 97
148652 70
4816 88
56174 85
94959 94
81591 87
71535 92
30810 85
2997 98
1732 99
108932 92
780 83
1090 97
3253 88
106782 98
72226 100
1200 98
1214 96
123|12
68554 68
115569 85
79132 84
109487 82
1196 84
4226 85
296 85
7153 85
143458 70
47 81
96829 85
2858 83
124|10
56145 81
2161 77
260 90
175 88
1358 82
6377 86
4226 90
3147 88
608 89
1223 94
125|20
5088 70
86721 70
110330 70
54503 83
72011 77
162578 88
119145 82
176371 78
55247 83
1240 83
86332 75
68157 86
112623 81
4082 41
160567 75
3342 75
109487 85
88140 75
98607 70
81562 76
126|8
364 73
349 64
231 56
380 64
410 58
300 63
253 67
457 72
127|5
2915 54
903 62
55276 60
5060 60
272 59
128|7
904 91
965 81
926 89
1066 91
1721 73
1080 84
1198 89
129|20
4370 72
480 80
3698 72
2692 87
2138 87
1968 82
8368 86
653 66
7143 83
316 70
6874 88
239 66
2916 79
733 77
4896 82
2028 88
3977 59
3000 90
1907 80
31658 87
130|6
208 57
316 65
292 69
110 79
590 75
296 82
131|14
2273 57
6947 64
58559 73
908 74
4878 71
89745 69
7256 71
68237 72
2722 50
2028 72
48516 75
3178 63
64614 70
969 71
132|20
6251 70
3275 69
4995 67
2987 59
7444 54
3262 57
4168 59
31658 67
44191 65
1089 69
3967 64
5502 55
50 70
58559 68
5992 63
2108 57
1844 67
2657 56
47 66
2470 53
133|7
454 58
356 66
589 64
150 61
153 47
380 56
527 68
134|7
442 65
595 78
349 74
380 73
367 67
509 76
296 87
135|20
592 70
4084 58
893 61
3994 73
2004 72
608 86
1358 79
3852 71
3489 73
1614 61
1198 87
4128 77
1883 65
2302 68
1291 85
410 65
1261 87
4022 77
4881 82
1077 80
136|20
161 76
193 51
585 57
338 59
277 64
380 72
181 44
337 75
437 50
165 73
611 58
151 75
340 66
252 69
432 54
552 65
350 70
280 78
273 59
150 78
137|20
6787 81
2716 77
1198 85
750 88
919 78
1270 80
318 88
150 76
2997 81
1200 81
6986 70
7153 84
1242 82
110 80
33493 73
1197 86
2959 88
1237 89
903 82
7762 84
138|5
2707 67
1960 73
1959 73
849 57
3996 76
139|20
4025 37
7445 43
60684 47
4865 45
68319 37
7090 49
5502 40
260 51
8371 39
53953 39
58025 37
106782 49
6957 42
7163 35
3827 36
3624 39
52722 37
54259 44
4367 37
115617 47
140|20
5699 70
5299 62
1393 70
356 80
609 62
32596 62
4795 65
34072 70
1617 81
5256 48
5943 52
1084 79
4337 70
3108 75
43396 75
4719 56
1005 46
4321 66
5812 75
4259 72
141|20
5418 72
54503 75
4963 74
2478 60
71535 72
317 62
68954 77
54286 71
6365 64
54272 71
4447 63
5502 63
6377 77
6373 64
1265 74
91529 76
2502 78
441 75
1517 67
48516 81
142|8
434 63
384 72
588 78
50 88
527 87
356 85
337 76
377 74
143|15
1721 62
61250 50
6942 69
7169 66
8533 65
106696 68
3421 69
87232 69
78316 62
69069 66
59421 54
2144 69
96821 73
7173 55
500 61
144|20
589 79
541 83
8368 80
597 71
590 77
410 63
1246 80
527 84
356 82
500 67
19 54
2700 77
434 61
733 71
780 68
1036 78
5377 77
552 63
586 62
2081 74
145|5
344 59
339 65
380 66
318 83
588 72
146|7
7293 67
3257 55
32 73
1367 55
3686 54
410 58
47610 68
147|5
1234 75
168 58
552 59
555 71
2395 66
148|10
88125 73
5618 79
108932 72
81847 74
72998 68
5816 70
8368 76
7153 79
81834 76
4993 79
149|12
1097 61
1374 61
1831 39
1527 59
260 68
173 43
1206 66
1200 65
2021 58
1580 56
1391 50
1375 54
150|6
3 67
1356 78
5 62
95 62
733 73
1073 79
151|12
786 71
562 85
780 80
837 79
747 68
1265 90
828 77
1073 89
1 91
648 81
1393 83
1359 64
152|13
50 85
2959 87
116897 81
89492 76
1193 83
69481 80
85774 73
115713 78
111 82
92259 85
1234 80
79132 81
318 88
153|20
134853 46
1732 48
8533 43
4014 44
81456 39
106782 48
8528 45
6863 40
87194 38
2617 37
1246 47
106100 46
1954 46
7458 41
4226 50
89904 46
72998 43
133780 70
586 37
36535 45
154|7
114662 84
119145 91
81834 93
122904 90
106072 79
76093 93
77561 82
155|10
153 61
3286 38
1200 85
260 88
141 72
2355 75
2384 62
2948 80
432 55
2959 91
156|20
26313 70
31038 70
1230 80
1711 63
3341 82
6296 75
762 52
2361 57
2076 77
4784 60
661 66
2926 71
8571 70
47 79
3176 70
58 81
848 62
866 83
1485 62
923 79
157|5
785 64
3617 60
2720 40
2770 56
527 80
158|6
1093 71
2605 65
2872 77
2723 70
2428 55
66320 70
159|20
2959 79
60069 73
45720 67
597 65
4022 68
89864 68
49286 64
140110 64
84954 59
4447 61
1197 78
68954 74
6942 69
1961 71
106696 68
480 68
539 63
166643 66
40819 72
63082 74
160|20
126 38
1371 52
1198 71
196 44
3408 60
5349 61
3213 67
2408 43
839 50
3593 21
2748 28
533 51
1975 46
1676 57
3745 58
2011 59
733 60
3826 42
778 69
2840 47
161|8
4980 63
7247 76
47610 76
1223 90
38038 80
3429 88
2144 77
2336 78
162|8
150 91
225 83
168 75
50 103
300 83
266 83
31 78
62 87
163|5
1608 58
1810 60
1747 58
1777 61
1837 45
164|8
1036 89
2916 83
110 91
589 90
3527 85
1101 78
1201 97
2167 74
165|13
2353 65
3624 62
110 77
5505 67
5527 70
3256 68
5956 68
5418 73
5530 49
5450 67
1127 70
3409 56
5881 66
166|20
33794 84
1721 74
4011 89
5378 66
3481 81
49530 79
2353 73
47644 64
54272 79
8961 83
1198 90
2542 87
1036 84
608 89
434 65
5219 66
5418 81
2396 82
349 75
2324 90
167|20
33493 68
4886 73
778 76
3052 69
7147 73
6857 73
45501 56
6480 70
1682 71
2231 73
784 53
33794 74
2083 73
2413 68
6333 71
8961 73
2139 69
150 71
6773 73
35836 66
168|19
3730 95
1248 101
1201 94
1089 94
296 93
923 89
1222 92
5291 85
3543 86
1302 80
3362 87
1148 92
3101 72
57669 93
2076 87
1729 80
908 93
85354 63
80463 88
169|20
3536 83
2028 100
364 97
953 98
4886 95
5400 74
8644 84
524 84
2795 90
1022 87
3114 93
3967 96
1517 86
1035 97
8641 91
6365 81
661 81
457 96
3287 69
1416 83
170|10
318 84
296 79
586 59
377 68
34 69
592 65
277 59
500 64
266 66
588 72
171|17
485 74
1220 92
1025 91
801 70
1259 97
1079 97
828 80
317 78
869 87
380 84
1136 101
1225 101
661 80
318 106
47 96
1198 102
1208 105
172|6
3087 63
3578 80
7438 79
2072 57
3793 74
2762 77
173|5
10 66
329 63
586 59
597 67
588 72
174|14
553 78
520 67
224 74
648 72
161 77
317 68
158 58
780 71
315 60
485 64
282 68
440 74
350 71
10 72
175|5
531 70
8911 70
43904 36
38388 77
8362 57
176|8
165 79
434 67
39 74
368 77
380 77
780 75
47 88
471 77
177|20
42002 61
91542 71
6332 46
3668 74
45672 59
783 64
27706 64
2657 66
114662 69
1206 79
83132 78
5218 71
508 72
3114 74
1321 67
2176 76
8798 75
88140 70
2012 67
339 66
178|16
7361 91
527 90
2329 90
5995 88
6502 86
4235 88
1198 91
208 62
6539 83
296 90
349 75
10 74
4226 90
1240 84
2579 83
318 95
179|14
367 71
589 87
161 81
231 68
288 71
743 53
1061 81
317 71
786 68
592 74
671 75
296 92
434 67
364 87
180|5
1261 81
260 81
1748 76
1242 79
2140 70
181|20
157 63
593 77
596 64
353 69
539 64
516 62
132 59
169 40
25 67
31 59
542 48
6 71
707 55
185 57
464 54
502 44
415 48
480 69
592 62
344 57
182|20
4879 70
6969 70
3911 74
2728 75
4313 66
8042 94
1291 82
3113 59
3578 79
1590 60
161 73
4452 48
224 71
4980 61
4262 78
2353 67
2890 73
1127 72
541 83
6041 77
183|12
480 76
380 70
1196 84
2951 81
2534 37
4085 71
1287 81
2194 80
3247 60
1233 85
2662 70
1408 78
184|20
158035 70
181413 70
193565 70
97304 85
74754 60
168250 80
191005 70
106072 72
166291 78
127152 76
86332 76
80463 86
5816 79
122898 62
81845 87
5810 73
170813 59
174479 70
112852 86
148626 87
185|10
1685 70
2396 74
5377 75
1721 67
5952 80
1393 70
595 72
2085 66
4995 79
899 80
186|20
2605 72
1214 90
1291 95
3745 79
1269 91
2527 80
2532 67
4361 88
1307 89
2968 88
4306 90
2541 77
1702 64
480 86
1097 87
3977 63
919 88
3527 86
593 97
1196 95
187|20
26122 70
3949 78
49272 79
231 59
1206 81
6874 80
1729 71
1209 82
48394 74
6502 79
2701 44
4027 77
288 64
2542 79
7153 81
39427 52
6890 76
1222 81
8949 75
1748 77
188|10
2346 76
1212 97
594 84
1282 90
3469 83
2396 89
1091 57
3341 96
1264 97
2206 94
189|5
48516 85
4993 83
79132 82
2959 87
58559 83
190|14
6711 83
4776 77
8784 75
4995 82
5630 69
4306 79
30749 78
1221 85
4975 70
8961 78
858 86
8464 74
69844 77
7438 80
191|17
496 70
21 76
72 69
175 88
494 78
417 84
17 81
6 83
85 86
292 74
314 82
58 88
235 78
213 62
161 79
160 62
162 91
192|5
356 89
288 70
316 71
349 76
432 56
193|7
44555 75
55442 74
4878 72
6016 76
307 70
1270 72
5618 75
194|5
163 71
1396 69
1500 73
1288 82
5060 77
195|20
3424 78
2770 57
1041 88
1653 78
1923 70
3160 73
4723 44
1863 49
2336 73
2166 47
4308 70
1909 66
260 81
2028 79
3252 73
2908 75
1392 65
1365 66
70 68
190 47
196|7
70286 80
3578 81
59315 76
58559 84
364 81
1214 80
110 81
197|7
1513 60
1240 81
1882 44
786 63
2167 68
153 61
1784 76
198|20
3894 70
3499 76
920 71
1213 82
3949 77
1994 69
1485 60
2572 69
4019 74
1089 82
110 78
593 82
4128 71
1270 77
4886 75
1079 78
2117 73
912 82
1573 66
1682 73
199|20
5464 67
2165 66
2280 49
736 58
5673 71
349 65
5502 61
482 73
8532 70
1172 77
300 64
50068 70
4881 73
3175 65
7445 65
2973 75
34338 66
41997 70
1956 73
377 65
200|20
3809 74
7022 86
50802 54
3968 66
2485 62
500 72
5610 46
590 82
1029 72
53996 75
2572 78
4993 89
4041 75
57640 83
1302 77
1784 79
6383 52
1653 87
1569 75
1517 76
201|20
1748 91
1527 85
1584 85
2858 94
339 80
589 91
2717 68
994 96
788 64
1196 96
2797 86
733 83
1259 93
2174 83
1198 98
2455 82
1569 80
1213 98
160 68
24 75
202|20
3329 70
924 82
29 82
2289 82
1197 88
1196 86
2966 80
161 76
608 86
1209 87
1296 81
3194 74
1784 76
469 77
923 83
2000 77
1587 69
1719 93
3147 85
32 82
203|9
56174 73
8665 79
2407 68
5952 85
590 80
49272 85
40815 78
333 77
296 87
204|17
1136 89
3949 85
33794 83
48394 81
27075 70
1080 85
79008 89
6104 93
8874 87
81591 77
4878 86
91658 77
711 66
2313 82
86320 77
55820 84
5218 79
205|6
912 85
99114 80
91542 73
5816 73
95167 70
96079 77
206|5
36 85
608 92
733 79
140 71
141 76
207|5
2991 60
2428 43
2707 56
3740 66
100 48
208|6
1210 77
2628 59
380 64
2353 63
2278 66
2762 72
209|7
60684 81
1291 87
68157 86
74458 85
185029 86
122886 79
88125 80
210|20
123553 70
34405 92
166203 70
3147 95
31696 76
7649 68
58559 96
2105 76
6365 78
34397 70
4625 51
84772 77
122926 95
76093 91
62836 70
33493 84
1584 85
47610 85
108932 87
122918 89
211|18
58559 85
63113 73
90405 68
57669 87
60684 79
7153 86
73017 78
2105 68
4367 62
356 85
2642 48
1556 37
318 91
44665 79
85414 73
1198 87
1136 86
260 86
212|20
170697 69
122920 70
122892 68
2571 77
5218 69
48394 71
3578 75
1196 78
135143 69
74795 63
179401 61
79132 77
77800 78
108932 71
110102 73
96821 75
8874 77
65261 78
59784 66
2291 71
213|17
3285 65
87520 49
80363 58
76251 79
8957 69
2860 58
1234 88
5419 69
51935 84
69844 85
39446 60
4132 55
858 94
69526 55
4558 58
49530 80
58559 91
214|5
83 70
628 58
743 39
1363 50
802 55
215|20
1172 84
4973 87
63082 82
1291 83
2028 82
3252 77
3210 71
1968 77
1247 81
49272 83
1089 85
72407 56
5650 75
318 89
1208 88
2000 75
1197 86
1196 83
1297 74
4019 77
216|20
104 66
21 69
3996 76
3946 51
2946 65
3993 66
3897 76
2599 73
34 70
3994 68
4034 78
3363 75
1965 71
3422 65
3555 66
3253 70
2087 70
3986 55
2018 67
1923 70
217|20
1867 70
3434 70
1275 67
2468 43
3197 51
1912 67
2302 56
1876 52
380 59
1221 72
2471 44
1918 51
1385 49
3165 62
1590 52
1562 39
1703 55
2056 70
1831 41
160 50
218|6
2657 62
2692 73
1380 60
1198 77
6934 57
5349 65
219|20
60072 58
2115 69
59315 70
6539 72
442 57
30707 73
1704 76
180 64
1219 75
1005 44
27773 74
56156 59
6188 67
6721 61
30825 58
2997 75
1552 56
1500 69
2890 68
1921 75
220|20
3996 86
733 78
1198 93
3994 78
6539 85
1258 91
1917 65
4545 72
33794 86
165 78
71264 82
4623 76
53464 54
5218 81
6365 73
3751 77
32 87
1036 86
5502 72
1591 62
221|20
4338 70
7013 88
8529 73
1080 85
3246 87
2871 84
1208 93
7063 91
2702 67
4029 85
5954 83
2352 80
922 91
2997 86
1278 88
2858 87
1212 90
1959 80
1961 83
3671 83
222|20
81831 70
100498 39
48516 76
1249 75
99813 74
91529 71
59900 52
93287 72
1721 62
2706 62
3273 46
2411 50
64622 68
7143 69
87869 65
778 73
30825 55
42011 42
673 52
64839 70
223|15
55854 70
6711 71
1 67
736 54
1961 66
457 67
2716 65
48394 64
608 70
8784 64
48516 72
3863 54
4306 67
260 71
2683 55
224|11
3496 70
3044 80
356 90
2915 76
289 68
3668 83
1270 87
2797 81
1721 75
2716 83
1259 88
225|15
2423 77
1285 80
588 81
1717 63
2791 84
1321 74
1136 89
1197 91
1753 79
2004 75
2371 69
1407 71
785 72
1060 80
3024 63
226|20
6938 70
32666 70
3552 76
542 53
1240 80
3098 75
2804 81
3668 77
3653 78
2231 79
145 63
2253 51
3052 74
2628 64
762 54
53129 89
4816 74
16 80
2144 77
46948 65
227|19
46976 80
52319 79
81845 86
109487 86
134130 83
215 85
48738 85
47099 82
1196 88
32587 84
912 91
55721 89
1682 81
750 93
778 86
40629 77
97913 79
70286 84
150 80
228|5
2571 89
1373 61
362 76
318 94
3113 64
229|13
34 76
589 84
377 75
45 73
587 75
5 64
475 92
442 66
597 75
364 84
213 61
110 85
527 89
230|20
34330 70
52715 70
47 65
7438 64
527 69
3147 67
45499 56
6537 51
2291 62
1387 66
6863 55
1485 52
595 61
4022 61
2096 56
588 62
4034 66
1676 55
8644 56
2641 49
231|5
92259 86
858 87
593 85
1198 86
109487 81
232|20
31867 70
41769 70
57526 70
70336 51
8644 68
1586 57
44972 46
4019 76
43928 38
30883 31
65802 58
8376 65
39292 76
1035 78
66198 63
66097 75
32011 45
6564 50
7451 76
33164 38
233|20
48394 65
3751 60
48516 73
1721 59
356 71
106100 67
162600 59
608 72
7153 72
134214 62
57669 72
122920 64
2329 72
4239 65
7371 73
3977 47
3147 71
3948 58
49272 70
5418 65
234|20
2616 66
2140 79
172 59
126 49
1562 50
4519 72
153 64
2710 60
3624 70
3483 70
1391 68
438 65
1460 74
2987 78
65 51
260 91
1359 59
3175 77
588 82
2080 73
235|13
480 74
736 63
500 66
454 72
592 67
235 71
595 73
32 79
527 83
648 68
223 76
588 74
377 70
236|30
1214 70
1278 70
1345 70
1350 70
1387 70
1388 70
1982 70
1997 70
1998 70
2447 70
2459 70
2490 70
2496 70
2502 70
2505 70
2542 70
2572 70
2580 70
2596 70
2598 70
2606 70
2657 70
2683 70
2694 70
2718 70
2770 70
2806 70
2858 70
3024 70
3052 70
237|10
32 69
4254 38
94959 68
293 70
1371 54
1193 73
7361 74
7980 70
43936 53
1374 66
238|9
4954 76
3528 77
4265 61
4901 72
4238 69
593 87
4499 85
4957 51
1193 87
239|20
58559 90
5459 65
4085 76
380 75
95 65
7445 77
608 90
7147 84
6378 80
2115 80
4896 83
36529 80
3994 77
33679 72
47 87
590 83
4022 80
208 63
733 77
51662 80
240|20
368 83
543 82
480 89
367 76
810 50
500 80
546 51
110 95
173 64
1 93
542 61
104 81
34 85
174 66
204 59
225 82
383 73
262 92
434 72
420 65
241|16
81786 70
71899 89
527 86
1206 84
1193 86
99114 83
100714 36
8981 78
53123 85
116897 83
56367 80
3910 80
106782 83
115569 84
4235 84
48780 82
242|7
39 67
380 70
231 62
457 79
592 68
454 73
111 83
243|8
112 80
353 92
62 87
588 91
193 59
586 75
181 52
376 74
244|19
3090 89
1049 69
110 82
257 71
165 73
151 75
1090 81
3755 66
2278 73
648 71
1580 71
1957 79
1610 79
1196 85
3256 73
1573 70
1242 84
3753 71
2243 71
245|5
3196 58
2739 58
3114 55
3274 49
1361 57
246|20
1304 93
616 82
1680 85
6016 96
3081 79
44191 90
60684 88
4973 98
1732 93
1298 81
53125 77
2291 86
2692 92
293 92
4011 95
5013 88
60069 91
48082 91
82202 62
95167 80
247|20
48516 80
593 79
2858 77
49272 78
1961 74
44191 75
527 80
116797 75
68358 74
122886 71
480 71
223 73
1265 73
2078 72
1198 80
1682 71
6377 76
1089 80
953 76
919 73
248|11
4886 77
1198 84
166528 78
176371 73
316 65
147374 66
102903 66
189333 70
122912 77
58559 82
5218 73
249|20
110350 70
102903 74
2167 72
94959 85
84601 73
2395 77
97306 74
3408 77
89047 70
91500 76
91542 80
40815 82
69844 84
904 94
46723 77
3826 55
68791 75
88812 65
67695 66
50 93
250|6
1282 89
2407 75
318 102
1597 73
1246 92
8880 80
251|5
142115 86
293 93
356 95
318 102
1089 98
252|8
164179 84
89745 86
6377 87
164909 83
1682 82
166643 78
143355 73
78499 89
253|10
44555 94
916 96
608 94
2300 90
7099 89
4217 81
26366 70
1192 100
4642 98
3363 88
254|20
46578 84
44195 86
207 74
49278 72
6333 78
780 71
110 84
1210 86
49272 86
27846 85
32587 82
2571 86
44929 75
47 83
293 84
1580 73
5995 86
32 83
592 71
48394 79
255|9
1270 55
4467 55
2023 48
3501 34
1663 53
1394 55
3392 42
2542 56
2915 49
256|20
3247 67
88744 83
377 80
4973 96
53972 76
118696 75
95441 70
104841 85
71535 85
2953 58
81229 77
53121 64
30707 88
2571 93
68791 76
170 76
6942 84
90405 74
6537 70
33493 81
257|5
1500 74
594 72
2502 81
494 72
2406 69
258|5
4995 83
7147 79
72641 77
76093 80
47099 78
259|6
508 66
5945 58
1784 65
4886 69
1356 67
1584 65
260|20
7361 82
3556 72
162 82
903 79
5690 84
6337 73
4878 78
5617 78
342 65
5219 59
2997 78
8011 80
1206 80
3317 77
6709 62
8874 79
2348 72
3822 77
2959 84
8645 78
261|11
3897 81
16 80
2060 69
296 86
2723 69
1682 77
4085 72
2194 81
7361 87
4238 68
58559 85
262|12
708 60
539 61
457 70
322 64
339 60
85 70
26 66
17 67
213 51
273 51
593 74
728 61
263|20
223 79
150 77
500 68
2987 73
2953 52
110 82
4226 85
8370 81
1197 87
7458 71
708 69
1111 81
2125 76
6942 77
5013 79
163 74
457 80
8636 77
1967 80
2085 69
264|12
7841 74
1376 67
151 70
5816 71
1907 72
1320 61
1917 57
150 73
3578 77
1090 77
253 71
1876 59
265|20
3807 70
316 62
253 69
1302 67
724 58
1240 73
3504 78
230 63
3831 72
1956 74
3098 69
529 72
1270 75
3791 61
1177 79
2322 61
1488 62
2474 66
1198 79
1962 69
266|20
476 70
2812 70
2700 75
2278 70
24 63
2770 57
2702 61
64 46
1405 55
2580 78
1527 72
2167 64
457 77
1580 68
2300 78
1923 71
2094 64
132 63
2571 81
2097 59
267|12
2858 89
593 93
1175 90
3006 83
1302 79
3999 57
3113 66
1093 75
589 87
2571 91
923 88
3996 86
268|20
1641 70
587 66
1125 69
1911 52
2802 56
1036 73
1370 64
50 79
2064 74
1784 67
1912 73
1966 69
454 67
1234 75
2247 57
1394 74
2829 60
802 63
260 78
2858 75
269|6
724 66
743 52
95 65
1 84
63 64
648 75
270|8
661 59
62 63
79 49
628 63
14 62
1356 67
141 61
25 64
271|9
3897 70
32 71
2791 69
969 72
6787 72
2858 72
55765 69
1320 56
2288 69
272|7
177765 69
1240 74
51662 70
122922 71
49272 78
158238 70
6365 63
273|11
440 83
593 99
500 78
608 97
223 90
111 97
150 89
21 83
466 65
235 85
520 76
274|20
50147 70
2947 75
3037 84
1645 69
4951 68
2036 50
1359 53
35957 66
553 73
76293 60
3918 67
1503 47
45431 68
4816 70
54999 68
5667 70
4876 47
56805 68
1921 79
54004 70
275|20
1784 80
2289 87
5884 70
1171 77
357 78
1912 86
2539 69
235 79
4886 84
2572 78
2355 79
3253 79
1192 97
926 92
111 91
2100 69
3089 91
1393 78
1719 98
1392 74
276|9
673 74
356 106
466 71
104 88
631 76
648 89
2 89
1367 77
344 80
277|6
637 70
736 72
656 61
1 88
780 77
260 95
278|5
2371 69
1347 69
4002 80
318 95
2369 60
279|20
134130 75
1101 65
166528 75
90405 63
61132 68
79132 78
56782 84
97913 71
1608 64
4226 80
59315 72
88129 71
54286 71
1258 79
8665 72
58559 79
4993 79
8376 63
107406 67
1200 77
280|20
92535 96
344 68
262 85
3146 53
4239 83
4447 72
8638 84
919 84
72641 83
86817 57
8368 88
49530 81
6863 74
35836 77
55052 78
54503 86
4246 82
48516 93
1911 63
3916 81
281|5
46578 72
8361 55
35836 63
3897 70
3861 54
282|20
5995 89
3977 60
3263 67
25 78
6708 79
2683 70
4718 65
6711 90
5481 63
6863 73
5669 81
3752 70
588 81
80463 86
1921 87
1193 90
4369 66
48322 93
1194 82
784 60
283|7
1580 63
39 61
1704 74
356 75
586 57
2082 50
805 66
284|18
474 83
173 60
2 78
296 94
15 68
348 83
248 69
318 99
47 90
353 85
275 43
44 57
339 77
367 72
276 73
165 80
637 70
235 81
285|8
1193 81
949 76
1247 78
6978 58
113207 70
4447 64
441 76
296 82
286|20
454 74
778 83
5989 81
1333 78
165 73
500 68
7438 81
2294 65
4993 84
4995 82
7361 87
70 72
4980 63
1258 85
4963 78
1097 77
4848 82
539 71
377 72
110 82
287|20
3160 59
3578 62
223 60
2633 60
1059 58
586 48
3005 45
532 46
1193 65
2599 58
2028 63
1485 49
3826 39
2081 57
8949 59
2012 53
101 62
4034 63
2422 29
2115 57
288|20
4473 70
4966 70
1008 70
2867 68
42015 61
141 64
2571 77
13 62
53519 60
2407 60
5418 70
3916 68
2347 41
2528 59
30810 65
575 52
32587 73
587 65
2517 53
8361 57
289|24
3 70
16 70
235 70
266 70
594 70
708 70
750 70
1080 70
1101 70
1208 70
1220 70
1258 70
1917 70
2012 70
2174 70
2710 70
2797 70
4322 70
6125 70
6327 70
6453 70
7025 70
7028 70
26704 70
290|20
1228 89
1299 86
2494 78
2739 88
608 90
2130 79
908 91
341 70
1447 79
342 73
1056 71
1719 97
953 88
928 89
1394 87
2648 75
475 94
2731 87
1357 88
2385 49
291|7
40815 91
122892 86
106489 80
134853 94
7153 100
88125 92
1 94
292|20
520 62
103339 57
122900 70
4896 73
2291 73
474 70
85056 61
46972 62
95167 68
164909 73
3176 68
3476 68
1608 64
31221 41
1101 65
3985 65
3984 68
1017 66
69844 75
231 59
293|5
1682 60
1673 64
344 49
1617 65
1097 60
294|20
416 35
3869 60
1064 53
2794 47
610 59
2133 54
1391 50
3868 58
1129 56
520 53
3387 43
355 37
2378 51
3693 41
785 55
2193 57
2367 49
2458 48
348 60
3501 40
295|9
1221 83
3198 77
1287 79
1213 83
4351 66
1198 83
858 84
318 86
2329 82
296|6
160848 70
2028 85
169034 70
4144 84
50 89
2324 88
297|15
832 51
543 52
1645 53
111 62
454 54
1089 63
6 58
1249 63
1047 48
1370 52
1488 50
150 56
170 51
1092 49
866 63
298|20
57640 54
95510 46
6811 43
8370 55
8807 51
63131 49
6881 50
3785 41
122900 51
103042 46
6294 35
2167 46
2005 52
6006 43
653 43
55995 37
3018 50
69757 52
103772 47
3825 39
299|5
3793 81
1387 88
188 76
1198 91
1214 85
300|32
318 70
356 70
527 70
593 70
1172 70
1704 70
2028 70
2324 70
2329 70
2571 70
2762 70
2858 70
2959 70
4848 70
4973 70
5995 70
6016 70
6711 70
7361 70
8950 70
48394 70
56174 70
63082 70
79132 70
81591 70
92259 70
99114 70
109487 70
112183 70
112290 70
112552 70
112556 70
301|20
21 66
357 67
2490 65
6711 78
589 74
8949 71
837 64
3948 63
364 74
527 79
5989 74
4963 72
608 78
292 65
3578 75
3897 74
4226 78
3753 64
1393 67
1792 59
302|7
480 83
14 78
3 72
25 80
648 76
707 66
110 89
303|11
5378 62
3703 79
1127 73
5544 79
1196 83
3471 76
1580 70
1394 80
2683 65
920 74
1358 76
304|20
314 83
2571 90
2433 62
10 76
1376 76
480 82
1373 62
1777 76
1270 87
1517 77
151 80
356 90
208 63
474 80
1214 86
1375 74
640 59
1722 68
185 67
2701 50
305|20
74624 70
140627 70
87869 79
919 83
1197 92
106100 84
138210 77
788 60
7482 85
80590 62
103075 73
903 88
6537 67
93840 84
54736 81
592 73
2288 84
58803 78
55276 86
1272 90
306|20
5784 41
68954 76
69644 53
6377 75
95543 63
81847 72
111743 59
85367 69
168418 75
167018 65
72998 67
122904 74
69406 65
85788 47
4963 72
115664 65
134368 68
112852 76
161634 61
133419 65
307|20
2190 70
4181 70
31424 70
49314 70
5010 64
7845 51
3392 51
1220 64
6793 33
6483 17
2332 23
56003 45
1991 48
3273 44
4876 41
3421 63
1409 45
413 47
4447 55
52867 70
308|20
2959 55
45517 43
96821 51
72998 46
318 56
2 44
904 55
589 50
8961 49
56152 47
56367 50
5618 53
36 49
410 41
79132 53
4993 53
8464 48
1221 53
2248 48
6 50
309|20
2202 87
1645 68
898 86
1682 73
296 81
1089 82
1269 77
7153 80
6947 71
8340 71
1104 89
7218 70
25886 72
1219 78
8154 86
971 79
1944 76
6365 64
1262 81
2762 75
310|13
6863 67
6947 73
1101 68
6503 50
2524 76
2457 73
5899 75
733 71
246 86
3254 67
1223 87
1080 79
2671 72
311|6
6561 70
5992 47
1517 43
6461 48
1407 41
2706 42
312|20
5816 76
1375 70
3499 81
589 82
2454 69
1358 79
4878 83
4103 83
3793 77
2028 85
1371 64
4121 68
2366 76
2747 63
4105 78
5446 69
2699 60
2529 82
1350 80
1356 79
313|20
4980 60
170 66
3917 66
2455 69
5544 77
541 81
2193 68
2000 72
6 76
1968 74
1089 82
1301 74
1240 76
3175 69
4865 72
2005 73
2167 64
1375 66
2087 71
2530 57
314|20
7 53
1042 54
44 45
165 63
457 69
293 70
597 62
329 58
442 54
26 66
830 55
728 61
618 70
107 60
536 49
10 61
1376 61
153 52
208 51
150 66
315|7
1262 70
2729 64
2529 67
2067 71
2553 60
909 67
902 67
316|11
1748 70
253 65
3968 54
158 49
5445 65
3751 63
7438 71
6874 73
48 56
3882 50
2572 64
317|20
133115 70
73321 65
91529 76
74545 73
7445 68
1213 81
48774 76
4262 75
1884 78
5989 76
3578 77
4011 80
68358 75
1208 84
72011 71
3897 76
3499 76
96829 80
116797 76
56782 85
318|20
26713 70
81191 70
90245 70
111817 70
127180 70
145080 70
150696 70
7445 72
1090 82
116799 76
82459 81
48385 71
2294 66
64839 80
88125 78
109487 83
4021 102
33794 80
54286 76
89753 80
319|7
115617 86
6377 89
356 92
136864 49
1221 94
122904 86
110 89
320|5
72998 64
71535 67
31184 67
59315 67
1013 61
321|12
587 74
356 86
160 62
592 71
597 74
780 72
339 72
355 48
410 66
3 68
500 70
457 83
322|20
2882 35
1968 66
2542 71
58559 72
2788 72
2146 61
2617 55
2918 67
778 71
2599 66
4027 68
4993 72
1230 70
51540 66
1 68
1617 72
1923 64
4010 61
11 66
1035 69
323|20
377 61
480 64
356 71
1094 58
161 63
115569 71
1198 73
29 68
551 60
22 59
318 76
112183 59
253 63
111659 48
3257 51
260 72
150 65
329 57
342 58
266 59
324|5
2764 73
3972 71
3864 32
3949 69
3897 68
325|20
2848 70
235 70
2986 54
262 75
1573 66
2596 70
1584 71
1217 84
1676 66
4714 0
3770 47
3261 68
2894 70
2155 68
1279 78
1614 57
3994 69
2268 73
2915 68
5008 84
326|20
8665 79
47610 77
20 55
2858 85
86882 77
5418 79
4973 90
133771 82
48774 83
2324 88
1293 83
2692 84
72605 67
70159 56
54286 77
5446 70
6591 93
4226 87
105844 77
31410 81
327|10
3301 80
150 85
858 96
1923 82
51255 91
48516 96
1304 92
765 68
6888 48
2706 78
328|20
2687 57
112852 67
70286 66
1196 69
457 66
364 67
80463 67
3489 59
318 74
595 62
5349 60
2542 68
1219 67
35836 59
3751 59
79091 63
7153 70
596 59
2398 66
1148 70
329|5
130482 70
136850 70
858 53
1884 49
750 53
330|20
5378 60
316 64
1639 71
2918 76
919 76
3949 78
3535 76
5349 70
380 67
1676 66
2502 81
3703 77
1682 74
2683 64
1206 81
1721 68
2791 77
2081 73
8874 80
592 66
331|20
8874 80
6157 54
88125 75
6539 77
3897 78
4446 66
7361 84
50872 75
4995 80
4306 77
6874 80
5502 65
3911 73
608 82
4447 65
593 83
3751 69
8665 74
4367 59
2959 86
332|20
47 77
1653 78
1258 80
316 63
8983 71
431 72
97757 70
2291 73
1835 66
356 79
5502 63
4308 70
1203 82
1682 73
1249 80
76251 69
2905 92
318 85
2294 61
32 77
333|5
3785 49
3752 53
3616 53
3615 51
3646 36
334|20
55820 70
1196 74
1580 62
1291 74
3996 70
589 71
30810 63
4027 70
1 70
64957 63
1625 66
50601 46
44195 74
27416 65
6867 69
2997 72
293 72
480 67
5378 55
51935 69
335|6
780 68
592 68
356 82
296 84
2699 58
2001 65
336|12
1267 94
1 88
38798 71
33660 89
1784 82
2001 73
2268 85
293 91
1625 83
4886 88
50 96
150 85
337|16
318 108
47 98
16 96
805 90
1393 88
266 85
667 58
168 77
784 69
65 59
110 99
708 84
25 89
1356 94
277 77
786 76
338|8
189111 70
190207 70
190215 70
190219 70
7153 70
593 72
187541 51
185029 69
339|20
72641 81
5445 79
84152 85
96079 82
106072 72
69122 78
5617 86
41285 79
56869 70
48322 92
65216 83
91630 76
86504 87
91529 84
83613 64
4993 89
3470 90
102407 73
2028 88
5952 88
340|28
10 70
110 70
150 70
153 70
161 70
165 70
185 70
208 70
253 70
288 70
292 70
296 70
316 70
318 70
329 70
344 70
349 70
356 70
454 70
457 70
480 70
589 70
590 70
592 70
595 70
648 70
780 70
1356 70
341|11
2335 69
3624 68
130087 61
1370 74
135137 58
117529 69
5459 63
45672 64
1 83
47099 81
4025 64
342|14
2683 60
2598 52
2881 60
2369 52
1268 73
2605 58
2599 70
1198 79
3157 57
3826 47
2428 49
2827 42
3863 58
1959 70
343|12
858 89
3000 88
48394 79
4226 87
4878 84
3993 71
2571 86
1617 86
31658 85
55363 85
55820 82
296 87
344|14
111362 78
380 70
316 66
2628 64
4226 84
2571 83
4014 75
2012 70
4034 81
260 84
2541 68
4973 86
5418 76
2712 70
345|13
1019 78
2539 66
926 90
5902 86
8810 58
344 66
5707 65
2366 77
56949 70
3649 55
6658 68
3489 75
412 76
346|20
3174 66
778 77
608 79
6711 79
6286 76
306 80
7323 71
307 75
3535 73
1212 80
357 68
3949 76
714 73
7937 70
7396 74
5878 78
1120 69
1131 75
3627 74
7115 63
347|9
434 61
590 77
39 67
150 76
454 73
380 70
587 71
317 65
457 79
348|11
318 104
2324 99
4368 50
1213 99
6016 99
2959 103
6893 93
4973 101
1221 99
1960 89
2019 100
349|8
10 70
161 74
589 79
381 72
349 71
231 62
588 76
509 73
350|8
852 62
7 58
637 60
648 66
733 68
12 46
858 82
661 63
351|20
88932 70
87222 68
73344 79
52579 61
2231 78
88744 74
43836 57
79132 82
597 71
58559 83
12 48
8914 74
8950 79
63082 81
6214 79
90376 82
84152 79
480 75
4878 80
1193 84
352|20
72998 76
71745 58
1801 76
34319 71
2600 81
65682 74
1080 84
79695 66
110730 51
38038 83
130490 68
97752 77
1214 84
94864 68
41566 73
56587 74
44191 84
114935 82
59315 80
47610 79
353|18
552 65
25 75
267 62
216 73
367 66
288 68
144 68
186 58
333 77
266 71
112 68
198 71
234 50
145 65
293 83
158 57
163 75
296 87
354|20
1610 79
4306 80
2692 83
3147 84
47 82
903 84
733 73
3977 57
1225 86
35836 72
648 71
44191 81
8665 77
1917 61
7147 80
1923 75
589 81
2959 89
4718 62
1196 85
355|6
316 73
1580 77
3035 94
3175 79
317 72
916 95
356|20
2248 81
52435 91
52975 79
7122 70
44889 70
1641 81
2706 75
4011 90
802 73
7323 80
2502 89
56367 84
1223 95
55118 91
3949 86
3996 85
1246 86
1466 81
223 83
7153 90
357|20
4354 70
8998 70
27329 70
2804 84
595 78
529 82
4663 51
4091 70
1224 84
1242 87
34 76
208 61
58559 88
6296 80
30793 67
1042 65
2100 66
551 74
471 74
2067 89
358|9
26095 70
605 58
5066 67
52328 76
2226 70
42728 69
7361 86
69844 78
36525 53
359|15
405 46
1092 61
1101 64
51412 54
648 65
296 79
1097 71
2396 72
2424 60
593 80
2701 43
2942 52
1682 71
2530 55
4995 76
360|5
1422 51
1620 63
1488 66
1711 63
1414 59
361|20
47099 67
1580 61
377 62
1552 53
49272 72
1263 69
53125 60
589 68
49822 60
8360 64
318 76
2529 68
5218 64
6188 63
2422 32
3082 58
1732 71
1370 61
46972 56
7458 61
362|20
1945 92
592 74
6539 86
51540 84
5989 87
637 68
70 77
7153 92
1252 94
44665 85
407 87
6874 90
2959 96
1196 91
1208 96
8961 85
48516 93
7438 87
356 91
1201 93
363|6
1552 51
1732 69
1517 60
296 72
653 53
318 75
364|5
858 96
9 68
783 75
376 68
1 87
365|20
59315 58
81229 54
128975 45
6874 62
90345 55
158872 51
129354 44
103075 52
135536 46
70286 61
112852 63
76077 54
112818 55
1777 53
6502 61
155820 25
541 62
95720 46
93270 35
135569 56
366|7
116797 80
59315 76
33794 79
91529 80
2028 83
122882 79
7438 80
367|20
926 96
3061 81
1270 91
1287 91
486 60
3536 77
3824 59
2384 67
3072 85
898 101
3618 81
3225 55
2248 85
3157 70
3969 83
3717 73
1259 92
4023 71
1196 94
1258 94
368|20
3753 59
2112 51
1944 67
2986 47
3869 63
1214 67
2947 65
415 45
3035 72
832 58
50 73
2819 65
1801 61
2490 60
1917 51
1391 53
2193 60
225 59
161 63
2881 55
369|20
1256 72
785 62
47 74
2706 64
839 55
377 66
52973 68
743 45
4214 53
5418 70
3863 58
1372 62
27904 69
60069 74
2857 56
1967 73
150 70
2011 65
1580 65
3174 64
370|19
4011 78
4878 75
8961 73
6377 76
2628 59
1748 74
2116 63
589 74
2329 79
7438 74
3977 52
1676 64
593 79
4973 81
4226 79
1240 73
1089 80
8636 71
2716 72
371|9
2571 98
112512 70
1258 98
4090 86
56715 103
3000 100
4226 99
4993 99
1748 94
372|20
335 70
924 74
318 82
1603 46
1479 62
589 74
81 59
387 46
616 68
337 69
1220 71
1201 79
165 67
1243 78
1258 77
377 67
1401 68
450 54
1206 77
1306 58
373|20
216 65
60 62
169 40
350 63
585 51
44 47
371 64
163 67
616 67
198 63
265 69
25 67
6 72
733 66
47 74
2 64
736 58
305 49
357 66
141 64
374|7
296 84
208 58
1219 80
480 75
592 68
1258 83
1339 69
375|7
344 68
1027 67
32 87
2628 69
3256 77
4226 91
500 73
376|20
91535 68
2002 64
1214 85
1101 74
2916 79
33794 84
1198 92
349 76
1371 67
376 66
1240 84
1375 73
4993 90
858 93
457 85
4226 90
5952 88
344 67
2763 81
2797 80
377|20
4942 70
2793 50
1262 95
2791 89
748 73
1345 82
5027 61
5113 74
27692 70
3421 86
6021 70
3364 83
2072 66
8641 85
2163 46
92760 70
2858 92
1503 55
2124 76
2015 78
378|10
33794 78
7153 83
48516 85
3114 76
858 85
68954 80
91529 79
71535 75
90600 73
364 79
379|8
318 86
377 70
19 53
292 68
480 74
367 63
597 69
344 61
380|20
60818 70
172875 70
172881 70
172887 70
355 51
6979 77
5476 33
2735 61
68194 83
63433 72
72356 94
105731 47
1833 66
551 78
6731 82
27831 85
1665 65
393 55
140956 79
2791 87
381|20
2085 68
1088 69
3253 73
185 61
317 65
27808 66
1240 78
19 55
3753 70
4321 68
72011 74
3082 67
333 75
2140 74
1385 57
2273 65
1208 88
457 79
104 69
2716 77
382|20
1204 97
142372 48
135532 80
1201 95
112171 82
1198 94
912 95
81847 87
4638 65
63540 37
1681 62
170289 70
103042 73
72737 82
2496 73
357 80
81537 65
59501 77
101362 59
4890 69
383|7
2436 80
2541 70
2496 68
1584 77
2558 47
1246 83
903 85
384|14
3527 68
1388 55
2683 59
2502 75
4333 45
3098 67
4396 54
457 72
358 50
968 69
2724 51
296 77
3991 47
1204 80
385|20
736 59
1080 74
249 73
1219 74
1036 72
1136 77
282 60
1073 71
1200 75
1228 76
1022 66
1007 54
1201 79
1246 74
344 57
589 73
1023 64
1287 74
594 67
1303 78
386|14
110 63
410 50
112 52
165 56
223 61
648 55
185 48
608 66
485 49
305 42
44 40
585 44
349 56
10 55
387|20
4393 70
5156 70
5780 70
7336 70
26124 70
40966 70
2712 64
5062 66
1247 74
5489 70
4195 65
7132 75
2946 62
1387 74
3000 77
51939 53
4995 74
912 78
7938 70
1783 54
388|6
6158 70
63239 70
33615 62
86298 56
62999 66
8360 68
389|7
17 92
140 79
628 87
762 64
743 59
95 74
32 97
390|17
6344 70
64957 71
4239 76
5220 52
1193 84
2571 83
9010 79
2291 76
5296 55
4226 84
7254 73
6377 80
63062 79
1206 82
2329 84
4014 75
1784 73
391|20
5575 70
500 66
3994 70
1213 84
516 66
199 80
4027 78
150 75
1408 77
4014 74
1527 73
1059 74
2916 73
4973 86
357 71
555 76
5026 83
4936 69
1210 82
3067 71
392|5
3004 51
2858 77
707 57
1198 80
1125 71
393|20
91658 71
102125 71
48394 75
36517 75
8636 75
110102 76
44199 75
5388 67
54259 72
4848 80
5669 74
1291 82
68848 72
86190 69
2571 82
1206 81
122892 71
106642 88
1625 73
106489 66
394|5
588 61
316 53
344 50
225 56
457 64
395|13
329 59
1025 66
296 74
160 52
208 52
173 48
485 55
355 41
520 58
595 66
126 40
48 56
367 57
396|6
1276 77
1597 57
1777 63
44 46
204 45
2081 67
397|5
4017 73
8645 79
1701 73
8228 73
6993 82
398|10
6408 70
1197 91
5971 87
7022 85
1198 91
60069 86
2455 76
1136 90
48516 91
82459 85
399|8
1198 86
110 81
5445 74
1196 84
593 85
480 76
1270 81
2194 80
400|9
608 93
356 92
2571 93
2959 98
7153 93
1221 95
3578 90
858 96
59615 67
401|15
5952 77
6297 68
55768 61
48982 69
166461 71
49274 49
50872 73
32031 58
79091 71
170939 70
38038 74
8360 70
3114 73
33615 63
1136 80
402|10
1084 89
597 78
52 78
329 73
296 92
586 69
315 64
1036 86
434 67
527 93
403|7
110 80
2427 65
3210 71
296 84
61465 56
1663 76
180 69
404|12
204 47
349 66
474 69
34 68
364 75
508 70
105 64
593 79
509 68
277 58
315 54
185 58
405|20
70708 70
293 85
7254 77
37731 77
2959 92
345 78
1213 90
7134 70
64614 84
6023 66
1241 85
2329 89
1247 85
3052 77
68237 86
1199 90
27592 81
27664 67
3418 77
1215 88
406|5
1586 50
135 51
56949 58
46972 57
724 54
407|5
7153 82
2959 86
6539 77
1240 77
54286 73
408|20
1198 97
122904 89
44840 72
165101 72
6618 88
1291 94
1210 95
89745 91
1278 95
7324 77
44 58
8641 86
115210 87
103596 40
68554 77
2571 95
109487 92
63131 81
80489 89
4649 84
409|20
2485 61
2490 74
2028 87
3812 75
1278 88
2997 86
296 90
1078 71
3016 68
1073 82
2683 69
2289 84
3846 71
912 91
2013 66
1911 60
2352 80
1230 86
2541 71
3174 74
410|20
389 70
3224 98
318 93
2302 69
4002 79
1060 79
4297 74
3263 66
1859 71
111 88
58 87
2145 73
3255 75
2321 74
3504 88
3948 72
11 80
4019 81
3 69
597 75
411|20
508 72
261 73
586 60
432 51
353 73
431 71
194 67
318 85
272 74
515 72
356 79
266 67
257 67
349 68
10 67
31 62
344 60
227 55
455 47
122 51
412|20
2828 21
2384 61
2915 73
903 84
608 86
2720 43
2858 84
1883 65
1307 80
1214 81
1784 75
2239 98
1 80
930 89
1136 87
2710 57
915 78
2398 82
17 78
1079 84
413|12
2706 83
1198 101
3753 82
2424 76
593 100
128360 91
4993 99
16 93
5574 83
3948 80
64957 84
2959 104
414|20
4458 70
4666 70
5285 70
5635 70
6033 70
6493 70
6563 70
6628 70
6797 70
48319 70
58879 70
169992 70
3802 45
3599 70
1600 73
8666 28
4975 71
7444 65
4081 39
177593 96
415|19
296 89
1213 89
4321 71
3507 86
4308 76
47 85
1021 54
111 88
2617 66
1276 90
3861 65
4369 64
99114 85
1221 89
63082 86
1234 85
45722 75
1197 90
175 87
416|11
5952 62
5951 42
531 50
1296 60
1199 65
1721 53
830 47
1206 63
7323 57
4848 62
3677 64
417|14
778 91
4995 91
4975 78
7254 81
1198 95
106782 90
27773 89
168250 83
1625 82
7153 93
74458 90
110102 86
48394 84
4878 90
418|19
356 84
296 86
63082 83
104374 83
1276 87
1136 85
117176 78
1573 69
137337 82
1682 77
5816 75
88125 78
74458 82
367 65
89745 81
45672 62
87869 74
7361 87
54001 80
419|20
4093 70
111 85
46976 78
27822 54
2858 83
319 75
6287 63
3578 82
1213 87
64969 75
47 82
79592 67
34319 68
89580 70
60756 72
27704 70
90943 70
2412 43
1240 80
52245 65
420|20
1161 85
4993 85
45499 70
923 82
26693 70
48385 70
1927 89
5608 81
2052 57
6934 65
7022 82
3979 53
59295 70
2329 86
54259 75
1131 81
2762 80
4973 89
5669 77
527 87
421|8
2858 85
909 83
5008 91
953 85
1178 92
2313 80
2478 66
1203 89
422|19
2539 61
2710 54
4947 0
4971 62
5039 75
4925 70
2581 59
4916 59
1265 75
2804 77
3053 76
2665 70
1283 84
4835 69
2908 75
3943 57
1213 82
2670 77
858 83
423|5
1653 82
110 82
2194 80
5349 73
1320 65
424|20
1193 83
141 68
2804 78
40278 73
608 82
108729 68
293 80
69122 73
1092 64
54503 78
58559 82
3186 70
66097 75
778 80
5679 66
3176 70
2288 77
2174 71
71668 72
112556 76
425|20
45517 65
377 69
2329 81
733 69
6 75
1645 69
8368 78
2081 72
4306 76
1680 72
1909 67
367 62
46723 69
1625 71
1036 76
4901 67
750 84
2353 66
1342 54
145 61
426|18
59784 69
150 74
471 69
337 72
54001 78
1197 83
6378 73
72641 74
4886 76
8644 67
37729 72
597 69
5444 75
91325 42
588 74
3247 58
4022 72
79091 73
427|17
4887 52
5463 48
5015 64
110 75
58 77
5528 67
6348 47
5312 49
2710 52
5696 46
4993 77
5266 58
2683 61
5400 56
5816 69
1208 81
5574 65
428|20
2471 41
2762 61
3827 46
1089 67
2953 40
2916 58
1380 52
1997 61
3440 32
4022 58
317 51
4255 37
1208 69
1391 49
6377 63
2581 48
260 66
3285 47
588 59
653 48
429|12
339 83
421 76
150 91
225 83
165 86
266 83
329 80
252 81
279 66
317 78
237 77
204 60
430|12
923 83
2987 75
3745 72
6287 63
2858 84
6365 70
2571 86
4447 68
4014 78
329 68
2076 81
4446 70
431|5
172 42
1625 57
1376 54
3948 52
802 53
432|20
1831 49
5630 69
6870 75
8640 60
6539 79
3916 75
5989 80
84189 70
110 80
35836 71
4886 78
2762 78
1206 83
49272 83
19 54
318 89
58559 84
69481 81
7158 75
33660 80
433|5
91529 72
1089 77
50 78
5299 58
110 73
434|20
1136 86
3147 84
1090 82
1265 80
5989 81
1101 70
1779 59
586 64
344 63
3863 64
1208 89
3160 78
589 81
780 69
6796 78
2791 80
4226 86
2194 81
8665 77
1291 84
435|9
2353 76
44191 89
485 69
3510 77
34405 89
2302 73
158 62
82459 88
48780 90
436|20
204 48
435 47
440 68
432 50
161 71
480 72
377 68
531 63
536 53
502 46
364 77
235 70
371 67
344 60
2 67
585 54
450 56
587 68
437 48
227 55
437|20
748 68
318 93
5 63
640 57
1299 84
1120 76
1396 75
1246 84
454 76
1171 74
1225 89
1183 77
1097 80
1307 82
1268 83
592 71
198 72
155 46
112 69
246 91
438|20
7154 61
2501 76
8966 63
27801 80
1527 75
6711 84
3898 29
1784 74
8644 70
6367 64
2424 65
3889 48
223 78
1517 71
7361 86
2641 61
5009 64
2617 64
3753 70
2393 66
439|5
356 83
4022 75
7153 84
78499 83
1240 79
440|7
8690 70
541 84
29 80
1653 82
1274 82
3174 70
1235 85
441|9
589 91
2683 75
2959 101
4306 91
260 97
296 97
51255 94
47 93
68358 91
442|5
2908 27
2881 22
1186 26
3752 22
4361 26
443|8
2329 90
79132 89
296 91
48394 82
106487 77
108190 61
7153 90
63082 88
444|9
356 85
592 70
208 60
21 73
111 86
110 83
235 75
296 87
344 64
445|16
2028 81
590 75
34405 78
47 79
116897 81
780 67
4011 82
899 81
593 83
33794 77
1080 78
45722 70
17 75
1230 80
306 83
2710 55
446|17
237 57
339 62
300 62
296 76
480 67
368 63
288 59
172 49
17 68
16 71
357 65
150 68
434 55
153 53
648 62
593 76
337 66
447|16
257 77
293 89
337 82
531 73
382 65
589 88
552 70
253 81
362 79
532 66
292 77
31 72
474 82
540 59
442 69
160 65
448|373
2368 70
3284 70
3933 70
6302 70
6476 70
7245 70
48262 70
49688 70
75803 70
75816 70
78116 70
79590 70
86593 70
92198 70
98908 70
100326 70
102819 70
104760 70
108715 70
109191 70
111680 70
113416 70
116207 70
116985 70
129657 70
130083 70
133377 70
136654 70
138546 70
142424 70
151777 70
152658 70
157130 70
158022 70
161290 70
164375 70
53996 63
136778 70
5418 70
288 60
88356 38
2580 74
155358 70
2889 73
4034 75
148888 50
81156 74
2713 49
103335 66
95441 56
34048 59
80126 66
3057 70
1057 64
2794 52
33830 0
8665 69
6059 63
110553 48
90374 71
151501 70
3764 44
6143 66
103819 28
4361 70
104913 68
3986 52
5528 66
1196 76
105351 50
83349 56
3276 70
1090 74
5349 65
587 65
106330 35
4677 62
95508 70
109895 34
110611 70
671 64
2289 73
152077 69
80693 60
111360 53
170 63
87444 61
94323 54
8493 54
3671 72
91653 63
4981 70
2991 67
78034 70
119145 71
5099 46
4299 61
2567 55
6996 26
109864 28
6582 52
73017 70
370 57
543 65
115617 71
590 71
154065 70
5553 58
41569 60
3286 33
6645 74
589 74
1920 53
2857 56
111663 59
78499 75
2657 63
6537 56
1148 78
46974 52
48516 78
80241 62
445 56
4262 73
3689 28
114935 72
6428 64
127194 70
109673 51
127096 70
89388 70
4156 70
3793 67
33679 60
2014 54
64285 75
3968 56
49530 67
3450 58
160563 60
5502 60
8169 68
6314 36
122490 70
3386 69
140725 64
4896 68
2642 43
127136 68
2763 69
2520 70
457 74
48783 68
3263 57
5400 55
5541 57
4011 77
58351 70
127132 70
152091 62
3698 62
435 45
4799 55
84152 73
3401 48
2858 76
3174 64
7076 70
106542 70
6218 61
2860 48
1283 81
3618 66
2616 56
90439 69
2404 40
4660 70
2530 54
26386 70
4327 68
3030 82
71464 62
32 73
91529 71
4158 49
99114 75
98585 64
93326 48
2268 70
80489 73
130576 44
105504 75
2791 72
50601 47
7007 68
4234 59
3623 50
80727 0
78467 32
8641 67
4128 69
106782 75
2537 43
112138 65
3247 55
112818 66
2027 37
3101 60
5779 70
82202 49
1704 75
98296 70
6863 61
89305 60
4203 64
1201 79
6212 36
637 58
84954 59
6814 70
94864 58
67695 56
159077 70
92439 68
6812 36
3156 51
802 63
118354 70
134130 71
138036 66
65135 70
52975 66
4368 39
90717 63
45722 64
79259 70
68157 75
4233 35
74458 74
3258 55
1262 78
3949 73
101025 47
69526 45
1831 43
1083 58
1884 74
1476 66
156609 49
3755 59
111659 51
4734 59
161 68
95201 70
135887 63
2598 51
87232 68
4634 0
5334 46
5459 54
146730 70
72694 70
157432 70
132488 70
4558 49
1375 62
6424 70
71518 64
2716 71
94780 52
3593 24
129354 52
158 51
1409 50
6514 70
2881 59
51662 67
90522 58
68554 61
2126 50
122932 70
93510 69
137857 70
125916 0
2953 47
2090 64
1760 25
480 70
58803 67
2109 64
50792 37
46062 26
85510 60
80864 70
112171 68
122900 67
2587 53
1527 68
117529 58
4993 76
92264 51
5247 46
533 55
912 80
26464 70
2249 62
4678 64
103772 63
114601 63
96861 62
420 50
59615 54
2349 72
109372 0
95207 53
348 69
19 50
136020 58
4502 34
91094 56
138208 59
3511 35
79428 65
2643 34
109183 70
2139 69
4212 70
5942 56
96417 60
112852 73
99728 65
89470 66
142448 62
64983 59
2640 70
2046 60
4881 74
3882 50
3744 53
1032 66
116799 68
5 56
4040 43
157407 70
2115 68
1617 77
4367 53
105254 65
3388 46
3760 71
2146 65
2968 71
6281 60
466 51
96448 46
86332 64
64969 68
115170 70
1036 73
3397 67
2474 65
1408 72
155743 70
106920 74
8542 69
120466 64
2051 31
7143 70
7150 53
89087 53
34150 51
2253 46
2973 75
449|8
1917 55
2502 76
4034 75
1222 77
2770 55
762 49
2011 65
2324 78
450|11
3977 60
589 86
110 88
3363 86
3535 84
3948 74
3409 64
1035 87
3568 70
358 61
1259 88
451|7
733 78
593 92
7 66
5 66
494 79
25 79
17 82
452|20
4025 76
2858 102
2617 79
5292 105
1206 104
1676 86
3219 78
47 101
3101 82
163 92
1092 82
1917 75
2126 67
1356 96
552 80
2628 80
1200 102
608 105
2707 87
3273 66
453|20
208 65
858 95
2335 73
4022 83
3618 80
1617 92
3452 71
1357 91
112 74
2671 81
1884 90
1894 63
2294 71
318 98
1614 66
3534 73
2959 97
798 61
5266 69
780 76
454|9
7361 79
2692 75
7116 29
55820 73
6016 78
27773 74
2160 78
2858 75
26131 83
455|12
272 77
432 52
367 64
590 76
253 73
364 80
555 76
252 67
110 80
225 69
588 75
597 71
456|9
1407 77
634 49
135 68
5 70
724 71
780 79
733 83
260 97
706 70
457|10
329 67
3593 26
2692 83
1356 78
223 79
2394 72
2701 47
3608 66
733 73
2094 67
458|12
597 82
185 71
10 80
380 81
95 70
454 84
300 80
595 86
153 69
587 82
150 88
552 73
459|6
79132 92
5618 93
8961 87
48780 90
50872 86
260 94
460|17
89039 70
4886 85
4703 93
3831 85
1441 79
4878 88
3483 70
8970 81
1 86
49272 90
40815 83
85414 77
68237 89
76093 87
47610 81
63082 89
2571 91
461|6
74458 61
2762 59
1036 60
91500 53
3578 61
539 53
462|20
26838 70
89090 70
164655 70
188189 70
1136 75
1219 72
158966 83
1248 82
508 67
1653 73
1674 67
8917 61
8620 7
3424 73
2146 63
7044 71
3814 81
1213 76
82857 70
26131 81
463|7
6377 85
2028 87
4310 64
3753 73
2006 66
1092 69
5995 87
464|20
1370 74
58025 64
63853 54
296 89
2019 90
3527 79
5254 70
7007 78
1101 73
1779 61
377 75
1653 86
55820 83
648 73
33493 77
1610 81
65088 76
74727 77
1617 88
62374 75
465|20
2941 86
2987 79
1200 89
3448 82
5060 87
1299 88
3703 86
3649 57
1625 81
292 77
904 95
3101 72
1754 79
750 96
1256 86
593 93
3732 76
3740 89
3334 92
377 78
466|20
5418 80
30793 66
79091 79
92259 90
5989 83
5459 64
318 93
63082 85
59784 74
5010 81
74458 85
6281 70
5952 86
8529 72
64716 87
68954 85
4993 87
45447 67
81845 86
55247 83
467|22
41 70
58 70
389 70
466 70
527 70
593 70
780 70
1183 70
1233 70
1357 70
1365 70
1408 70
1721 70
2028 70
2125 70
2324 70
2334 70
2384 70
2390 70
2393 70
2394 70
2493 70
468|7
592 66
349 69
1 76
317 63
296 82
32 78
165 70
469|20
3658 70
3832 70
3507 81
3032 82
2736 76
2132 87
1958 78
910 81
1090 80
1485 62
1388 60
2321 70
1234 81
2081 74
1193 84
36 77
2908 78
909 79
2023 70
3255 71
470|16
253 74
318 88
110 81
588 76
282 66
5 61
597 71
32 80
595 75
592 68
500 68
26 75
356 83
357 72
434 62
300 69
471|6
2571 78
8874 77
527 79
1 74
8360 69
7147 73
472|6
58559 88
3450 67
3298 78
2840 59
1221 89
858 91
473|8
4979 74
2959 86
60 66
7147 77
6281 65
3897 78
48322 85
2596 71
474|422
638 70
2179 70
2697 70
4046 70
5114 70
5311 70
5353 70
5455 70
5601 70
6201 70
6273 70
6382 70
6407 70
6592 70
6912 70
7702 70
7826 70
7832 70
7839 70
8057 70
8446 70
8458 70
8459 70
8611 70
8650 70
8774 70
8938 70
1466 72
6708 69
2940 74
2616 58
2334 57
7139 75
4218 70
371 66
750 83
2935 71
8645 77
5481 56
6370 82
25865 70
2553 68
912 81
2467 74
5548 65
7301 81
52967 67
5945 62
480 70
1983 47
3462 70
1068 70
8600 69
6650 0
8482 70
6791 83
4016 72
1784 70
3668 73
3977 52
8961 74
4160 83
30820 64
6984 70
2750 66
5034 52
7716 70
2612 70
4419 72
1300 78
4187 71
1187 66
6565 74
272 74
5440 70
25937 63
1099 60
3125 70
5826 70
5649 70
7256 77
4912 73
6016 81
1208 84
2083 74
3385 59
2310 69
3360 73
3163 75
1413 69
4081 37
1643 69
968 72
2116 64
26965 70
5954 74
1263 77
5116 70
3536 64
8778 0
63433 62
2952 69
318 84
3394 52
1200 76
3384 83
4356 79
932 86
7698 71
516 63
4873 73
48385 66
39869 79
1902 70
2641 58
7036 62
2181 70
4638 55
31116 80
2455 67
2146 67
628 68
3897 76
1030 47
4022 71
344 58
3196 77
92 47
237 60
6770 66
3259 60
3368 61
26151 67
1293 76
34072 69
3044 70
1639 69
5944 58
6539 74
477 65
7361 82
55687 70
58 78
4014 72
3467 73
8154 86
4191 61
2134 63
4644 65
4293 58
5013 74
1399 59
1196 79
2918 74
5899 72
4465 66
100 56
361 58
3341 79
8921 70
195 60
3789 70
4709 62
1588 59
3468 83
4678 66
2723 65
2118 74
1939 84
7019 47
3147 79
1792 60
33903 76
1682 73
41566 66
1693 66
1957 74
5021 67
2313 74
3870 70
948 79
47099 73
3447 71
6614 62
216 67
5619 66
3987 39
5060 76
3111 84
45950 71
32584 59
5525 70
2567 57
5956 68
7 57
1172 80
3217 64
8331 70
587 66
5238 63
1189 78
2416 61
832 64
3095 78
7386 72
1223 84
7058 70
5246 35
5418 72
27803 81
26 72
4002 72
1135 63
45 65
6945 73
2411 53
2520 70
7347 69
5375 70
5673 74
3039 72
7833 70
33781 0
720 84
2103 52
33154 77
608 80
1327 51
101 77
7061 70
5451 58
5682 58
5434 71
6609 70
31658 79
4578 35
2009 67
4704 70
7572 70
4929 48
3306 72
6334 61
5379 76
5437 61
42418 58
4128 71
7451 72
2786 34
2243 66
27846 78
6197 60
3264 48
3608 62
5603 71
6124 60
1222 79
1663 73
3566 51
3755 61
2628 60
4815 56
2089 65
7102 52
27706 63
7013 79
1348 68
45666 47
5755 39
4055 73
2058 64
4462 19
1544 54
2405 56
4998 70
273 54
1977 50
1732 78
7822 70
7073 70
41527 68
4787 69
1676 64
3708 58
6669 69
317 61
25940 70
971 78
7366 57
3115 75
7026 51
2710 54
50685 76
2114 72
3809 65
3516 63
2770 57
535 72
4878 77
5992 73
41997 73
1083 60
4487 62
7293 69
1016 57
2006 59
1007 56
4993 80
3412 70
5007 70
3929 55
6639 58
8712 70
1876 58
3546 70
34359 70
7579 50
7325 65
6837 70
2634 51
7753 64
8943 19
8385 70
4308 70
3246 77
3745 66
1148 80
42002 60
50740 71
3952 60
1927 83
7581 62
910 78
3948 64
54881 78
1284 82
4007 72
5341 67
3675 78
52975 69
6244 67
965 73
454 67
1247 77
7215 66
1282 73
8207 80
6242 65
6502 77
4509 67
3528 71
2391 73
4262 75
4039 60
42018 10
3271 73
976 70
48394 73
5384 70
5168 70
1358 73
6534 50
8773 70
2384 57
48780 77
1269 77
4600 68
2642 45
111 80
933 83
3578 76
5297 38
944 73
6020 70
2123 56
748 61
4896 72
5380 77
53953 63
3712 0
25996 70
1997 74
4464 73
4085 66
51540 73
2707 66
2069 72
6710 73
1488 64
6378 71
928 79
3038 85
7116 31
44511 70
594 69
1962 69
421 60
4316 29
2761 76
4823 60
892 71
1345 69
5294 72
1408 73
6579 71
3272 68
3421 72
3844 69
6787 78
37736 67
2249 64
1610 74
2468 47
3498 69
4902 76
6268 68
5225 75
5404 71
929 70
25999 70
7835 70
805 69
4126 63
475|20
6539 96
4993 101
87232 93
40815 92
5816 90
8644 84
81564 90
4701 80
81834 97
6564 61
68791 83
111759 96
7153 102
1527 90
71530 71
4896 93
106487 87
112852 99
3578 98
82461 79
476|14
594 78
34 78
380 75
158 60
153 64
586 67
440 76
364 86
378 65
357 77
224 77
165 77
296 90
11 82
477|20
34 75
913 87
3100 83
2105 70
1271 76
1207 88
70687 21
2174 76
45672 64
4571 77
3973 49
4226 88
1103 88
5291 81
348 79
3593 26
1 82
1274 86
6502 85
59615 63
478|5
1917 48
3114 61
594 58
1584 59
1101 55
479|20
5365 70
4488 70
524 68
1025 75
3707 54
1220 76
4010 69
3244 75
3526 73
4092 51
1968 76
4700 65
4003 70
3671 77
2671 72
341 70
2012 69
2542 80
454 71
2384 59
480|20
43914 70
2700 73
8533 68
2193 66
2797 70
3484 50
2571 78
1210 77
2596 67
8866 58
47610 70
6306 81
5379 75
2018 66
7153 78
3911 70
44191 74
38061 78
5673 72
380 64
481|7
1608 54
1687 53
1629 48
1729 58
1620 51
1597 51
1485 51
482|20
2068 78
8985 60
1036 82
474 77
1042 64
4389 82
780 72
27706 69
3211 75
1610 80
4367 62
1374 79
1220 80
1602 47
653 64
592 71
30812 75
4862 50
8361 64
8529 71
483|20
105325 70
783 68
2541 69
2959 90
109971 70
45722 73
1199 87
50872 79
2000 76
4306 80
69757 77
2683 67
2273 66
1588 63
109487 83
66934 80
1721 71
2328 58
68522 70
8972 71
484|20
93320 70
1438 60
6155 75
6944 76
2706 76
33166 86
6874 90
3697 66
1059 82
76293 69
919 85
2762 85
1821 61
837 75
5810 75
1753 81
3254 75
4718 67
2413 79
3646 48
485|5
588 83
161 81
253 80
292 76
231 67
486|12
653 70
47 91
110 92
153 68
474 84
95 69
288 74
329 76
161 85
318 101
292 80
6 89
487|12
27611 59
8961 61
318 69
1198 66
31658 64
1197 67
6539 61
5445 58
116797 62
4027 62
8874 64
86377 70
488|20
720 86
838 75
608 81
1223 86
26 74
5135 79
2109 68
7720 59
7303 82
4014 73
5995 81
457 77
105 68
1136 82
272 76
1269 78
3176 69
1278 81
1125 73
910 79
489|20
79536 70
86000 70
4848 72
736 56
8387 8
4700 58
45666 43
4720 67
2683 58
2021 64
2389 36
1619 60
950 74
58559 74
2236 54
2167 58
1616 55
247 73
376 54
2717 53
490|20
46578 69
89492 66
81591 62
91077 69
60074 52
5816 63
4144 70
54001 67
1 67
1784 63
7153 71
4993 71
89759 64
86320 62
60128 57
76251 62
8368 68
69122 62
2006 53
78499 70
491|13
106782 95
69757 89
7293 86
27808 78
4246 89
3948 80
104374 97
86833 88
140110 83
8529 81
180231 70
4306 92
88405 73
492|20
736 78
784 69
628 87
858 105
852 79
64 58
990 54
830 76
743 60
62 88
52 87
1499 48
66 57
1210 101
881 52
1474 51
1405 70
724 76
1047 79
65 58
493|13
2985 66
4444 65
2916 71
1275 76
2571 80
1527 71
2028 79
3793 72
2167 63
1215 81
4701 63
2924 83
260 81
494|5
1196 89
4498 65
3578 86
2028 88
1210 89
495|20
140523 70
115149 87
1259 90
1721 77
136562 77
80489 87
19 61
50872 86
231 68
102123 74
52319 83
7254 81
7360 88
8528 85
1645 79
46578 91
30810 79
2918 87
148626 90
56775 73
496|6
1221 77
99149 66
858 78
904 79
8865 51
114713 57
497|11
1193 72
112556 66
112290 68
1916 66
92259 73
2329 72
112552 71
1258 71
2762 66
5349 61
111362 66
498|7
344 71
231 70
648 79
10 80
300 79
356 94
316 75
499|6
1202 75
2337 67
38304 87
327 61
56286 72
1304 85
500|18
2599 66
2987 64
543 62
2700 68
2542 72
1265 69
2916 65
356 73
3301 63
1784 65
1914 58
595 66
2355 63
3536 60
1885 58
322 64
838 68
720 78
501|9
6 72
62 67
93 52
45 64
3 61
637 58
11 70
18 69
662 59
502|7
7236 75
1077 76
4412 20
3469 70
2001 64
2520 70
1777 69
503|19
7455 70
7361 77
4878 73
356 74
91500 62
593 77
527 77
858 78
4226 76
1259 73
1342 51
2877 53
92509 60
90866 69
500 60
441 71
48516 77
2858 74
48394 68
504|18
4995 85
5812 81
2321 74
1 82
3556 78
7153 87
6708 77
1288 88
6927 70
4033 82
4700 68
6565 81
342 71
3408 75
6879 74
4361 80
5952 86
5955 76
505|7
1241 89
4105 84
1029 75
74685 82
273 64
6502 89
54999 78
506|9
59258 60
54272 67
37741 73
56782 80
62293 71
51834 57
49286 63
112556 69
61024 67
507|5
165 65
266 63
253 67
377 65
593 77
508|5
2872 43
2011 41
1952 47
1175 47
898 52
509|20
26958 70
130073 70
2028 75
87232 70
33830 0
5313 47
48 58
2090 64
2080 62
6942 70
8907 46
6156 58
5816 68
39 62
3988 56
6807 73
7458 65
1196 76
45447 58
616 66
510|20
1882 33
7026 41
35836 54
494 56
1198 65
514 55
457 61
2935 58
858 66
2699 45
317 50
8949 59
2918 60
145 48
1262 64
6787 62
1208 67
372 45
1242 63
40819 60
511|11
2959 95
53953 71
115149 84
164179 85
6534 58
99114 88
92259 93
318 96
2324 92
1653 88
56757 82
512|10
480 77
150 78
349 73
47 83
350 71
442 64
457 82
50 88
317 67
593 87
513|7
5952 82
318 88
2174 72
235 73
1304 82
1220 76
1080 80
514|20
1335 70
5704 70
62586 70
168358 70
180263 70
1704 80
2005 73
2792 64
2013 61
1673 80
134130 76
76093 77
1333 74
58998 73
68157 80
2406 68
3210 69
54503 77
4855 76
1644 44
515|6
33794 94
2028 98
527 101
91529 95
58559 100
2959 105
516|26
260 70
457 70
480 70
647 70
708 70
1042 70
1090 70
1197 70
1198 70
1954 70
1958 70
2021 70
2259 70
2268 70
3052 70
3471 70
4027 70
4291 70
4306 70
4321 70
4322 70
4333 70
4337 70
4349 70
4361 70
4429 70
517|20
4306 53
53125 46
1265 53
165489 70
97938 51
88744 50
86880 45
4148 41
26761 70
3398 49
1293 54
3988 41
2858 55
4963 52
1204 59
1704 55
47629 52
7669 59
1206 56
46578 55
518|5
3101 64
2657 68
783 66
1876 60
6365 66
519|6
1704 96
356 97
140110 82
6378 88
7445 84
1968 90
520|20
7266 70
318 95
1049 73
59315 81
4995 88
32 86
2716 82
4333 53
1291 89
1732 88
4085 76
2723 73
3081 75
3994 77
33493 78
135 63
2393 70
60516 50
2406 75
1584 80
521|8
661 70
112 70
86 84
104 73
58 87
79 58
52 76
852 69
522|20
99114 81
81932 77
89492 77
63113 71
2959 88
1193 84
1375 68
4993 83
223 78
27611 77
76060 68
180 70
59315 75
1617 83
10 70
67255 81
2023 70
6187 82
318 89
127098 87
523|15
168252 99
8970 88
5989 95
318 106
91529 95
1721 83
293 97
65261 99
4270 72
3147 99
27731 91
134130 94
31696 79
527 101
101962 85
524|20
1356 75
150 74
552 62
748 63
344 61
442 61
253 72
1225 83
20 52
589 78
1242 81
544 61
173 53
1302 71
380 68
457 78
1020 64
788 54
193 48
466 54
525|20
120807 70
317 63
6863 65
8622 71
33004 68
7147 75
2396 74
40815 73
137337 77
1639 70
1968 74
91869 70
45880 66
2100 61
339 66
4886 75
50872 74
86332 69
8983 71
3996 76
526|12
593 88
55247 82
46578 84
176415 70
1295 68
90430 83
4014 78
2352 78
176413 70
215 83
81845 85
51255 84
527|20
2137 77
3114 87
3210 81
3016 73
2161 82
4571 83
2118 87
3421 86
455 56
2867 84
2450 48
1909 78
1214 90
4299 76
736 73
2477 69
588 86
4016 87
1259 92
2533 69
528|15
4886 69
2278 64
80906 76
4037 69
1240 70
64614 71
3821 41
150 68
1291 74
80463 71
593 75
99813 74
85342 72
48516 76
58559 74
529|5
653 59
135 56
65 46
62 69
733 68
530|6
292 74
500 71
300 73
586 66
593 89
11 80
531|5
593 88
590 79
919 80
480 78
1215 86
532|10
1721 76
4863 0
457 87
290 90
1245 94
1242 90
2023 76
2329 92
1304 90
517 67
533|8
1200 94
6502 93
79132 95
46578 94
93840 90
4973 100
2455 83
66934 91
534|20
116724 70
97913 83
94953 76
2003 79
2167 73
7569 84
153 66
1485 70
65514 84
104218 68
344 69
2571 92
5445 81
95875 67
112818 80
82461 71
96610 80
2987 80
138036 81
1566 78
535|6
2571 67
2581 49
2700 62
2688 50
2583 69
2882 33
536|8
232 71
272 70
356 75
335 70
225 62
150 69
434 55
589 72
537|10
80906 90
367 67
7153 88
53322 74
104218 64
97304 83
6539 82
318 93
89745 84
105504 86
538|8
595 86
3671 90
80549 88
4039 73
69757 86
5047 74
44889 70
66934 90
539|8
4306 76
6753 68
5218 72
50872 74
88 60
3301 69
4886 75
69122 71
540|9
2598 63
2959 99
1073 88
8874 93
1681 63
2183 85
2841 79
2747 69
1196 94
541|18
590 77
457 79
413 57
15 60
110 80
595 74
597 71
480 75
356 82
203 69
529 77
357 72
22 68
345 74
546 43
586 62
281 76
350 68
542|20
6539 75
30793 61
5299 61
2542 78
34319 64
33679 64
4963 74
5481 56
1997 74
4025 58
3623 54
924 76
4369 59
6378 71
2571 80
7254 70
41566 67
37733 69
7361 82
45517 64
543|16
73881 87
1702 66
595 89
3301 85
231 73
2378 75
2379 56
86882 88
6377 96
588 90
377 85
48385 81
2571 99
4526 62
4388 65
92259 102
544|22
1 70
3 70
14 70
32 70
40 70
62 70
68 70
95 70
116 70
619 70
626 70
648 70
650 70
694 70
736 70
780 70
839 70
1042 70
1047 70
1059 70
1105 70
1356 70
545|5
1438 58
1267 88
2763 79
1367 63
44 54
546|13
1270 81
3328 85
480 75
1970 59
2456 51
1976 36
589 80
2657 69
1673 82
3941 70
3959 68
3566 53
1977 53
547|5
1211 74
2859 74
2917 83
1394 82
1288 86
548|26
69 70
260 70
356 70
733 70
1196 70
1393 70
1477 70
1621 70
2571 70
2716 70
3263 70
3578 70
3916 70
4776 70
4899 70
5955 70
6874 70
7458 70
8531 70
49910 70
58559 70
74532 70
80862 70
122904 70
125916 70
168712 70
549|5
2571 72
2028 71
4226 73
1210 72
589 69
550|6
167296 70
102125 78
106782 88
116797 87
112852 88
122882 85
551|20
5010 76
34162 70
60069 79
1544 56
45186 70
103772 67
51935 76
4226 83
2353 67
7153 82
5989 78
135569 72
115149 77
88129 73
134130 77
6934 63
47 79
4701 65
2959 86
98809 75
552|20
2916 66
3317 72
1405 51
2953 46
2245 58
2944 71
2890 66
2125 67
508 67
3948 61
5349 65
2959 79
2857 55
173 48
2991 66
2871 71
2628 57
4308 65
4878 73
3101 59
553|17
55765 88
3481 85
1923 82
2571 93
4011 94
50 96
3949 90
1089 96
44199 86
5513 70
2231 88
2395 80
3052 82
61257 70
1221 95
33166 88
2959 98
554|18
1196 93
1022 80
2820 70
1207 93
1517 79
1282 87
1210 93
1760 31
2282 62
1225 95
907 69
1358 85
2096 77
1028 89
593 95
608 93
953 91
2324 95
555|20
790 70
3664 70
1 82
3111 92
3395 70
104 72
1334 59
2506 69
2072 61
4002 78
1266 88
2641 64
2256 64
2791 82
2701 48
1333 80
1320 67
337 77
1393 75
3526 77
556|7
162600 77
122890 78
3081 78
88125 86
588 85
72998 81
74789 69
557|6
648 73
231 65
1291 87
260 88
1210 87
150 80
558|12
5329 70
5064 86
4903 74
2297 81
2568 69
4993 93
4306 88
367 72
5283 69
1097 86
4164 81
5294 86
559|20
552 63
608 83
355 46
329 66
544 62
1527 74
173 53
377 71
745 79
174 55
529 77
350 68
349 70
533 60
836 58
1210 82
420 54
786 61
227 57
253 73
560|20
5839 70
91535 62
136018 50
67997 85
79132 80
3253 71
142558 70
2355 70
39435 55
1527 72
40414 77
64614 77
48744 65
56587 68
593 82
76251 70
84944 71
109313 70
5878 80
40819 76
561|20
168174 70
5308 55
78469 58
3703 74
60069 75
91535 59
2105 62
73017 72
5445 69
2000 70
83134 73
79132 77
79592 60
80463 75
89745 74
527 80
8972 64
353 72
33162 67
68157 77
562|20
27140 70
6870 83
6377 89
2580 89
1249 93
4776 85
36529 82
1259 90
1982 80
2268 84
2133 75
83134 86
3210 79
48394 84
30707 87
33836 55
2692 90
88163 88
99191 70
1240 87
563|20
61071 70
70932 70
80858 70
919 75
74450 63
588 74
5943 53
118997 64
86833 74
1197 84
128832 70
85397 66
45221 43
33499 53
7380 67
96821 79
81784 52
95307 48
65585 67
55250 46
564|20
50942 70
356 84
31685 66
131013 68
61024 76
79224 54
87869 75
500 68
108156 61
81784 54
93270 46
6188 73
106918 80
65230 67
67087 71
80693 66
94677 77
8984 68
73266 51
2671 74
565|6
590 76
231 61
19 54
21 71
50 85
539 69
566|15
648 70
10 70
231 62
329 67
342 68
141 70
203 69
345 74
39 67
497 77
265 75
588 76
708 68
353 76
2 70
567|20
8189 70
26743 70
92681 70
109897 70
152071 70
5690 60
136602 48
122888 70
6333 52
1274 56
122922 52
153070 70
151687 70
117877 70
108928 42
954 58
122924 45
27773 55
648 48
135887 48
568|23
50 70
147 70
296 70
356 70
480 70
593 70
765 70
1103 70
1104 70
1257 70
1298 70
1895 70
2313 70
2359 70
2863 70
3053 70
3148 70
3261 70
3363 70
8169 70
46723 70
63853 70
65088 70
569|5
231 71
50 99
380 81
588 87
592 79
570|20
208 53
8636 70
48516 78
1225 78
586 57
2683 60
457 72
1196 76
110 74
4993 76
7361 78
1198 78
1079 74
10 64
3793 69
1391 57
589 73
380 64
527 78
185 56
571|20
1331 70
2982 70
2366 66
1128 58
610 66
2902 50
1998 27
3696 65
1980 70
1987 70
70 64
1924 58
2279 45
1327 49
3732 62
1972 41
1278 74
1644 40
2327 65
1978 37
572|20
1961 85
2570 66
2788 89
2321 76
111 90
904 94
2987 78
2302 71
1834 87
2539 68
2917 87
1307 84
1 85
161 80
3421 82
838 83
1356 82
2006 67
3167 75
1953 85
573|20
89745 91
72998 83
3752 74
356 95
7293 84
6754 80
8665 87
32587 90
1073 88
88744 85
1127 84
68954 93
98809 87
2640 87
48516 98
71535 87
59369 85
60069 92
88140 83
1562 53
574|23
47 70
110 70
150 70
153 70
161 70
185 70
225 70
231 70
292 70
296 70
300 70
316 70
318 70
329 70
339 70
344 70
380 70
410 70
434 70
588 70
592 70
593 70
595 70
575|8
2566 0
2580 82
296 86
2581 63
2572 74
2542 83
2574 43
2598 57
576|5
849 48
1321 57
1373 47
1479 54
2289 65
577|20
2415 70
1183 70
1288 80
1129 66
2944 75
2194 75
733 68
1213 81
2076 75
2020 78
1262 80
1931 77
1391 60
2987 69
952 76
1909 66
260 80
919 74
2248 72
1270 76
578|6
6751 70
52668 85
45668 82
830 75
72407 67
75446 70
579|15
3174 78
2485 64
1022 80
2018 78
838 86
1917 67
1391 70
596 79
1573 77
2965 70
1653 91
2599 84
892 84
2687 76
595 84
580|20
5767 70
6583 70
480 72
8844 70
6989 70
3809 67
41569 65
3699 63
4041 67
33166 76
356 80
508 72
8376 64
3578 78
608 80
3785 57
3089 80
1320 62
54286 72
1201 82
581|8
7153 90
5995 89
4973 93
116797 86
3949 86
4306 84
109487 87
6377 87
582|12
91529 84
2959 92
116797 84
4993 88
5618 88
2571 88
76251 76
69844 82
104841 81
48516 90
97752 77
76093 84
583|12
8533 69
88405 59
2706 66
117590 74
317 62
60756 67
6942 72
595 71
46578 77
104 66
2694 62
7451 73
584|17
288 79
22 83
203 84
315 71
500 82
316 80
539 85
234 59
296 102
257 84
434 74
586 76
338 71
349 86
282 79
480 91
590 93
585|13
3173 74
1228 90
54503 86
2959 96
428 82
1405 62
7254 80
441 86
1805 65
296 92
27373 70
5325 78
79132 90
586|20
34332 71
4016 91
111659 68
106002 82
149406 81
167036 90
45499 81
136556 70
5445 88
117851 77
1291 99
71264 90
106489 80
135436 74
3753 83
2640 90
3147 98
122916 94
3793 90
101362 64
587|20
1234 88
628 78
2012 76
534 82
2002 65
1641 82
236 72
1376 76
2622 74
1541 62
3260 88
497 84
3082 73
445 67
3448 81
2574 46
765 66
691 66
329 73
3406 72
588|12
50 78
16 72
20 48
356 75
350 62
198 63
593 77
364 73
163 66
253 67
223 70
3 60
589|8
1092 71
318 97
590 84
373 81
586 69
587 78
527 92
337 81
590|20
924 75
8807 68
2371 61
38061 78
81834 74
40815 70
4890 59
903 77
5 57
3624 60
555 72
4047 74
51662 69
2085 64
419 53
595 70
329 62
2376 63
3635 67
2398 75
591|11
2908 78
2706 69
2712 70
2355 72
3615 62
3578 80
2394 71
3798 62
356 83
223 77
2724 56
592|19
514 77
2 76
153 64
415 57
110 87
177 65
420 59
380 75
44 55
788 60
588 82
163 78
204 54
610 78
39 72
419 61
253 79
432 57
240 62
593|20
1196 73
1073 68
1086 71
1617 73
4034 71
41566 60
1197 75
344 54
8368 70
339 60
2959 77
8961 68
5816 64
2797 65
4896 66
588 66
595 65
5952 72
377 62
141 61
594|20
7031 70
2671 91
7115 84
1616 78
5943 68
1188 88
2269 77
1733 113
4902 100
6996 35
780 87
1429 88
6140 89
7046 72
39 85
595 94
799 93
2028 103
8482 70
7169 90
595|5
265 83
50 95
1186 82
1199 94
1966 83
596|20
33649 70
43744 70
182793 70
129397 48
128908 70
1 76
142488 84
122922 73
4310 58
71838 61
4025 58
2501 73
110102 74
149406 65
2774 70
5502 64
8665 73
6537 60
2571 80
345 72
597|20
1799 76
490 69
3040 74
2529 88
2858 91
903 91
3039 84
2000 83
1291 92
357 80
1228 92
1845 93
2411 62
1580 78
1148 93
1198 94
2723 75
485 69
592 75
2692 90
598|5
56367 79
8360 75
593 86
114265 70
103543 44
599|496
26142 70
26567 70
26590 70
26676 70
26854 70
27595 70
34800 70
53450 70
60803 70
69131 70
74696 70
79895 70
84523 70
87960 70
92674 70
98799 70
102735 70
102852 70
104017 70
105020 70
122433 70
157865 70
158874 70
160978 70
161044 70
174727 70
179053 70
1801 57
6035 58
3387 42
33437 57
112 53
5995 66
167706 70
4394 70
836 47
7235 51
8809 58
102749 70
89087 45
42011 38
432 42
471 56
5628 57
1015 50
2 56
2269 49
69 59
3947 53
79091 59
104837 70
4037 62
7587 63
6881 57
1449 62
7225 59
81229 54
68952 65
4728 48
5081 48
33966 70
1779 46
3669 70
87197 70
170297 70
79057 55
95965 70
55207 70
4007 60
1220 61
80831 58
46723 56
71282 63
7757 60
3259 50
92309 56
1376 55
7192 47
4654 47
101423 70
53468 51
62662 70
3174 55
3698 54
2882 32
2359 57
1183 58
2792 52
1095 59
8387 8
53125 53
115713 63
2949 59
2471 42
3 53
1231 63
3861 49
240 46
1480 56
2301 60
1445 41
8045 70
586 50
2942 44
1185 63
4594 70
2474 57
3671 62
3196 65
64839 62
98697 70
2606 44
1777 55
5309 43
7022 64
4873 61
541 67
27311 65
43921 59
67734 58
4240 70
5026 67
168 50
33493 57
4125 16
7354 52
207 57
1094 54
742 48
1609 44
1042 49
3362 63
4553 60
4632 50
2278 57
468 53
122904 61
75416 70
42718 59
4285 57
79274 65
1794 70
45081 49
108192 70
3489 56
3503 67
89804 57
163809 70
577 39
3071 52
1204 70
3981 37
95771 70
45382 59
6548 49
59387 62
166528 62
168492 74
6691 70
605 46
424 30
2991 58
248 49
97950 70
3865 56
1216 56
342 54
35836 57
27772 45
176419 58
151781 70
277 50
6320 15
39381 62
5111 70
4090 58
2450 34
2676 59
2356 42
79702 60
1597 50
410 50
1721 55
3702 56
183301 70
1387 65
2072 46
26729 65
2393 52
4247 37
4591 47
1032 56
3087 51
1895 57
634 34
210 52
2074 67
51575 40
3505 64
5247 40
481 48
4215 35
1355 27
2657 55
2028 66
4011 67
420 44
552 51
1196 66
2395 57
5303 56
1752 40
3186 57
4310 48
1784 58
3200 71
7254 60
688 41
473 38
1079 65
1552 48
1148 67
1544 45
63113 55
2325 54
26649 59
6804 70
161 60
4109 47
34332 47
1653 65
4808 38
7707 70
3468 69
502 39
1221 69
1792 51
68319 48
6787 65
2119 25
3884 15
4254 34
3973 37
103609 70
8934 70
5377 62
42632 66
55290 58
4506 53
7840 58
5568 46
1689 41
7005 70
103228 58
59947 70
786 50
4351 54
172253 70
4679 53
1411 66
117630 70
1590 48
112623 61
3146 39
8984 51
1920 47
519 38
179817 62
3979 42
3741 63
44020 43
26630 70
7285 62
3030 71
1021 41
8638 62
87 49
7153 66
2877 47
2018 56
3173 54
5198 70
7101 50
7701 18
3213 64
26159 56
2339 70
33896 64
2000 60
4006 56
136562 55
37382 49
6645 64
171763 69
8528 60
27008 70
4017 60
4167 55
86142 65
1249 67
3255 57
736 52
2779 55
84414 60
27773 64
2083 62
98499 44
4034 65
119828 70
1993 38
94864 51
6631 23
2321 56
26242 54
3703 63
41566 54
2529 63
1968 61
8914 59
3257 47
159403 70
1036 64
76093 62
5103 56
6947 59
1952 66
2124 53
4084 45
6016 68
778 65
81 51
2171 61
1253 63
4275 50
7982 42
3723 60
849 47
2681 52
6565 62
39414 51
122916 63
6440 64
8917 54
72011 59
1605 49
1240 63
923 65
68157 65
5961 70
5053 70
3571 58
2403 59
3871 69
44238 70
72226 66
7004 46
2054 45
62970 50
5159 55
354 59
122924 51
48774 63
1394 64
3763 52
70286 63
1904 61
3969 58
81562 58
102590 70
233 59
4155 56
1031 57
76 52
459 38
1097 61
1178 70
60291 0
3328 67
1232 60
3036 60
5283 48
4327 59
610 58
2726 66
4732 33
5970 54
2396 61
594 58
1247 65
45499 53
3476 57
2399 39
137218 70
1997 62
3271 61
27801 63
6365 52
1799 54
580 57
122900 58
2803 50
80219 53
466 44
110882 63
3997 34
26176 70
2378 51
117895 31
26662 66
90603 64
119218 70
44 41
809 40
1960 60
4519 53
1959 60
414 39
1073 62
61236 51
1479 52
4019 61
1245 68
37857 64
161032 70
371 56
3020 57
88593 70
6774 63
2005 60
90405 53
26285 70
6793 32
627 61
1617 67
6734 30
108090 70
2427 52
51024 58
122922 60
3440 33
6874 65
4919 54
338 47
81591 57
1704 64
1499 31
357 58
62155 57
144 53
34148 58
53519 52
4504 70
2796 49
216 57
6827 18
1429 56
7445 56
1385 46
90471 54
8425 70
10 56
26542 51
7387 63
72998 57
89470 57
3629 68
1297 59
3424 65
1672 54
44761 66
196 43
70703 70
2383 33
180 56
4040 38
6333 60
4440 62
5291 62
88235 58
1639 58
4580 7
153236 70
86190 56
4477 32
103027 70
32291 59
34811 70
5171 48
122260 70
8784 60
5954 62
8798 62
707 48
880 44
314 61
61323 57
600|20
3269 50
1394 70
3785 50
2717 51
5569 59
4306 68
1206 71
56775 56
2015 59
7 51
2013 53
262 67
1210 71
1060 65
2431 59
2077 61
2423 61
4641 63
527 73
5076 49
601|20
141846 70
68157 91
1262 92
106782 90
60069 89
49272 91
5445 82
1193 93
1207 92
79132 91
904 96
166024 82
1917 66
7153 93
2324 93
170697 82
31658 91
5989 88
88810 90
2571 92
602|20
161 69
19 50
350 64
494 67
14 65
471 65
125 72
434 57
235 67
481 56
315 54
371 65
474 69
527 78
21 66
349 66
440 66
339 64
480 70
163 67
603|20
602 70
803 70
2008 70
2577 70
3459 70
4787 70
2912 78
1769 56
485 61
4420 70
920 72
1 76
2706 67
1844 80
3787 74
1222 81
190 48
2716 75
3983 84
101 78
604|20
220 70
292 73
151 77
329 69
410 66
426 64
435 52
316 69
22 72
235 76
181 45
332 62
273 61
637 66
285 70
173 56
588 79
23 66
553 79
1 82
605|20
35347 70
6787 76
1197 80
5667 70
42738 59
51662 70
7373 67
596 65
780 64
4571 69
2316 60
7454 53
150 71
60040 61
8977 43
3269 54
72982 70
1210 78
62376 48
60937 47
606|20
263 70
563 70
583 70
3808 70
4671 70
4840 70
5856 70
6111 70
6573 70
8685 70
32728 70
55805 70
3147 84
4392 72
2311 76
6308 48
50842 0
6591 90
8270 72
2025 94
607|20
891 71
1610 80
448 77
3147 86
1094 71
1307 81
592 71
204 52
1552 63
527 88
3476 74
296 88
2313 80
3440 42
423 62
1518 69
2118 80
2193 73
380 73
2028 86
608|20
52245 60
2997 76
3793 71
2763 71
174 52
2000 70
1214 74
919 73
2700 73
4161 63
5146 60
1639 68
541 78
473 44
2529 74
522 71
4343 58
1909 65
2431 65
1220 72
609|8
296 75
833 36
356 74
339 62
454 65
318 79
208 52
292 62
610|20
5953 70
58975 70
70206 70
78626 70
82765 70
97988 70
107447 70
107462 70
110591 70
110746 70
118082 70
139655 70
160341 70
86644 62
56801 55
61024 79
77561 75
4816 78
62434 78
3972 87
