1|20
260 93
1927 90
804 73
3 77
1009 70
2406 81
1587 82
3671 88
2617 75
3053 87
2571 95
1222 91
2137 82
1377 75
2395 84
2761 92
2641 73
2872 83
1258 95
2700 86
2|6
333 68
122882 72
71535 71
46970 60
58559 79
80489 72
3|8
5764 70
647 40
6835 70
5919 36
2851 31
2288 47
5048 22
4518 37
4|20
106 70
1291 76
3408 67
265 68
52 66
4347 69
2467 70
908 79
345 70
1304 74
1923 66
2959 80
368 66
1219 75
4765 67
1199 77
4166 41
1732 77
21 65
2858 75
5|9
515 77
1 73
364 77
608 82
290 77
261 74
34 70
318 85
21 67
6|20
349 75
318 92
775 70
141 70
348 78
104 73
327 67
410 68
165 76
87 68
366 66
17 81
1084 87
222 76
16 83
416 57
277 70
460 65
867 55
316 69
7|20
8528 66
3623 50
8636 69
8360 62
1517 62
466 48
8373 44
1220 65
7155 53
8808 54
6863 59
31878 63
1610 70
1219 72
4700 58
45668 60
8970 62
27741 73
6333 68
8865 52
8|10
356 79
47 75
231 59
318 85
454 69
292 64
32 79
141 63
380 66
252 66
9|10
5451 54
923 77
5890 53
2901 57
922 78
6044 70
1987 70
5378 58
3735 69
5447 53
10|20
597 61
33679 57
8533 61
8969 54
72720 63
88810 70
136020 52
6377 71
5943 43
109374 72
113394 70
61250 40
82167 50
140110 63
5377 67
77841 70
6942 67
1028 71
72330 70
66203 50
11|13
733 79
1584 79
1210 87
170 73
1438 57
648 75
1918 66
493 86
10 75
457 86
1693 77
150 82
1923 77
12|7
2717 79
2100 78
838 90
2072 84
1876 77
2581 78
6942 94
13|7
3717 65
3624 65
3798 66
2174 72
47 79
3893 76
305 55
14|10
344 56
477 61
110 75
540 52
597 66
153 54
592 64
4 42
539 64
105 58
15|20
91529 75
7438 75
111759 71
2329 76
1 70
1909 62
1240 69
115713 71
1200 72
293 73
2571 77
3949 74
120466 60
1198 78
2028 76
2011 64
158 50
160980 68
4306 74
4022 67
16|20
1230 70
78499 73
913 75
1136 77
1299 70
1617 73
1203 72
3429 76
2858 72
608 77
3683 73
4002 67
1199 75
912 76
2707 57
5782 69
1260 68
319 68
27773 68
2109 64
17|20
260 84
64839 80
296 85
5952 84
527 87
1193 85
3681 84
1240 77
2717 64
2858 82
1093 75
81932 74
5618 85
50 87
5971 80
2959 88
1201 88
541 86
82459 77
1 78
18|20
8117 70
65596 70
88094 70
145283 70
157110 70
166015 70
171023 70
103253 60
60684 77
44199 74
2 66
86628 66
59784 69
2918 79
109374 82
4226 83
53129 83
139385 74
47 78
1291 81
19|20
3692 70
3662 45
54 39
2733 36
1702 43
1240 59
1270 65
3712 41
1881 47
216 57
3 50
1834 63
2184 51
3017 47
2044 27
2354 40
2005 57
3146 34
3387 39
2694 50
20|20
1566 72
5419 66
4014 73
2140 72
586 63
661 66
3189 70
5014 76
1333 75
4161 66
3784 56
1030 56
5313 55
2804 81
2054 58
34 74
1097 76
6358 70
4519 68
1722 64
21|20
107013 70
117922 70
140301 70
57640 73
2985 62
2990 62
2717 57
5418 73
31433 57
112175 73
7153 78
30793 58
4446 64
52973 66
45186 67
2023 66
79185 58
1721 62
102125 68
5459 53
22|20
8961 50
2723 40
60950 41
64575 42
1193 55
70286 50
4993 55
2160 54
39183 42
7147 49
3996 49
3481 46
55765 49
48780 49
7361 56
51540 49
6711 53
2968 51
3949 53
48394 48
23|20
6234 70
3996 67
293 70
1206 75
1136 75
1960 66
7587 71
3424 70
3181 71
2467 66
1248 83
1617 72
6807 71
1952 73
6440 69
1258 75
1243 75
1080 70
8228 64
1711 58
24|20
1784 67
2617 58
111759 71
134853 72
58998 69
1265 72
1198 78
3147 76
1197 77
1220 68
2424 59
5418 72
72011 68
54286 69
27773 70
64957 65
356 76
44191 69
1682 70
68358 71
25|6
58559 96
60069 96
74458 90
79132 94
527 97
260 94
26|21
10 70
34 70
47 70
150 70
153 70
165 70
185 70
208 70
225 70
288 70
296 70
300 70
344 70
349 70
356 70
380 70
434 70
454 70
457 70
592 70
593 70
27|20
1196 79
2478 58
2640 70
3508 83
3555 68
1201 84
3519 63
969 79
2080 68
673 54
2886 41
2529 77
1387 79
1101 66
1947 71
1250 84
1276 80
3114 76
1083 62
3809 69
28|20
27450 70
60943 70
61011 70
63033 70
5617 62
59369 54
60046 70
507 51
3300 57
55094 52
59018 70
26695 70
2951 62
3006 57
2231 65
5418 62
26812 51
2058 53
353 60
61167 70
29|17
98961 80
7379 68
1250 88
1201 88
111362 83
48516 88
1100 58
26554 74
3441 76
4327 69
2872 74
2301 78
1617 84
3681 84
55820 82
4223 73
99114 83
30|7
5952 98
108932 95
1200 95
91529 98
116823 92
112852 95
1198 101
31|10
1198 89
1200 83
648 74
1363 62
1073 81
1036 80
1197 88
377 74
1246 84
1270 85
32|20
236 72
314 77
1356 77
357 73
224 72
627 70
1079 83
1084 85
318 90
761 56
1197 85
849 62
912 85
880 60
1198 86
58 82
203 68
608 87
497 79
410 65
33|20
110 76
17 72
2396 69
2272 54
448 67
428 69
265 69
1280 79
1177 73
1617 77
50 81
261 73
11 69
452 49
345 71
608 81
150 72
1188 72
800 72
2690 68
34|18
780 65
2273 62
3717 60
26606 68
45499 64
3996 72
4310 58
3624 59
31685 58
1721 63
5146 56
7090 77
70 67
2006 60
3000 79
4306 76
27728 49
3997 38
35|5
11 78
185 66
595 77
21 75
300 75
36|12
5171 34
3066 57
552 39
4025 37
1262 62
2735 34
2359 48
1372 46
1278 59
2194 58
3347 62
1704 59
37|5
344 69
356 90
661 74
329 74
457 89
38|16
434 51
39 58
223 69
161 67
246 77
168 49
273 53
480 65
356 72
457 71
364 71
50 76
500 60
300 61
551 61
21 61
39|20
2571 82
2391 76
1921 78
1862 41
1219 78
1907 73
2081 71
2459 64
924 78
2529 77
1729 73
47 76
260 80
2080 67
592 67
296 81
3213 81
610 74
589 75
596 67
40|20
440 80
454 80
588 80
339 77
158 65
432 63
431 84
186 64
616 80
514 81
21 78
592 77
1 84
223 87
585 65
216 81
104 77
371 79
111 88
267 68
41|20
96829 74
64839 68
122882 67
6287 53
1569 58
106920 77
86781 69
3160 64
1721 58
2028 73
6763 36
5418 69
53519 53
122904 66
55247 69
924 70
4011 74
2324 72
35836 60
5995 70
42|20
3869 74
4654 57
1021 55
2423 72
3248 42
4477 45
2500 49
1431 55
195 66
3326 53
2407 65
1090 80
2735 57
3693 52
1020 69
4545 66
4132 54
2263 55
3535 75
2805 56
43|20
225 87
296 102
596 87
588 91
587 90
420 74
158 76
631 78
5 79
597 90
168 78
355 68
47 97
367 82
519 66
594 94
236 89
1 95
60 80
259 78
44|10
36 73
663 73
12 48
661 64
94 75
1 75
104 68
112 67
494 69
889 70
45|20
2718 76
1036 82
2028 89
1653 85
1682 82
2396 80
3249 71
261 84
4308 77
329 72
1367 71
2890 83
593 90
1127 81
2431 76
6377 87
569 66
1197 90
1060 81
2858 86
46|9
590 83
588 80
315 67
208 66
1 84
432 63
225 76
434 69
339 77
47|20
508 58
68932 49
72395 56
2420 57
597 55
148626 65
5989 62
96588 60
69122 56
6155 48
4975 51
30749 61
106100 62
45950 60
2028 67
4018 48
1259 67
6373 51
33166 60
2407 49
48|7
4886 84
1320 73
1527 81
1193 90
3793 82
48 71
1653 87
49|5
2028 87
1214 82
139385 79
318 93
527 89
50|20
8143 70
114335 70
136564 70
142074 70
171759 70
175693 70
179073 70
175707 70
71264 57
82848 70
1377 45
44555 64
8157 55
6807 61
95543 43
8253 45
96610 55
924 61
32875 70
4896 56
51|20
7040 70
5620 65
2613 64
4437 84
2023 77
1500 79
522 84
858 91
4508 81
2951 85
1014 77
1407 71
2282 66
2420 79
3388 58
260 88
3186 78
3994 76
3501 61
2371 69
52|20
152081 85
51255 93
74458 89
1923 83
7438 93
40583 86
59784 81
55765 88
112852 89
86892 86
55363 91
112138 85
49272 93
52245 74
69481 92
50794 73
1704 93
54736 89
44665 86
47200 74
53|5
481 82
1100 72
249 93
1125 90
916 102
54|7
296 69
593 70
639 51
1 63
205 49
161 63
500 55
55|5
2407 44
673 35
3275 65
2890 56
4011 62
56|10
786 70
253 79
165 79
110 87
589 84
370 70
434 68
410 71
69 81
185 69
57|20
2140 66
942 80
920 67
3175 67
1784 67
3429 79
933 79
1193 77
3446 42
160 52
1499 37
2640 66
892 75
11 68
2947 70
6 71
2478 54
2291 70
1688 60
2301 70
58|20
588 77
282 69
185 66
419 61
367 68
277 70
48 68
280 84
337 82
345 80
3 70
357 76
527 90
587 76
218 71
500 74
508 78
368 76
364 85
353 81
59|20
1696 54
6460 93
3489 83
1188 84
1222 87
2076 86
3448 79
1263 89
1247 93
527 93
1244 90
904 95
903 90
965 84
2616 70
1953 85
608 93
105 71
912 92
3471 84
60|5
832 67
58559 80
805 68
455 47
858 81
61|8
266 72
1101 69
7438 82
173 57
555 75
2012 70
4878 81
3949 81
62|20
99114 87
176371 79
3793 81
56757 80
73017 81
30793 69
179819 69
68554 69
185135 78
168248 84
5903 82
4878 86
2028 89
5502 74
6058 65
344 67
1721 74
45499 75
41566 79
78105 65
63|20
5669 70
4246 68
48780 72
500 64
6016 79
31658 73
2858 75
64285 73
85414 67
1221 81
106696 66
4963 73
50 80
1097 71
260 77
110 75
1222 75
4979 70
5952 77
77561 66
64|20
5878 81
3101 64
2640 74
2959 87
8784 77
2054 59
4239 77
4025 61
5026 80
40819 79
266 72
2699 59
27266 76
3969 71
1805 67
6296 70
4776 78
3148 81
4262 77
356 83
65|7
1246 81
33660 77
7458 71
2329 84
4993 84
91542 74
3147 83
66|20
593 90
47 84
5418 84
922 90
2139 78
2956 70
3745 75
1956 86
4581 70
5349 78
1210 88
1094 72
2001 73
380 75
6539 81
671 80
1 82
6378 81
7766 84
296 89
67|8
99114 79
4306 78
27193 68
79132 79
60069 81
2012 67
4886 74
4993 80
68|20
47978 70
95218 70
6534 46
48696 70
67267 70
30825 55
1799 63
3556 69
8622 65
4351 59
63113 63
58295 63
7151 63
2413 64
6287 55
653 55
41566 64
5541 55
260 73
48043 64
69|10
4370 82
4848 93
3671 92
2476 91
1193 97
356 97
553 90
4022 88
260 96
3994 85
70|13
1193 86
1097 80
1914 78
1269 82
4995 86
318 92
8949 80
1968 77
1210 85
89492 81
1250 89
1235 92
2366 77
71|7
494 66
647 67
736 60
95 55
733 70
589 74
7 58
72|9
1047 69
150 82
858 91
2490 77
1357 85
260 87
50 91
1198 90
1196 86
73|20
1193 83
45720 70
105037 67
6333 76
59315 77
76293 63
138204 69
2706 71
152081 74
45221 48
68135 68
150 76
8376 71
93510 76
59784 69
116823 75
106072 69
1682 76
52245 63
35836 69
74|20
31522 70
2594 85
2908 86
30749 83
6870 81
3006 80
52281 78
49772 80
55118 88
2997 91
6305 82
608 92
4546 83
41863 87
27773 83
6001 86
1251 90
6552 81
46976 80
44555 90
75|14
5445 64
1240 65
5952 71
2193 63
6870 64
2529 68
168 48
541 73
3176 60
1962 61
2078 67
1889 66
1266 69
1374 65
76|20
48877 41
5956 56
2918 63
58803 57
1247 69
74458 61
7669 67
79132 66
8957 44
858 69
55820 64
1258 68
63436 40
1201 70
1208 68
48 47
288 51
34405 63
1 60
1196 64
77|6
3996 74
4973 84
7361 82
8636 76
3578 77
33794 77
78|13
296 75
165 65
3809 63
589 69
546 38
27904 68
260 74
590 67
480 66
68791 63
344 53
44974 66
380 61
79|13
3266 93
3029 73
589 84
1916 77
307 80
4005 69
260 88
1189 88
1345 76
2000 83
1374 82
2659 70
2076 85
80|20
7445 84
96691 71
84189 70
91630 85
49530 87
8950 90
6539 88
4223 84
5630 84
3527 85
76251 87
80363 69
52604 85
6502 92
34048 78
1221 99
60684 90
6952 72
5989 90
77561 84
81|26
10 70
32 70
47 70
110 70
150 70
153 70
161 70
165 70
208 70
231 70
288 70
296 70
316 70
318 70
329 70
344 70
356 70
364 70
367 70
377 70
380 70
457 70
480 70
588 70
589 70
592 70
82|20
6886 70
2381 54
2378 61
6566 48
368 70
6536 74
3253 66
4310 60
1608 64
1372 66
145 60
356 80
6708 72
1485 58
4369 60
6564 49
6888 43
5803 43
4015 51
364 79
83|20
56367 68
7143 70
7323 63
6539 66
161 67
586 54
2115 68
1270 72
6874 74
2324 73
1537 73
7153 74
68954 71
48774 71
30749 67
8014 73
1222 71
3753 61
1223 78
64983 56
84|20
55 70
987 70
912 82
1096 79
420 54
1227 85
113 57
580 55
5060 76
1293 75
900 71
1097 74
62 69
368 70
1305 74
1247 83
1296 72
11 72
1073 75
1094 64
85|7
1519 70
1624 46
1140 70
1694 57
1643 70
1747 69
1635 79
86|14
4993 86
4310 65
6947 76
2411 62
457 84
5418 81
3996 80
4901 76
1835 75
33794 83
1196 84
3555 73
1097 79
2687 75
87|5
4023 62
2009 74
3504 79
671 74
2139 73
88|12
7312 70
74795 70
4993 82
68157 79
5952 81
1193 82
223 78
8665 74
4262 75
56782 86
8677 51
58559 83
89|104
26645 70
32060 70
44851 70
53280 70
53578 70
67888 70
69211 70
81087 70
84246 70
103602 70
108078 70
109596 70
118894 70
121007 70
128089 70
128944 70
131098 70
131439 70
134847 70
140481 70
146684 70
148632 70
150554 70
164226 70
30793 60
169912 46
87869 71
1923 69
4015 50
950 72
173253 70
2324 78
27826 70
92259 82
11 70
3977 54
86298 62
8154 71
77688 70
2997 81
170837 70
49274 49
157775 70
1 73
142196 70
99117 56
62008 70
72624 70
108156 62
3752 64
2059 62
128520 73
3175 70
133879 70
48649 70
126088 70
5529 52
65588 70
99130 70
40962 54
1732 79
68659 67
91666 70
2683 63
3751 68
750 82
6650 74
149508 70
2395 70
51575 51
65230 68
171751 70
85881 73
139157 70
6863 65
4246 70
108949 61
1230 75
160567 55
73319 55
177185 70
130520 63
5220 53
121338 70
153386 70
50872 74
149566 70
145491 70
4890 60
129354 57
32243 70
84944 67
6402 70
1288 80
140133 70
119141 65
947 78
176621 70
4973 83
158398 70
69469 70
54503 74
141928 70
102481 66
90|11
1137 70
1144 70
581 86
81 68
892 89
1073 84
116 68
896 54
17 84
7 69
613 71
91|20
3013 70
6395 70
8147 70
7153 77
3360 69
2791 74
3897 71
1080 73
4850 56
3429 79
7000 70
2060 67
2916 70
1391 58
2100 55
318 82
2146 63
1225 79
1246 74
8501 60
92|5
2572 81
2114 83
1015 69
2454 73
1801 80
93|20
736 77
1917 74
552 75
1721 81
539 83
480 88
1372 82
368 86
2355 84
1923 85
2193 87
2006 78
339 83
1097 90
1591 71
260 95
2968 92
1676 78
593 97
558 76
94|12
231 52
377 59
367 53
364 70
288 57
19 44
10 59
586 52
590 64
380 58
589 67
318 78
95|20
18 81
4878 88
6979 77
4732 57
3019 87
5246 55
32 90
2952 82
1247 92
1198 92
5283 67
3361 83
1513 71
2009 81
539 77
122 61
1584 81
1240 83
4262 83
5349 79
96|16
527 84
1094 64
272 74
3819 73
150 75
2021 68
2571 83
1214 76
2058 68
1220 73
733 72
2340 63
1721 66
2396 72
367 62
1291 80
97|8
4701 76
4306 88
3578 86
4993 90
4963 85
4299 73
3981 56
4161 73
98|19
81845 82
8961 81
122912 82
5299 70
63992 51
187541 65
56152 75
134853 82
69644 62
6863 72
5618 87
56801 59
3499 83
134130 82
74789 64
82461 70
1258 88
88810 83
79132 86
99|11
318 98
161 86
420 65
592 79
196 64
122 63
145 71
150 86
316 74
236 80
588 81
100|20
497 82
296 88
1393 78
95 63
592 74
605 61
6059 76
28 86
2245 72
62 75
4308 75
1777 74
838 78
2125 81
1288 88
234 60
1197 88
2005 77
4014 77
4623 80
101|13
2580 78
3285 59
2723 67
2700 75
2908 79
2390 75
3175 74
2395 73
358 57
2702 63
3394 58
2997 84
2502 81
102|12
158 53
588 68
150 72
592 65
253 68
480 70
344 57
539 65
553 71
593 80
586 59
223 74
103|20
86014 70
1954 83
60040 71
1968 78
77206 70
2161 75
1732 87
81834 85
608 90
2384 67
4254 48
104 73
139642 65
56782 91
2096 73
101 84
6534 58
374 47
60069 88
30793 68
104|20
4740 70
743 44
5218 68
8643 61
1288 79
47997 62
468 65
76251 70
8533 67
4018 59
38038 72
1566 67
7361 79
6060 51
3034 69
1641 72
4641 70
108190 57
616 68
7034 74
105|20
4788 70
69685 70
95311 70
95313 70
110586 70
141816 70
141818 70
170597 70
172587 70
172793 70
173351 70
173535 70
6433 60
4974 63
70286 86
108981 70
95175 70
69122 79
1243 92
3916 84
106|7
69844 88
72998 77
59501 77
86880 74
5349 80
53125 77
59784 77
107|7
231 68
253 78
590 81
165 79
434 67
208 64
318 94
108|16
800 81
6022 66
4995 87
2585 72
5316 64
4975 72
3978 68
5349 76
2926 77
4246 78
4878 85
4994 80
1968 79
1684 67
497 82
5380 81
109|20
380 61
1033 60
231 54
364 73
589 70
480 66
62 63
31 56
587 64
1032 62
586 55
778 75
540 49
256 47
163 63
252 61
223 71
553 67
537 56
168 51
110|11
26171 54
2468 49
1198 80
1089 79
1222 76
1208 80
4881 72
47 74
527 81
1193 79
2428 51
111|20
100194 70
162602 70
171251 70
2145 68
96588 72
65088 70
66203 57
84772 63
2081 70
91529 78
6365 64
45666 50
3255 66
1282 75
6539 72
86833 68
122882 73
59143 70
86911 63
5283 56
112|13
788 53
161 73
1917 57
16 77
21 67
208 55
434 58
39 65
3717 61
19 51
110 77
32 79
70286 75
113|20
4083 70
39 68
3168 72
932 76
2331 59
3359 81
1086 81
3504 79
1339 71
904 88
3546 70
4063 49
4062 63
1077 79
1589 73
2475 59
3831 74
46 59
1733 73
4007 73
114|7
141718 70
54001 67
2291 67
167732 70
122886 69
8961 69
3147 74
115|20
1580 73
2804 83
1387 84
2792 68
3146 53
3273 54
3052 77
2841 76
2719 51
595 75
2700 78
383 64
2027 48
2148 66
2770 63
3785 66
2916 78
3175 76
588 75
1377 67
116|18
2716 73
858 80
1299 73
62383 61
1339 65
1276 77
597 66
1029 62
1101 63
2797 68
2657 64
1961 72
1407 59
5995 74
1704 76
165 67
2115 72
8360 65
117|20
708 65
587 68
589 74
151 69
36 71
1036 73
595 69
288 65
596 66
48 60
315 56
454 69
353 73
474 71
10 67
60 58
805 69
491 63
616 69
485 58
118|5
1221 80
1625 68
153 53
1961 71
1810 65
119|20
95441 71
117176 83
1092 70
91529 89
74458 85
4387 82
79132 89
168252 94
44022 77
78499 89
122904 83
106782 85
442 69
4993 90
31685 70
6365 75
141004 63
4148 69
88744 82
8644 79
120|5
260 77
32 78
5 55
631 54
52 67
121|12
497 70
440 64
161 69
527 78
292 59
344 53
186 48
316 57
1 69
19 47
163 63
337 70
122|20
27660 83
69784 86
7022 90
148652 75
4816 82
56174 83
94959 86
81591 86
71535 88
30810 85
2997 96
1732 94
108932 90
780 81
1090 91
3253 80
106782 89
72226 90
1200 90
1214 89
123|12
68554 64
115569 79
79132 83
109487 82
1196 81
4226 84
296 84
7153 84
143458 70
47 79
96829 85
2858 81
124|10
56145 74
2161 73
260 84
175 91
1358 78
6377 83
4226 85
3147 84
608 87
1223 88
125|20
5088 70
86721 70
110330 70
54503 81
72011 78
162578 83
119145 83
176371 76
55247 82
1240 79
86332 78
68157 83
112623 74
4082 48
160567 62
3342 72
109487 85
88140 75
98607 70
81562 77
126|8
364 72
349 62
231 54
380 60
410 55
300 62
253 63
457 72
127|5
2915 59
903 68
55276 60
5060 64
272 62
128|7
904 91
965 80
926 86
1066 86
1721 71
1080 83
1198 88
129|20
4370 69
480 76
3698 71
2692 85
2138 86
1968 76
8368 80
653 65
7143 81
316 67
6874 85
239 65
2916 78
733 76
4896 77
2028 85
3977 60
3000 86
1907 77
31658 80
130|6
208 57
316 64
292 66
110 79
590 73
296 82
131|14
2273 53
6947 60
58559 71
908 72
4878 67
89745 65
7256 72
68237 64
2722 45
2028 70
48516 73
3178 60
64614 70
969 68
132|20
6251 70
3275 73
4995 69
2987 57
7444 55
3262 61
4168 46
31658 65
44191 63
1089 70
3967 64
5502 54
50 72
58559 71
5992 69
2108 57
1844 61
2657 56
47 65
2470 51
133|7
454 57
356 67
589 62
150 61
153 44
380 54
527 70
134|7
442 62
595 72
349 71
380 69
367 64
509 69
296 83
135|20
592 69
4084 56
893 61
3994 70
2004 69
608 85
1358 76
3852 67
3489 75
1614 60
1198 84
4128 75
1883 67
2302 66
1291 81
410 63
1261 85
4022 73
4881 76
1077 78
136|20
161 77
193 50
585 58
338 61
277 67
380 70
181 48
337 78
437 54
165 74
611 61
151 73
340 67
252 70
432 56
552 63
350 72
280 81
273 64
150 77
137|20
6787 77
2716 77
1198 83
750 85
919 77
1270 80
318 87
150 75
2997 83
1200 78
6986 70
7153 82
1242 80
110 79
33493 69
1197 83
2959 85
1237 89
903 82
7762 81
138|5
2707 62
1960 71
1959 69
849 57
3996 73
139|20
4025 31
7445 43
60684 49
4865 48
68319 33
7090 53
5502 39
260 53
8371 37
53953 35
58025 34
106782 49
6957 41
7163 28
3827 32
3624 35
52722 32
54259 42
4367 31
115617 46
140|20
5699 70
5299 64
1393 70
356 79
609 62
32596 60
4795 59
34072 72
1617 79
5256 51
5943 50
1084 80
4337 70
3108 73
43396 71
4719 58
1005 45
4321 67
5812 71
4259 70
141|20
5418 71
54503 71
4963 71
2478 53
71535 69
317 57
68954 73
54286 68
6365 61
54272 68
4447 60
5502 61
6377 74
6373 60
1265 72
91529 75
2502 74
441 71
1517 65
48516 79
142|8
434 62
384 60
588 73
50 86
527 86
356 83
337 78
377 71
143|15
1721 61
61250 43
6942 70
7169 64
8533 64
106696 64
3421 70
87232 67
78316 62
69069 64
59421 45
2144 68
96821 73
7173 60
500 62
144|20
589 73
541 80
8368 74
597 67
590 71
410 60
1246 76
527 81
356 78
500 65
19 50
2700 71
434 57
733 69
780 66
1036 72
5377 73
552 58
586 59
2081 69
145|5
344 53
339 61
380 61
318 80
588 64
146|7
7293 64
3257 55
32 75
1367 58
3686 52
410 57
47610 65
147|5
1234 78
168 57
552 59
555 72
2395 71
148|10
88125 75
5618 80
108932 75
81847 75
72998 66
5816 70
8368 75
7153 80
81834 77
4993 79
149|12
1097 58
1374 57
1831 33
1527 56
260 63
173 37
1206 66
1200 60
2021 51
1580 52
1391 45
1375 47
150|6
3 66
1356 76
5 60
95 59
733 73
1073 77
151|12
786 69
562 84
780 76
837 76
747 69
1265 85
828 72
1073 84
1 83
648 76
1393 80
1359 60
152|13
50 83
2959 84
116897 76
89492 75
1193 80
69481 79
85774 82
115713 76
111 78
92259 83
1234 78
79132 80
318 86
153|20
134853 48
1732 52
8533 40
4014 42
81456 37
106782 47
8528 44
6863 38
87194 28
2617 34
1246 50
106100 47
1954 48
7458 39
4226 53
89904 50
72998 39
133780 70
586 33
36535 45
154|7
114662 87
119145 89
81834 90
122904 85
106072 79
76093 90
77561 81
155|10
153 59
3286 46
1200 78
260 81
141 66
2355 70
2384 63
2948 72
432 55
2959 86
156|20
26313 70
31038 70
1230 76
1711 64
3341 72
6296 65
762 46
2361 56
2076 76
4784 51
661 62
2926 69
8571 70
47 75
3176 68
58 78
848 60
866 81
1485 57
923 80
157|5
785 65
3617 61
2720 39
2770 58
527 83
158|6
1093 73
2605 64
2872 72
2723 67
2428 55
66320 70
159|20
2959 75
60069 72
45720 59
597 59
4022 62
89864 58
49286 55
140110 62
84954 56
4447 55
1197 72
68954 69
6942 66
1961 66
106696 59
480 63
539 58
166643 61
40819 67
63082 66
160|20
126 34
1371 53
1198 70
196 40
3408 58
5349 57
3213 69
2408 41
839 43
3593 23
2748 28
533 48
1975 40
1676 50
3745 55
2011 56
733 59
3826 38
778 68
2840 42
161|8
4980 64
7247 81
47610 75
1223 90
38038 79
3429 88
2144 78
2336 75
162|8
150 88
225 80
168 71
50 97
300 82
266 83
31 75
62 83
163|5
1608 63
1810 67
1747 66
1777 65
1837 47
164|8
1036 81
2916 81
110 86
589 83
3527 78
1101 74
1201 91
2167 71
165|13
2353 63
3624 61
110 77
5505 67
5527 69
3256 68
5956 70
5418 75
5530 59
5450 62
1127 72
3409 58
5881 62
166|20
33794 83
1721 72
4011 87
5378 68
3481 78
49530 78
2353 70
47644 68
54272 79
8961 81
1198 88
2542 82
1036 80
608 89
434 65
5219 68
5418 82
2396 78
349 75
2324 85
167|20
33493 64
4886 70
778 76
3052 68
7147 70
6857 71
45501 54
6480 70
1682 70
2231 75
784 52
33794 73
2083 71
2413 65
6333 70
8961 71
2139 66
150 70
6773 66
35836 63
168|19
3730 90
1248 100
1201 93
1089 90
296 90
923 90
1222 87
5291 81
3543 83
1302 79
3362 86
1148 86
3101 70
57669 91
2076 86
1729 83
908 92
85354 66
80463 88
169|20
3536 82
2028 96
364 94
953 93
4886 90
5400 73
8644 84
524 81
2795 87
1022 84
3114 91
3967 90
1517 84
1035 90
8641 86
6365 81
661 78
457 94
3287 60
1416 82
170|10
318 82
296 76
586 56
377 63
34 67
592 62
277 59
500 62
266 64
588 65
171|17
485 75
1220 88
1025 89
801 74
1259 97
1079 96
828 80
317 78
869 77
380 83
1136 99
1225 99
661 80
318 102
47 92
1198 98
1208 98
172|6
3087 57
3578 73
7438 76
2072 61
3793 69
2762 72
173|5
10 66
329 62
586 59
597 67
588 68
174|14
553 76
520 64
224 72
648 71
161 77
317 65
158 58
780 71
315 60
485 62
282 66
440 73
350 72
10 70
175|5
531 74
8911 70
43904 49
38388 77
8362 66
176|8
165 78
434 66
39 73
368 77
380 74
780 75
47 84
471 79
177|20
42002 64
91542 70
6332 61
3668 73
45672 58
783 62
27706 63
2657 66
114662 73
1206 80
83132 71
5218 69
508 70
3114 74
1321 64
2176 79
8798 72
88140 68
2012 66
339 65
178|16
7361 86
527 88
2329 85
5995 82
6502 82
4235 85
1198 87
208 61
6539 78
296 86
349 73
10 72
4226 86
1240 78
2579 82
318 91
179|14
367 68
589 81
161 80
231 66
288 71
743 52
1061 78
317 68
786 67
592 73
671 78
296 87
434 64
364 84
180|5
1261 82
260 78
1748 76
1242 77
2140 68
181|20
157 57
593 76
596 61
353 69
539 62
516 61
132 63
169 43
25 66
31 56
542 50
6 69
707 55
185 54
464 49
502 39
415 45
480 67
592 62
344 54
182|20
4879 70
6969 70
3911 70
2728 71
4313 60
8042 81
1291 78
3113 57
3578 76
1590 60
161 73
4452 55
224 68
4980 58
4262 73
2353 63
2890 74
1127 72
541 81
6041 74
183|12
480 71
380 66
1196 77
2951 75
2534 40
4085 69
1287 79
2194 78
3247 56
1233 82
2662 64
1408 77
184|20
158035 70
181413 70
193565 70
97304 76
74754 64
168250 73
191005 70
106072 69
166291 72
127152 74
86332 74
80463 80
5816 74
122898 57
81845 79
5810 64
170813 62
174479 70
112852 78
148626 81
185|10
1685 70
2396 69
5377 72
1721 63
5952 77
1393 69
595 68
2085 68
4995 78
899 80
186|20
2605 73
1214 87
1291 91
3745 78
1269 87
2527 77
2532 70
4361 84
1307 87
2968 88
4306 90
2541 77
1702 68
480 83
1097 85
3977 67
919 87
3527 81
593 93
1196 90
187|20
26122 70
3949 76
49272 77
231 58
1206 79
6874 79
1729 71
1209 77
48394 71
6502 75
2701 42
4027 75
288 63
2542 73
7153 79
39427 50
6890 78
1222 75
8949 72
1748 75
188|10
2346 73
1212 93
594 85
1282 88
3469 79
2396 83
1091 61
3341 85
1264 85
2206 92
189|5
48516 86
4993 82
79132 82
2959 86
58559 84
190|14
6711 79
4776 75
8784 74
4995 81
5630 69
4306 79
30749 75
1221 84
4975 65
8961 75
858 83
8464 72
69844 78
7438 80
191|17
496 70
21 70
72 66
175 88
494 69
417 73
17 76
6 76
85 58
292 67
314 75
58 80
235 68
213 44
161 76
160 57
162 86
192|5
356 89
288 74
316 72
349 78
432 62
193|7
44555 73
55442 72
4878 70
6016 74
307 64
1270 71
5618 73
194|5
163 69
1396 70
1500 71
1288 81
5060 75
195|20
3424 75
2770 56
1041 80
1653 75
1923 67
3160 69
4723 48
1863 50
2336 67
2166 48
4308 66
1909 64
260 77
2028 79
3252 65
2908 75
1392 67
1365 68
70 68
190 60
196|7
70286 76
3578 77
59315 75
58559 82
364 79
1214 75
110 78
197|7
1513 64
1240 75
1882 43
786 63
2167 66
153 59
1784 73
198|20
3894 70
3499 72
920 65
1213 75
3949 72
1994 63
1485 52
2572 66
4019 64
1089 75
110 72
593 76
4128 68
1270 73
4886 69
1079 74
2117 69
912 76
1573 61
1682 68
199|20
5464 63
2165 65
2280 49
736 54
5673 66
349 62
5502 58
482 68
8532 70
1172 76
300 62
50068 68
4881 67
3175 64
7445 62
2973 71
34338 63
41997 67
1956 71
377 61
200|20
3809 75
7022 82
50802 68
3968 64
2485 62
500 73
5610 49
590 78
1029 71
53996 72
2572 77
4993 86
4041 75
57640 82
1302 75
1784 77
6383 53
1653 83
1569 71
1517 75
201|20
1748 90
1527 84
1584 83
2858 90
339 79
589 87
2717 73
994 90
788 66
1196 90
2797 83
733 83
1259 93
2174 81
1198 94
2455 78
1569 77
1213 93
160 68
24 75
202|20
3329 70
924 78
29 79
2289 74
1197 82
1196 79
2966 76
161 75
608 84
1209 80
1296 72
3194 63
1784 72
469 73
923 81
2000 74
1587 69
1719 84
3147 81
32 81
203|9
56174 71
8665 74
2407 64
5952 81
590 74
49272 81
40815 73
333 73
296 83
204|17
1136 86
3949 82
33794 81
48394 77
27075 70
1080 81
79008 84
6104 88
8874 84
81591 76
4878 82
91658 73
711 64
2313 79
86320 68
55820 81
5218 74
205|6
912 81
99114 78
91542 70
5816 71
95167 69
96079 74
206|5
36 79
608 89
733 78
140 65
141 71
207|5
2991 65
2428 44
2707 54
3740 67
100 47
208|6
1210 74
2628 54
380 60
2353 58
2278 63
2762 70
209|7
60684 80
1291 84
68157 82
74458 80
185029 83
122886 79
88125 81
210|20
123553 70
34405 88
166203 70
3147 92
31696 75
7649 69
58559 94
2105 76
6365 77
34397 70
4625 61
84772 77
122926 95
76093 90
62836 70
33493 80
1584 83
47610 82
108932 88
122918 86
211|18
58559 84
63113 72
90405 61
57669 84
60684 78
7153 83
73017 75
2105 67
4367 59
356 82
2642 50
1556 38
318 89
44665 75
85414 72
1198 85
1136 85
260 82
212|20
170697 58
122920 68
122892 63
2571 78
5218 66
48394 70
3578 73
1196 74
135143 67
74795 64
179401 65
79132 76
77800 77
108932 72
110102 68
96821 74
8874 76
65261 78
59784 63
2291 70
213|17
3285 63
87520 52
80363 60
76251 78
8957 64
2860 58
1234 84
5419 70
51935 82
69844 84
39446 62
4132 58
858 89
69526 53
4558 54
49530 78
58559 88
214|5
83 70
628 64
743 38
1363 47
802 59
215|20
1172 84
4973 85
63082 76
1291 80
2028 81
3252 68
3210 69
1968 72
1247 84
49272 80
1089 81
72407 49
5650 74
318 87
1208 83
2000 75
1197 82
1196 79
1297 72
4019 70
216|20
104 64
21 66
3996 72
3946 52
2946 62
3993 61
3897 73
2599 68
34 69
3994 65
4034 75
3363 74
1965 64
3422 64
3555 65
3253 63
2087 69
3986 51
2018 66
1923 67
217|20
1867 70
3434 70
1275 65
2468 42
3197 50
1912 67
2302 55
1876 50
380 58
1221 75
2471 41
1918 50
1385 48
3165 65
1590 52
1562 38
1703 53
2056 70
1831 40
160 47
218|6
2657 61
2692 74
1380 60
1198 76
6934 56
5349 63
219|20
60072 50
2115 67
59315 67
6539 65
442 52
30707 71
1704 71
180 62
1219 70
1005 38
27773 66
56156 56
6188 61
6721 60
30825 53
2997 74
1552 51
1500 63
2890 67
1921 70
220|20
3996 82
733 79
1198 90
3994 75
6539 80
1258 90
1917 65
4545 71
33794 84
165 78
71264 81
4623 81
53464 56
5218 78
6365 73
3751 76
32 88
1036 81
5502 73
1591 63
221|20
4338 70
7013 82
8529 70
1080 82
3246 83
2871 85
1208 87
7063 79
2702 66
4029 80
5954 82
2352 79
922 87
2997 87
1278 85
2858 83
1212 86
1959 76
1961 80
3671 80
222|20
81831 70
100498 38
48516 74
1249 72
99813 71
91529 70
59900 50
93287 65
1721 56
2706 59
3273 39
2411 47
64622 64
7143 67
87869 62
778 71
30825 51
42011 39
673 44
64839 66
223|15
55854 70
6711 67
1 63
736 50
1961 64
457 67
2716 64
48394 62
608 72
8784 62
48516 72
3863 51
4306 67
260 68
2683 52
224|11
3496 70
3044 75
356 85
2915 76
289 68
3668 80
1270 85
2797 77
1721 71
2716 82
1259 86
225|15
2423 73
1285 76
588 73
1717 61
2791 81
1321 68
1136 86
1197 85
1753 69
2004 71
2371 64
1407 66
785 69
1060 76
3024 72
226|20
6938 70
32666 70
3552 78
542 56
1240 74
3098 70
2804 79
3668 75
3653 66
2231 80
145 60
2253 56
3052 72
2628 61
762 47
53129 82
4816 69
16 78
2144 73
46948 60
227|19
46976 77
52319 68
81845 83
109487 85
134130 82
215 82
48738 85
47099 81
1196 84
32587 79
912 88
55721 84
1682 80
750 90
778 87
40629 74
97913 79
70286 82
150 80
228|5
2571 83
1373 57
362 72
318 87
3113 59
229|13
34 75
589 79
377 71
45 73
587 73
5 61
475 86
442 63
597 72
364 82
213 45
110 81
527 86
230|20
34330 70
52715 70
47 65
7438 69
527 72
3147 69
45499 56
6537 49
2291 63
1387 68
6863 55
1485 47
595 59
4022 60
2096 56
588 59
4034 67
1676 52
8644 58
2641 49
231|5
92259 82
858 82
593 80
1198 81
109487 78
232|20
31867 70
41769 70
57526 70
70336 49
8644 68
1586 60
44972 41
4019 68
43928 38
30883 41
65802 54
8376 67
39292 75
1035 74
66198 63
66097 72
32011 43
6564 48
7451 73
33164 41
233|20
48394 63
3751 59
48516 74
1721 56
356 70
106100 66
162600 59
608 73
7153 71
134214 56
57669 72
122920 62
2329 71
4239 64
7371 69
3977 45
3147 70
3948 56
49272 69
5418 66
234|20
2616 64
2140 73
172 59
126 50
1562 50
4519 70
153 61
2710 57
3624 66
3483 64
1391 65
438 64
1460 67
2987 72
65 52
260 83
1359 55
3175 75
588 74
2080 71
235|13
480 72
736 61
500 67
454 70
592 67
235 67
595 70
32 80
527 83
648 68
223 76
588 70
377 68
236|30
1214 70
1278 70
1345 70
1350 70
1387 70
1388 70
1982 70
1997 70
1998 70
2447 70
2459 70
2490 70
2496 70
2502 70
2505 70
2542 70
2572 70
2580 70
2596 70
2598 70
2606 70
2657 70
2683 70
2694 70
2718 70
2770 70
2806 70
2858 70
3024 70
3052 70
237|10
32 74
4254 35
94959 66
293 71
1371 59
1193 75
7361 76
7980 67
43936 51
1374 67
238|9
4954 76
3528 80
4265 59
4901 73
4238 66
593 84
4499 82
4957 56
1193 83
239|20
58559 88
5459 62
4085 76
380 73
95 63
7445 76
608 89
7147 81
6378 79
2115 81
4896 79
36529 78
3994 74
33679 71
47 82
590 79
4022 78
208 63
733 77
51662 79
240|20
368 82
543 77
480 84
367 74
810 57
500 79
546 56
110 90
173 66
1 86
542 67
104 79
34 84
174 67
204 61
225 79
383 71
262 87
434 71
420 66
241|16
81786 70
71899 85
527 85
1206 84
1193 83
99114 81
100714 56
8981 78
53123 79
116897 78
56367 77
3910 82
106782 77
115569 78
4235 82
48780 77
242|7
39 63
380 64
231 57
457 76
592 64
454 67
111 75
243|8
112 79
353 87
62 82
588 83
193 59
586 74
181 58
376 74
244|19
3090 80
1049 70
110 81
257 73
165 74
151 73
1090 81
3755 65
2278 73
648 71
1580 72
1957 78
1610 80
1196 81
3256 72
1573 70
1242 82
3753 71
2243 71
245|5
3196 57
2739 55
3114 55
3274 49
1361 59
246|20
1304 88
616 81
1680 83
6016 93
3081 80
44191 84
60684 86
4973 95
1732 91
1298 85
53125 78
2291 84
2692 91
293 88
4011 91
5013 82
60069 92
48082 90
82202 66
95167 80
247|20
48516 79
593 77
2858 73
49272 74
1961 70
44191 69
527 78
116797 73
68358 70
122886 70
480 67
223 72
1265 71
2078 71
1198 77
1682 69
6377 74
1089 76
953 73
919 71
248|11
4886 71
1198 79
166528 70
176371 67
316 59
147374 63
102903 64
189333 78
122912 72
58559 78
5218 67
249|20
110350 70
102903 74
2167 70
94959 79
84601 70
2395 77
97306 74
3408 77
89047 70
91500 73
91542 77
40815 77
69844 84
904 92
46723 75
3826 57
68791 75
88812 61
67695 77
50 90
250|6
1282 85
2407 71
318 95
1597 71
1246 87
8880 77
251|5
142115 85
293 91
356 94
318 100
1089 95
252|8
164179 84
89745 80
6377 83
164909 77
1682 78
166643 75
143355 68
78499 84
253|10
44555 95
916 98
608 97
2300 92
7099 94
4217 90
26366 70
1192 94
4642 99
3363 90
254|20
46578 83
44195 86
207 77
49278 71
6333 79
780 72
110 83
1210 84
49272 84
27846 82
32587 77
2571 86
44929 61
47 81
293 82
1580 73
5995 82
32 85
592 72
48394 78
255|9
1270 60
4467 61
2023 50
3501 33
1663 56
1394 60
3392 52
2542 56
2915 51
256|20
3247 67
88744 84
377 79
4973 95
53972 77
118696 72
95441 72
104841 81
71535 85
2953 66
81229 84
53121 68
30707 90
2571 93
68791 79
170 76
6942 86
90405 70
6537 70
33493 79
257|5
1500 65
594 68
2502 73
494 62
2406 62
258|5
4995 84
7147 78
72641 75
76093 82
47099 79
259|6
508 57
5945 48
1784 57
4886 61
1356 60
1584 57
260|20
7361 83
3556 76
162 86
903 82
5690 86
6337 76
4878 80
5617 78
342 68
5219 64
2997 84
8011 81
1206 84
3317 79
6709 63
8874 82
2348 77
3822 80
2959 86
8645 81
261|11
3897 74
16 77
2060 70
296 80
2723 64
1682 73
4085 69
2194 78
7361 81
4238 62
58559 81
262|12
708 58
539 60
457 72
322 62
339 60
85 49
26 65
17 67
213 35
273 53
593 74
728 58
263|20
223 79
150 76
500 69
2987 71
2953 58
110 80
4226 83
8370 80
1197 84
7458 70
708 68
1111 76
2125 77
6942 77
5013 74
163 71
457 81
8636 78
1967 82
2085 73
264|12
7841 73
1376 65
151 68
5816 69
1907 70
1320 62
1917 56
150 72
3578 74
1090 75
253 67
1876 56
265|20
3807 70
316 58
253 65
1302 65
724 54
1240 69
3504 72
230 65
3831 67
1956 74
3098 66
529 69
1270 75
3791 58
1177 71
2322 58
1488 56
2474 68
1198 78
1962 66
266|20
476 70
2812 70
2700 72
2278 68
24 62
2770 57
2702 59
64 50
1405 53
2580 75
1527 71
2167 62
457 77
1580 67
2300 77
1923 68
2094 62
132 67
2571 80
2097 53
267|12
2858 90
593 93
1175 92
3006 83
1302 81
3999 63
3113 70
1093 82
589 87
2571 93
923 93
3996 86
268|20
1641 66
587 60
1125 63
1911 45
2802 51
1036 65
1370 58
50 74
2064 67
1784 62
1912 67
1966 54
454 61
1234 70
2247 50
1394 70
2829 55
802 59
260 71
2858 69
269|6
724 62
743 50
95 61
1 78
63 60
648 72
270|8
661 55
62 60
79 45
628 64
14 59
1356 65
141 56
25 63
271|9
3897 66
32 71
2791 69
969 69
6787 66
2858 69
55765 65
1320 54
2288 66
272|7
177765 66
1240 71
51662 70
122922 70
49272 76
158238 73
6365 63
273|11
440 79
593 91
500 77
608 93
223 86
111 88
150 84
21 78
466 64
235 76
520 71
274|20
50147 70
2947 73
3037 86
1645 68
4951 67
2036 49
1359 50
35957 65
553 72
76293 60
3918 64
1503 50
45431 66
4816 67
54999 70
5667 70
4876 47
56805 67
1921 77
54004 65
275|20
1784 78
2289 80
5884 70
1171 75
357 76
1912 82
2539 68
235 73
4886 81
2572 78
2355 75
3253 73
1192 87
926 87
111 85
2100 66
3089 87
1393 78
1719 90
1392 76
276|9
673 74
356 100
466 75
104 87
631 77
648 87
2 85
1367 83
344 79
277|6
637 64
736 68
656 62
1 81
780 74
260 86
278|5
2371 67
1347 67
4002 79
318 92
2369 60
279|20
134130 72
1101 62
166528 70
90405 55
61132 63
79132 76
56782 81
97913 69
1608 60
4226 77
59315 71
88129 71
54286 69
1258 78
8665 69
58559 78
4993 76
8376 65
107406 66
1200 73
280|20
92535 86
344 66
262 83
3146 55
4239 81
4447 72
8638 84
919 83
72641 79
86817 56
8368 83
49530 79
6863 73
35836 74
55052 77
54503 83
4246 78
48516 91
1911 61
3916 82
281|5
46578 68
8361 51
35836 58
3897 66
3861 48
282|20
5995 86
3977 64
3263 68
25 80
6708 81
2683 73
4718 66
6711 87
5481 66
6863 75
5669 82
3752 74
588 79
80463 87
1921 87
1193 89
4369 69
48322 86
1194 80
784 65
283|7
1580 61
39 58
1704 72
356 72
586 53
2082 46
805 62
284|18
474 80
173 62
2 73
296 89
15 68
348 81
248 66
318 95
47 84
353 82
275 51
44 58
339 75
367 70
276 68
165 79
637 66
235 75
285|8
1193 83
949 72
1247 85
6978 69
113207 70
4447 67
441 77
296 83
286|20
454 70
778 80
5989 75
1333 73
165 70
500 67
7438 79
2294 65
4993 80
4995 80
7361 81
70 70
4980 59
1258 82
4963 75
1097 74
4848 76
539 67
377 67
110 78
287|20
3160 53
3578 58
223 58
2633 52
1059 54
586 42
3005 42
532 43
1193 62
2599 52
2028 62
1485 40
3826 32
2081 52
8949 56
2012 49
101 59
4034 59
2422 21
2115 56
288|20
4473 70
4966 70
1008 70
2867 69
42015 63
141 60
2571 77
13 59
53519 56
2407 58
5418 72
3916 70
2347 49
2528 56
30810 67
575 49
32587 68
587 65
2517 50
8361 56
289|24
3 70
16 70
235 70
266 70
594 70
708 70
750 70
1080 70
1101 70
1208 70
1220 70
1258 70
1917 70
2012 70
2174 70
2710 70
2797 70
4322 70
6125 70
6327 70
6453 70
7025 70
7028 70
26704 70
290|20
1228 86
1299 82
2494 77
2739 82
608 89
2130 78
908 89
341 70
1447 74
342 72
1056 69
1719 90
953 84
928 86
1394 85
2648 72
475 89
2731 85
1357 83
2385 58
291|7
40815 83
122892 79
106489 79
134853 88
7153 93
88125 88
1 86
292|20
520 58
103339 57
122900 64
4896 69
2291 70
474 68
85056 59
46972 58
95167 66
164909 70
3176 66
3476 61
1608 61
31221 39
1101 63
3985 67
3984 65
1017 61
69844 74
231 57
293|5
1682 60
1673 69
344 45
1617 66
1097 60
294|20
416 40
3869 60
1064 55
2794 43
610 62
2133 55
1391 50
3868 57
1129 58
520 50
3387 41
355 35
2378 49
3693 38
785 54
2193 60
2367 49
2458 45
348 60
3501 41
295|9
1221 80
3198 73
1287 76
1213 77
4351 61
1198 79
858 79
318 83
2329 77
296|6
160848 70
2028 81
169034 70
4144 80
50 84
2324 80
297|15
832 52
543 48
1645 52
111 61
454 53
1089 64
6 58
1249 65
1047 45
1370 49
1488 43
150 57
170 49
1092 44
866 65
298|20
57640 55
95510 42
6811 51
8370 57
8807 48
63131 45
6881 48
3785 40
122900 47
103042 43
6294 35
2167 42
2005 50
6006 37
653 40
55995 32
3018 45
69757 51
103772 44
3825 34
299|5
3793 80
1387 86
188 77
1198 89
1214 82
300|32
318 70
356 70
527 70
593 70
1172 70
1704 70
2028 70
2324 70
2329 70
2571 70
2762 70
2858 70
2959 70
4848 70
4973 70
5995 70
6016 70
6711 70
7361 70
8950 70
48394 70
56174 70
63082 70
79132 70
81591 70
92259 70
99114 70
109487 70
112183 70
112290 70
112552 70
112556 70
301|20
21 63
357 65
2490 64
6711 73
589 70
8949 70
837 63
3948 61
364 74
527 78
5989 70
4963 71
608 78
292 60
3578 72
3897 70
4226 76
3753 63
1393 66
1792 55
302|7
480 79
14 74
3 70
25 78
648 74
707 67
110 85
303|11
5378 65
3703 80
1127 76
5544 73
1196 81
3471 78
1580 71
1394 82
2683 67
920 74
1358 77
304|20
314 79
2571 88
2433 62
10 73
1376 73
480 78
1373 62
1777 73
1270 85
1517 75
151 76
356 85
208 62
474 78
1214 81
1375 69
640 61
1722 67
185 65
2701 50
305|20
74624 70
140627 70
87869 80
919 83
1197 89
106100 83
138210 65
788 61
7482 79
80590 64
103075 63
903 88
6537 67
93840 83
54736 82
592 74
2288 82
58803 78
55276 79
1272 85
306|20
5784 44
68954 74
69644 52
6377 75
95543 56
81847 72
111743 57
85367 64
168418 65
167018 51
72998 63
122904 69
69406 64
85788 40
4963 72
115664 68
134368 66
112852 72
161634 65
133419 61
307|20
2190 70
4181 70
31424 70
49314 70
5010 63
7845 52
3392 60
1220 61
6793 32
6483 31
2332 37
56003 38
1991 46
3273 38
4876 37
3421 64
1409 43
413 45
4447 54
52867 70
308|20
2959 57
45517 39
96821 51
72998 40
318 59
2 38
904 59
589 48
8961 48
56152 42
56367 48
5618 54
36 45
410 35
79132 53
4993 53
8464 45
1221 57
2248 47
6 48
309|20
2202 84
1645 68
898 82
1682 72
296 79
1089 79
1269 74
7153 79
6947 69
8340 70
1104 87
7218 70
25886 66
1219 77
8154 71
971 76
1944 77
6365 64
1262 81
2762 75
310|13
6863 71
6947 75
1101 71
6503 59
2524 79
2457 75
5899 63
733 76
246 89
3254 75
1223 90
1080 82
2671 72
311|6
6561 70
5992 57
1517 46
6461 48
1407 39
2706 45
312|20
5816 77
1375 69
3499 83
589 80
2454 68
1358 79
4878 83
4103 82
3793 78
2028 86
1371 70
4121 72
2366 77
2747 65
4105 79
5446 72
2699 61
2529 82
1350 79
1356 79
313|20
4980 57
170 63
3917 65
2455 64
5544 68
541 80
2193 69
2000 72
6 72
1968 69
1089 79
1301 72
1240 71
3175 69
4865 72
2005 68
2167 61
1375 62
2087 70
2530 54
314|20
7 54
1042 54
44 44
165 65
457 74
293 72
597 64
329 59
442 55
26 67
830 56
728 60
618 70
107 62
536 51
10 62
1376 62
153 52
208 51
150 69
315|7
1262 69
2729 55
2529 63
2067 68
2553 61
909 63
902 62
316|11
1748 68
253 60
3968 49
158 45
5445 63
3751 59
7438 70
6874 71
48 51
3882 44
2572 62
317|20
133115 70
73321 65
91529 76
74545 69
7445 66
1213 77
48774 74
4262 70
1884 73
5989 72
3578 73
4011 77
68358 72
1208 79
72011 69
3897 72
3499 74
96829 78
116797 74
56782 81
318|20
26713 70
81191 70
90245 70
111817 70
127180 70
145080 70
150696 70
7445 73
1090 81
116799 71
82459 76
48385 69
2294 68
64839 79
88125 80
109487 82
4021 92
33794 80
54286 76
89753 76
319|7
115617 86
6377 93
356 94
136864 59
1221 98
122904 88
110 92
320|5
72998 67
71535 73
31184 71
59315 74
1013 66
321|12
587 70
356 81
160 57
592 68
597 70
780 69
339 68
355 48
410 63
3 65
500 68
457 80
322|20
2882 41
1968 63
2542 67
58559 73
2788 73
2146 59
2617 54
2918 69
778 72
2599 62
4027 69
4993 72
1230 68
51540 66
1 66
1617 71
1923 61
4010 56
11 63
1035 67
323|20
377 57
480 61
356 69
1094 52
161 63
115569 65
1198 71
29 68
551 58
22 52
318 75
112183 55
253 59
111659 48
3257 49
260 69
150 63
329 53
342 55
266 58
324|5
2764 68
3972 66
3864 33
3949 69
3897 66
325|20
2848 70
235 66
2986 59
262 75
1573 66
2596 67
1584 70
1217 81
1676 62
4714 44
3770 52
3261 64
2894 70
2155 65
1279 84
1614 58
3994 67
2268 75
2915 70
5008 83
326|20
8665 74
47610 71
20 51
2858 79
86882 73
5418 77
4973 85
133771 73
48774 78
2324 81
1293 76
2692 82
72605 59
70159 46
54286 74
5446 68
6591 81
4226 82
105844 75
31410 79
327|10
3301 78
150 84
858 92
1923 79
51255 89
48516 93
1304 87
765 69
6888 53
2706 78
328|20
2687 58
112852 64
70286 64
1196 67
457 67
364 67
80463 67
3489 61
318 75
595 59
5349 58
2542 64
1219 67
35836 56
3751 57
79091 62
7153 70
596 55
2398 68
1148 65
329|5
130482 70
136850 70
858 55
1884 48
750 55
330|20
5378 62
316 63
1639 72
2918 77
919 76
3949 79
3535 72
5349 70
380 67
1676 63
2502 79
3703 77
1682 74
2683 64
1206 82
1721 66
2791 78
2081 71
8874 80
592 67
331|20
8874 78
6157 50
88125 74
6539 71
3897 73
4446 65
7361 79
50872 73
4995 78
4306 76
6874 79
5502 63
3911 68
608 81
4447 62
593 79
3751 67
8665 71
4367 55
2959 82
332|20
47 72
1653 73
1258 78
316 59
8983 69
431 70
97757 70
2291 70
1835 66
356 76
5502 61
4308 65
1203 74
1682 70
1249 78
76251 69
2905 78
318 82
2294 61
32 76
333|5
3785 49
3752 53
3616 52
3615 51
3646 33
334|20
55820 70
1196 71
1580 61
1291 72
3996 67
589 68
30810 65
4027 70
1 67
64957 62
1625 65
50601 52
44195 74
27416 57
6867 68
2997 75
293 70
480 65
5378 55
51935 69
335|6
780 69
592 68
356 81
296 82
2699 57
2001 66
336|12
1267 93
1 84
38798 66
33660 84
1784 81
2001 75
2268 86
293 88
1625 82
4886 85
50 94
150 85
337|16
318 104
47 93
16 95
805 87
1393 89
266 87
667 68
168 74
784 74
65 65
110 96
708 83
25 89
1356 91
277 81
786 78
338|8
189111 70
190207 70
190215 70
190219 70
7153 68
593 68
187541 45
185029 65
339|20
72641 76
5445 78
84152 86
96079 79
106072 71
69122 74
5617 81
41285 76
56869 70
48322 81
65216 76
91630 74
86504 72
91529 84
83613 65
4993 85
3470 84
102407 75
2028 85
5952 84
340|28
10 70
110 70
150 70
153 70
161 70
165 70
185 70
208 70
253 70
288 70
292 70
296 70
316 70
318 70
329 70
344 70
349 70
356 70
454 70
457 70
480 70
589 70
590 70
592 70
595 70
648 70
780 70
1356 70
341|11
2335 72
3624 68
130087 69
1370 73
135137 58
117529 69
5459 63
45672 66
1 81
47099 82
4025 64
342|14
2683 57
2598 49
2881 56
2369 48
1268 67
2605 55
2599 64
1198 76
3157 49
3826 44
2428 47
2827 42
3863 56
1959 64
343|12
858 90
3000 88
48394 80
4226 88
4878 85
3993 71
2571 89
1617 86
31658 82
55363 84
55820 84
296 88
344|14
111362 79
380 67
316 63
2628 60
4226 81
2571 82
4014 70
2012 67
4034 77
260 79
2541 66
4973 84
5418 76
2712 67
345|13
1019 73
2539 65
926 85
5902 85
8810 60
344 63
5707 63
2366 76
56949 67
3649 58
6658 68
3489 77
412 73
346|20
3174 70
778 78
608 81
6711 76
6286 69
306 79
7323 68
307 69
3535 70
1212 78
357 67
3949 76
714 72
7937 68
7396 77
5878 75
1120 67
1131 74
3627 69
7115 58
347|9
434 58
590 73
39 66
150 74
454 70
380 67
587 69
317 62
457 79
348|11
318 101
2324 95
4368 62
1213 96
6016 97
2959 99
6893 88
4973 99
1221 99
1960 88
2019 98
349|8
10 64
161 71
589 72
381 68
349 66
231 57
588 67
509 64
350|8
852 57
7 56
637 54
648 65
733 68
12 44
858 80
661 60
351|20
88932 70
87222 69
73344 80
52579 61
2231 82
88744 75
43836 65
79132 82
597 71
58559 84
12 49
8914 79
8950 78
63082 77
6214 78
90376 82
84152 84
480 74
4878 80
1193 83
352|20
72998 70
71745 55
1801 72
34319 69
2600 77
65682 72
1080 80
79695 63
110730 48
38038 76
130490 64
97752 73
1214 78
94864 66
41566 73
56587 72
44191 76
114935 79
59315 77
47610 72
353|18
552 62
25 73
267 60
216 73
367 64
288 68
144 67
186 56
333 73
266 71
112 68
198 69
234 56
145 62
293 79
158 57
163 71
296 83
354|20
1610 81
4306 82
2692 84
3147 84
47 79
903 84
733 75
3977 59
1225 87
35836 71
648 71
44191 77
8665 76
1917 61
7147 78
1923 73
589 79
2959 88
4718 61
1196 82
355|6
316 72
1580 78
3035 94
3175 81
317 72
916 93
356|20
2248 76
52435 84
52975 76
7122 70
44889 70
1641 77
2706 71
4011 83
802 70
7323 72
2502 81
56367 77
1223 87
55118 81
3949 80
3996 76
1246 80
1466 74
223 79
7153 83
357|20
4354 70
8998 70
27329 70
2804 82
595 74
529 77
4663 56
4091 70
1224 81
1242 82
34 76
208 60
58559 86
6296 70
30793 65
1042 63
2100 63
551 73
471 75
2067 85
358|9
26095 70
605 56
5066 66
52328 75
2226 70
42728 70
7361 83
69844 79
36525 54
359|15
405 46
1092 57
1101 62
51412 51
648 64
296 77
1097 70
2396 68
2424 59
593 78
2701 41
2942 43
1682 70
2530 52
4995 77
360|5
1422 62
1620 63
1488 62
1711 67
1414 63
361|20
47099 69
1580 62
377 61
1552 53
49272 73
1263 73
53125 61
589 69
49822 65
8360 62
318 80
2529 70
5218 64
6188 63
2422 33
3082 58
1732 74
1370 60
46972 55
7458 61
362|20
1945 88
592 71
6539 77
51540 78
5989 80
637 62
70 74
7153 85
1252 89
44665 76
407 72
6874 85
2959 88
1196 83
1208 87
8961 79
48516 88
7438 84
356 84
1201 88
363|6
1552 50
1732 72
1517 61
296 72
653 52
318 78
364|5
858 93
9 65
783 73
376 71
1 84
365|20
59315 61
81229 60
128975 43
6874 68
90345 58
158872 52
129354 45
103075 42
135536 41
70286 62
112852 63
76077 53
112818 46
1777 54
6502 64
155820 30
541 69
95720 40
93270 34
135569 53
366|7
116797 76
59315 73
33794 75
91529 78
2028 79
122882 73
7438 78
367|20
926 88
3061 78
1270 87
1287 87
486 62
3536 74
3824 59
2384 68
3072 78
898 91
3618 80
3225 59
2248 82
3157 63
3969 75
3717 70
1259 88
4023 67
1196 86
1258 89
368|20
3753 58
2112 50
1944 69
2986 50
3869 61
1214 65
2947 64
415 40
3035 74
832 59
50 73
2819 65
1801 60
2490 59
1917 48
1391 51
2193 61
225 56
161 64
2881 53
369|20
1256 73
785 61
47 72
2706 64
839 51
377 64
52973 65
743 42
4214 49
5418 72
3863 58
1372 62
27904 69
60069 77
2857 59
1967 76
150 70
2011 64
1580 64
3174 68
370|19
4011 75
4878 72
8961 69
6377 73
2628 55
1748 71
2116 61
589 69
2329 75
7438 74
3977 49
1676 57
593 76
4973 78
4226 75
1240 67
1089 75
8636 70
2716 70
371|9
2571 97
112512 70
1258 97
4090 74
56715 87
3000 96
4226 96
4993 95
1748 92
372|20
335 70
924 72
318 80
1603 48
1479 62
589 69
81 53
387 42
616 64
337 69
1220 66
1201 78
165 65
1243 76
1258 76
377 62
1401 54
450 54
1206 76
1306 53
373|20
216 67
60 55
169 45
350 65
585 51
44 45
371 65
163 65
616 66
198 63
265 68
25 68
6 71
733 67
47 72
2 61
736 58
305 48
357 66
141 61
374|7
296 81
208 56
1219 79
480 72
592 67
1258 82
1339 68
375|7
344 64
1027 67
32 86
2628 66
3256 74
4226 87
500 72
376|20
91535 65
2002 68
1214 83
1101 73
2916 81
33794 84
1198 90
349 76
1371 72
376 69
1240 81
1375 71
4993 88
858 90
457 86
4226 89
5952 87
344 66
2763 79
2797 79
377|20
4942 70
2793 57
1262 93
2791 88
748 74
1345 77
5027 67
5113 73
27692 70
3421 85
6021 70
3364 77
2072 75
8641 81
2163 58
92760 70
2858 88
1503 61
2124 76
2015 76
378|10
33794 76
7153 80
48516 83
3114 75
858 82
68954 77
91529 78
71535 73
90600 72
364 77
379|8
318 83
377 65
19 49
292 62
480 69
367 58
597 66
344 56
380|20
60818 70
172875 70
172881 70
172887 70
355 54
6979 74
5476 52
2735 61
68194 76
63433 67
72356 80
105731 56
1833 61
551 76
6731 75
27831 84
1665 66
393 60
140956 77
2791 85
381|20
2085 69
1088 64
3253 65
185 58
317 61
27808 64
1240 72
19 51
3753 67
4321 67
72011 71
3082 64
333 70
2140 68
1385 56
2273 63
1208 81
457 78
104 66
2716 75
382|20
1204 89
142372 49
135532 63
1201 89
112171 69
1198 87
912 87
81847 81
4638 62
63540 47
1681 53
170289 70
103042 69
72737 77
2496 70
357 75
81537 69
59501 72
101362 55
4890 66
383|7
2436 78
2541 70
2496 68
1584 75
2558 49
1246 82
903 84
384|14
3527 64
1388 48
2683 58
2502 73
4333 53
3098 64
4396 51
457 73
358 49
968 67
2724 48
296 75
3991 54
1204 78
385|20
736 58
1080 74
249 71
1219 75
1036 70
1136 79
282 59
1073 71
1200 73
1228 77
1022 66
1007 50
1201 80
1246 75
344 55
589 72
1023 70
1287 76
594 70
1303 79
386|14
110 64
410 48
112 52
165 56
223 62
648 54
185 45
608 69
485 45
305 38
44 35
585 41
349 55
10 53
387|20
4393 70
5156 70
5780 70
7336 70
26124 70
40966 70
2712 60
5062 59
1247 75
5489 70
4195 58
7132 72
2946 57
1387 71
3000 74
51939 52
4995 73
912 74
7938 70
1783 49
388|6
6158 70
63239 70
33615 66
86298 65
62999 69
8360 71
389|7
17 89
140 73
628 87
762 61
743 61
95 71
32 95
390|17
6344 70
64957 73
4239 78
5220 58
1193 84
2571 86
9010 79
2291 77
5296 55
4226 85
7254 74
6377 82
63062 75
1206 86
2329 84
4014 74
1784 75
391|20
5575 70
500 66
3994 67
1213 80
516 65
199 74
4027 77
150 74
1408 78
4014 70
1527 71
1059 72
2916 73
4973 84
357 69
555 71
5026 76
4936 66
1210 79
3067 68
392|5
3004 49
2858 76
707 58
1198 80
1125 69
393|20
91658 69
102125 70
48394 73
36517 65
8636 75
110102 71
44199 72
5388 64
54259 68
4848 75
5669 72
1291 78
68848 68
86190 64
2571 81
1206 81
122892 66
106642 82
1625 71
106489 66
394|5
588 58
316 51
344 47
225 55
457 67
395|13
329 59
1025 68
296 76
160 51
208 51
173 49
485 54
355 42
520 57
595 65
126 41
48 56
367 57
396|6
1276 71
1597 53
1777 58
44 40
204 40
2081 62
397|5
4017 79
8645 83
1701 80
8228 76
6993 75
398|10
6408 70
1197 89
5971 83
7022 84
1198 89
60069 88
2455 73
1136 90
48516 91
82459 80
399|8
1198 81
110 77
5445 72
1196 77
593 81
480 71
1270 78
2194 78
400|9
608 90
356 87
2571 89
2959 91
7153 88
1221 91
3578 84
858 90
59615 66
401|15
5952 76
6297 67
55768 57
48982 68
166461 64
49274 46
50872 72
32031 57
79091 69
170939 70
38038 70
8360 65
3114 72
33615 59
1136 79
402|10
1084 89
597 76
52 77
329 71
296 88
586 68
315 64
1036 81
434 66
527 90
403|7
110 79
2427 65
3210 69
296 82
61465 62
1663 76
180 71
404|12
204 47
349 67
474 70
34 70
364 77
508 70
105 60
593 80
509 66
277 62
315 56
185 58
405|20
70708 70
293 84
7254 76
37731 77
2959 90
345 80
1213 87
7134 70
64614 87
6023 75
1241 79
2329 87
1247 89
3052 78
68237 81
1199 87
27592 77
27664 65
3418 73
1215 90
406|5
1586 48
135 43
56949 49
46972 47
724 44
407|5
7153 81
2959 84
6539 73
1240 74
54286 73
408|20
1198 93
122904 84
44840 83
165101 66
6618 84
1291 90
1210 91
89745 87
1278 90
7324 75
44 60
8641 82
115210 81
103596 57
68554 71
2571 93
109487 89
63131 77
80489 85
4649 80
409|20
2485 61
2490 74
2028 86
3812 69
1278 85
2997 87
296 86
1078 72
3016 66
1073 80
2683 69
2289 79
3846 69
912 87
2013 65
1911 59
2352 78
1230 82
2541 71
3174 77
410|20
389 70
3224 89
318 91
2302 69
4002 78
1060 78
4297 69
3263 64
1859 71
111 83
58 84
2145 74
3255 72
2321 75
3504 82
3948 71
11 77
4019 75
3 69
597 74
411|20
508 68
261 72
586 57
432 50
353 71
431 71
194 66
318 83
272 70
515 75
356 76
266 66
257 66
349 65
10 64
31 58
344 55
227 50
455 46
122 48
412|20
2828 40
2384 64
2915 73
903 83
608 86
2720 42
2858 81
1883 68
1307 78
1214 78
1784 74
2239 88
1 77
930 84
1136 85
2710 56
915 73
2398 82
17 77
1079 82
413|12
2706 83
1198 96
3753 82
2424 77
593 96
128360 90
4993 95
16 92
5574 79
3948 80
64957 83
2959 98
414|20
4458 70
4666 70
5285 70
5635 70
6033 70
6493 70
6563 70
6628 70
6797 70
48319 70
58879 70
169992 70
3802 49
3599 64
1600 70
8666 35
4975 65
7444 67
4081 50
177593 88
415|19
296 84
1213 84
4321 71
3507 83
4308 72
47 79
1021 55
111 81
2617 65
1276 83
3861 61
4369 63
99114 82
1221 87
63082 78
1234 81
45722 73
1197 84
175 90
416|11
5952 64
5951 41
531 49
1296 56
1199 66
1721 50
830 46
1206 66
7323 55
4848 61
3677 60
417|14
778 88
4995 88
4975 72
7254 77
1198 89
106782 83
27773 81
168250 79
1625 79
7153 88
74458 82
110102 79
48394 81
4878 85
418|19
356 78
296 80
63082 74
104374 77
1276 79
1136 81
117176 72
1573 65
137337 73
1682 73
5816 70
88125 75
74458 74
367 60
89745 74
45672 58
87869 71
7361 80
54001 72
419|20
4093 70
111 82
46976 75
27822 57
2858 82
319 78
6287 65
3578 80
1213 85
64969 73
47 80
79592 68
34319 70
89580 70
60756 75
27704 70
90943 70
2412 47
1240 77
52245 64
420|20
1161 75
4993 84
45499 70
923 84
26693 70
48385 69
1927 80
5608 80
2052 63
6934 66
7022 80
3979 55
59295 70
2329 84
54259 72
1131 80
2762 80
4973 88
5669 76
527 86
421|8
2858 82
909 80
5008 87
953 81
1178 86
2313 78
2478 61
1203 82
422|19
2539 59
2710 51
4947 66
4971 59
5039 77
4925 70
2581 57
4916 54
1265 74
2804 76
3053 72
2665 70
1283 83
4835 69
2908 75
3943 62
1213 79
2670 65
858 81
423|5
1653 76
110 77
2194 77
5349 68
1320 62
424|20
1193 79
141 63
2804 77
40278 68
608 82
108729 61
293 76
69122 68
1092 59
54503 74
58559 80
3186 68
66097 72
778 79
5679 64
3176 68
2288 74
2174 67
71668 68
112556 73
425|20
45517 64
377 67
2329 79
733 70
6 73
1645 68
8368 75
2081 70
4306 77
1680 71
1909 65
367 60
46723 67
1625 71
1036 73
4901 69
750 82
2353 63
1342 53
145 58
426|18
59784 68
150 75
471 73
337 76
54001 74
1197 83
6378 74
72641 73
4886 76
8644 70
37729 71
597 70
5444 76
91325 48
588 71
3247 58
4022 72
79091 74
427|17
4887 51
5463 50
5015 63
110 71
58 72
5528 61
6348 41
5312 55
2710 46
5696 44
4993 73
5266 53
2683 57
5400 51
5816 65
1208 75
5574 58
428|20
2471 36
2762 63
3827 45
1089 67
2953 42
2916 60
1380 53
1997 62
3440 29
4022 58
317 48
4255 33
1208 69
1391 48
6377 65
2581 45
260 66
3285 44
588 56
653 47
429|12
339 77
421 70
150 85
225 77
165 81
266 79
329 74
252 77
279 69
317 72
237 73
204 59
430|12
923 83
2987 71
3745 69
6287 63
2858 81
6365 68
2571 84
4447 67
4014 73
329 66
2076 79
4446 69
431|5
172 41
1625 58
1376 53
3948 52
802 54
432|20
1831 51
5630 71
6870 74
8640 60
6539 75
3916 76
5989 77
84189 70
110 80
35836 69
4886 76
2762 78
1206 84
49272 81
19 54
318 88
58559 83
69481 80
7158 77
33660 75
433|5
91529 71
1089 73
50 75
5299 56
110 70
434|20
1136 82
3147 79
1090 77
1265 75
5989 74
1101 65
1779 57
586 60
344 58
3863 61
1208 81
3160 71
589 74
780 67
6796 74
2791 77
4226 80
2194 78
8665 72
1291 78
435|9
2353 72
44191 81
485 67
3510 74
34405 84
2302 72
158 62
82459 81
48780 82
436|20
204 48
435 46
440 69
432 52
161 73
480 71
377 67
531 64
536 56
502 44
364 78
235 66
371 68
344 58
2 64
585 54
450 59
587 69
437 50
227 53
437|20
748 69
318 91
5 63
640 60
1299 81
1120 75
1396 75
1246 83
454 75
1171 73
1225 88
1183 77
1097 79
1307 80
1268 78
592 72
198 71
155 53
112 70
246 89
438|20
7154 58
2501 74
8966 63
27801 80
1527 73
6711 80
3898 44
1784 73
8644 71
6367 67
2424 65
3889 49
223 78
1517 71
7361 83
2641 62
5009 64
2617 64
3753 69
2393 66
439|5
356 83
4022 74
7153 84
78499 83
1240 76
440|7
8690 70
541 83
29 79
1653 78
1274 79
3174 73
1235 87
441|9
589 89
2683 77
2959 97
4306 92
260 93
296 94
51255 93
47 89
68358 88
442|5
2908 27
2881 14
1186 26
3752 16
4361 23
443|8
2329 85
79132 84
296 85
48394 78
106487 77
108190 64
7153 85
63082 79
444|9
356 83
592 70
208 60
21 71
111 82
110 81
235 70
296 84
344 62
445|16
2028 80
590 71
34405 75
47 75
116897 75
780 66
4011 80
899 81
593 80
33794 76
1080 76
45722 69
17 73
1230 75
306 81
2710 52
446|17
237 57
339 61
300 63
296 75
480 66
368 64
288 60
172 50
17 69
16 72
357 64
150 69
434 53
153 51
648 62
593 76
337 69
447|16
257 79
293 87
337 85
531 75
382 66
589 85
552 69
253 79
362 81
532 71
292 75
31 71
474 82
540 65
442 70
160 65
448|373
2368 70
3284 70
3933 70
6302 70
6476 70
7245 70
48262 70
49688 70
75803 70
75816 70
78116 70
79590 70
86593 70
92198 70
98908 70
100326 70
102819 70
104760 70
108715 70
109191 70
111680 70
113416 70
116207 70
116985 70
129657 70
130083 70
133377 70
136654 70
138546 70
142424 70
151777 70
152658 70
157130 70
158022 70
161290 70
164375 70
53996 57
136778 70
5418 67
288 56
88356 39
2580 67
155358 70
2889 65
4034 68
148888 38
81156 69
2713 42
103335 63
95441 52
34048 54
80126 44
3057 70
1057 63
2794 46
33830 64
8665 64
6059 60
110553 46
90374 65
151501 70
3764 41
6143 58
103819 47
4361 63
104913 61
3986 45
5528 59
1196 69
105351 42
83349 54
3276 70
1090 68
5349 61
587 60
106330 47
4677 54
95508 70
109895 34
110611 70
671 63
2289 65
152077 65
80693 51
111360 45
170 57
87444 47
94323 54
8493 51
3671 65
91653 50
4981 70
2991 65
78034 70
119145 68
5099 46
4299 55
2567 53
6996 28
109864 29
6582 52
73017 63
370 52
543 56
115617 63
590 63
154065 70
5553 52
41569 58
3286 35
6645 69
589 66
1920 46
2857 54
111663 51
78499 71
2657 58
6537 50
1148 68
46974 48
48516 75
80241 53
445 49
4262 64
3689 31
114935 67
6428 60
127194 70
109673 50
127096 56
89388 70
4156 70
3793 64
33679 56
2014 48
64285 67
3968 49
49530 62
3450 56
160563 54
5502 56
8169 58
6314 29
122490 70
3386 64
140725 50
4896 63
2642 38
127136 61
2763 63
2520 70
457 70
48783 65
3263 50
5400 49
5541 52
4011 72
58351 70
127132 70
152091 55
3698 58
435 38
4799 48
84152 73
3401 41
2858 69
3174 63
7076 66
106542 70
6218 57
2860 43
1283 76
3618 64
2616 51
90439 64
2404 35
4660 70
2530 47
26386 70
4327 56
3030 68
71464 53
32 71
91529 70
4158 38
99114 70
98585 53
93326 44
2268 66
80489 65
130576 44
105504 70
2791 69
50601 50
7007 54
4234 48
3623 48
80727 62
78467 29
8641 62
4128 65
106782 66
2537 45
112138 62
3247 47
112818 50
2027 34
3101 52
5779 70
82202 46
1704 70
98296 70
6863 57
89305 56
4203 53
1201 75
6212 37
637 48
84954 56
6814 70
94864 55
67695 61
159077 70
92439 61
6812 37
3156 48
802 59
118354 70
134130 67
138036 59
65135 70
52975 64
4368 38
90717 55
45722 61
79259 70
68157 68
4233 32
74458 66
3258 51
1262 74
3949 69
101025 41
69526 38
1831 40
1083 53
1884 67
1476 62
156609 48
3755 53
111659 49
4734 53
161 65
95201 70
135887 56
2598 47
87232 63
4634 66
5334 42
5459 47
146730 70
72694 70
157432 70
132488 70
4558 39
1375 55
6424 70
71518 57
2716 67
94780 46
3593 26
129354 49
158 46
1409 45
6514 70
2881 54
51662 64
90522 54
68554 51
2126 50
122932 70
93510 65
137857 65
125916 36
2953 47
2090 60
1760 20
480 63
58803 62
2109 61
50792 43
46062 39
85510 53
80864 70
112171 55
122900 59
2587 58
1527 63
117529 53
4993 71
92264 51
5247 51
533 52
912 73
26464 70
2249 59
4678 59
103772 56
114601 55
96861 54
420 44
59615 50
2349 61
109372 45
95207 50
348 63
19 43
136020 50
4502 36
91094 47
138208 47
3511 43
79428 60
2643 29
109183 70
2139 61
4212 70
5942 53
96417 52
112852 67
99728 54
89470 57
142448 54
64983 54
2640 61
2046 55
4881 65
3882 45
3744 47
1032 59
116799 58
5 49
4040 38
157407 70
2115 66
1617 71
4367 48
105254 60
3388 40
3760 60
2146 58
2968 68
6281 53
466 46
96448 44
86332 63
64969 60
115170 70
1036 65
3397 64
2474 63
1408 69
155743 70
106920 75
8542 64
120466 56
2051 27
7143 67
7150 42
89087 43
34150 48
2253 47
2973 69
449|8
1917 55
2502 76
4034 74
1222 74
2770 55
762 43
2011 65
2324 76
450|11
3977 61
589 81
110 83
3363 82
3535 77
3948 71
3409 64
1035 81
3568 70
358 60
1259 86
451|7
733 75
593 85
7 63
5 62
494 72
25 75
17 78
452|20
4025 75
2858 96
2617 80
5292 89
1206 100
1676 80
3219 76
47 94
3101 79
163 87
1092 78
1917 76
2126 77
1356 91
552 77
2628 78
1200 94
608 101
2707 81
3273 67
453|20
208 63
858 90
2335 73
4022 78
3618 80
1617 87
3452 69
1357 85
112 73
2671 74
1884 83
1894 62
2294 72
318 93
1614 65
3534 71
2959 91
798 60
5266 67
780 75
454|9
7361 82
2692 81
7116 48
55820 78
6016 82
27773 74
2160 79
2858 78
26131 80
455|12
272 72
432 51
367 60
590 71
253 68
364 77
555 70
252 65
110 76
225 65
588 68
597 67
456|9
1407 71
634 48
135 66
5 67
724 67
780 76
733 80
260 89
706 70
457|10
329 60
3593 31
2692 78
1356 71
223 73
2394 65
2701 41
3608 59
733 68
2094 60
458|12
597 78
185 69
10 77
380 76
95 67
454 80
300 78
595 80
153 67
587 79
150 84
552 69
459|6
79132 89
5618 90
8961 84
48780 84
50872 84
260 88
460|17
89039 70
4886 85
4703 73
3831 82
1441 82
4878 89
3483 71
8970 80
1 85
49272 90
40815 82
85414 81
68237 86
76093 89
47610 81
63082 86
2571 93
461|6
74458 61
2762 62
1036 59
91500 53
3578 62
539 53
462|20
26838 70
89090 70
164655 70
188189 70
1136 75
1219 71
158966 74
1248 83
508 64
1653 70
1674 66
8917 59
8620 30
3424 69
2146 60
7044 69
3814 73
1213 73
82857 70
26131 72
463|7
6377 85
2028 87
4310 67
3753 74
2006 69
1092 67
5995 84
464|20
1370 72
58025 65
63853 50
296 86
2019 87
3527 75
5254 68
7007 68
1101 71
1779 63
377 73
1653 82
55820 83
648 73
33493 73
1610 82
65088 76
74727 67
1617 85
62374 76
465|20
2941 83
2987 75
1200 83
3448 76
5060 82
1299 83
3703 83
3649 60
1625 78
292 71
904 92
3101 67
1754 78
750 90
1256 83
593 88
3732 73
3740 83
3334 88
377 74
466|20
5418 79
30793 64
79091 76
92259 87
5989 79
5459 59
318 90
63082 78
59784 71
5010 77
74458 79
6281 66
5952 83
8529 68
64716 78
68954 81
4993 84
45447 65
81845 80
55247 80
467|22
41 70
58 70
389 70
466 70
527 70
593 70
780 70
1183 70
1233 70
1357 70
1365 70
1408 70
1721 70
2028 70
2125 70
2324 70
2334 70
2384 70
2390 70
2393 70
2394 70
2493 70
468|7
592 68
349 69
1 75
317 63
296 82
32 81
165 71
469|20
3658 70
3832 70
3507 79
3032 78
2736 74
2132 80
1958 78
910 78
1090 76
1485 57
1388 53
2321 68
1234 77
2081 70
1193 79
36 71
2908 76
909 76
2023 68
3255 66
470|16
253 71
318 87
110 79
588 71
282 64
5 59
597 70
32 81
595 71
592 68
500 68
26 73
356 81
357 71
434 60
300 70
471|6
2571 80
8874 78
527 81
1 72
8360 67
7147 72
472|6
58559 87
3450 71
3298 75
2840 60
1221 90
858 89
473|8
4979 70
2959 82
60 56
7147 72
6281 60
3897 73
48322 74
2596 65
474|422
638 70
2179 70
2697 70
4046 70
5114 70
5311 70
5353 70
5455 70
5601 70
6201 70
6273 70
6382 70
6407 70
6592 70
6912 70
7702 70
7826 70
7832 70
7839 70
8057 70
8446 70
8458 70
8459 70
8611 70
8650 70
8774 70
8938 70
1466 70
6708 70
2940 71
2616 58
2334 53
7139 71
4218 70
371 67
750 81
2935 63
8645 77
5481 55
6370 78
25865 70
2553 72
912 80
2467 71
5548 65
7301 73
52967 64
5945 60
480 70
1983 43
3462 71
1068 70
8600 72
6650 73
8482 70
6791 80
4016 67
1784 69
3668 72
3977 53
8961 73
4160 66
30820 61
6984 70
2750 67
5034 55
7716 70
2612 70
4419 78
1300 74
4187 66
1187 61
6565 73
272 71
5440 70
25937 61
1099 62
3125 70
5826 70
5649 70
7256 80
4912 66
6016 80
1208 80
2083 74
3385 52
2310 61
3360 71
3163 63
1413 72
4081 47
1643 66
968 71
2116 65
26965 54
5954 74
1263 77
5116 70
3536 64
8778 60
63433 57
2952 70
318 84
3394 54
1200 74
3384 74
4356 77
932 71
7698 70
516 64
4873 74
48385 64
39869 83
1902 70
2641 58
7036 52
2181 62
4638 54
31116 72
2455 64
2146 65
628 70
3897 73
1030 51
4022 69
344 57
3196 76
92 47
237 61
6770 64
3259 65
3368 67
26151 66
1293 72
34072 71
3044 68
1639 70
5944 65
6539 71
477 62
7361 79
55687 70
58 76
4014 68
3467 67
8154 70
4191 61
2134 61
4644 64
4293 58
5013 70
1399 61
1196 76
2918 75
5899 55
4465 69
100 54
361 62
3341 71
8921 70
195 61
3789 70
4709 59
1588 59
3468 81
4678 66
2723 63
2118 74
1939 78
7019 51
3147 78
1792 58
33903 73
1682 72
41566 68
1693 67
1957 73
5021 65
2313 73
3870 70
948 71
47099 73
3447 68
6614 58
216 68
5619 61
3987 45
5060 74
3111 73
45950 72
32584 56
5525 70
2567 60
5956 68
7 57
1172 81
3217 61
8331 70
587 67
5238 61
1189 77
2416 61
832 67
3095 69
7386 66
1223 82
7058 70
5246 43
5418 74
27803 75
26 70
4002 71
1135 56
45 67
6945 71
2411 55
2520 70
7347 62
5375 70
5673 71
3039 67
7833 70
33781 54
720 80
2103 43
33154 74
608 81
1327 48
101 75
7061 70
5451 55
5682 54
5434 69
6609 70
31658 73
4578 46
2009 69
4704 70
7572 70
4929 55
3306 68
6334 59
5379 80
5437 59
42418 66
4128 71
7451 72
2786 41
2243 65
27846 75
6197 58
3264 49
3608 60
5603 70
6124 59
1222 75
1663 73
3566 55
3755 60
2628 58
4815 55
2089 68
7102 59
27706 62
7013 75
1348 67
45666 49
5755 49
4055 72
2058 65
4462 41
1544 54
2405 57
4998 70
273 58
1977 53
1732 78
7822 70
7073 70
41527 64
4787 65
1676 60
3708 61
6669 63
317 60
25940 70
971 76
7366 55
3115 82
7026 53
2710 51
50685 74
2114 71
3809 67
3516 60
2770 56
535 59
4878 76
5992 78
41997 72
1083 59
4487 59
7293 67
1016 66
2006 60
1007 52
4993 78
3412 68
5007 70
3929 55
6639 60
8712 70
1876 56
3546 70
34359 70
7579 73
7325 66
6837 70
2634 64
7753 54
8943 42
8385 70
4308 66
3246 76
3745 65
1148 75
42002 63
50740 71
3952 61
1927 75
7581 58
910 77
3948 64
54881 78
1284 78
4007 68
5341 63
3675 80
52975 71
6244 54
965 72
454 68
1247 81
7215 63
1282 74
8207 77
6242 69
6502 75
4509 54
3528 75
2391 74
4262 71
4039 56
42018 31
3271 72
976 70
48394 71
5384 70
5168 70
1358 72
6534 50
8773 70
2384 59
48780 73
1269 74
4600 54
2642 45
111 76
933 81
3578 74
5297 40
944 73
6020 70
2123 53
748 62
4896 70
5380 72
53953 59
3712 52
25996 70
1997 73
4464 76
4085 67
51540 72
2707 61
2069 69
6710 66
1488 58
6378 71
928 77
3038 77
7116 46
44511 70
594 71
1962 68
421 57
4316 42
2761 77
4823 57
892 77
1345 65
5294 77
1408 76
6579 73
3272 58
3421 72
3844 64
6787 73
37736 76
2249 66
1610 75
2468 48
3498 75
4902 73
6268 72
5225 78
5404 71
929 70
25999 70
7835 70
805 68
4126 60
475|20
6539 90
4993 97
87232 89
40815 88
5816 88
8644 86
81564 88
4701 84
81834 95
6564 66
68791 85
111759 92
7153 98
1527 89
71530 73
4896 89
106487 89
112852 93
3578 93
82461 81
476|14
594 78
34 76
380 71
158 59
153 61
586 65
440 74
364 83
378 63
357 74
224 73
165 74
296 85
11 76
477|20
34 75
913 85
3100 82
2105 68
1271 70
1207 86
70687 42
2174 72
45672 63
4571 78
3973 43
4226 85
1103 87
5291 75
348 75
3593 38
1 77
1274 82
6502 80
59615 62
478|5
1917 48
3114 66
594 64
1584 61
1101 56
479|20
5365 70
4488 61
524 63
1025 71
3707 53
1220 69
4010 62
3244 67
3526 69
4092 58
1968 69
4700 62
4003 65
3671 72
2671 64
341 70
2012 65
2542 73
454 67
2384 59
480|20
43914 70
2700 70
8533 66
2193 69
2797 68
3484 58
2571 79
1210 77
2596 64
8866 56
47610 67
6306 74
5379 79
2018 66
7153 78
3911 68
44191 71
38061 79
5673 70
380 64
481|7
1608 53
1687 52
1629 48
1729 62
1620 50
1597 51
1485 47
482|20
2068 72
8985 55
1036 72
474 70
1042 57
4389 49
780 66
27706 63
3211 69
1610 75
4367 55
1374 72
1220 70
1602 46
653 59
592 65
30812 70
4862 49
8361 59
8529 62
483|20
105325 70
783 65
2541 68
2959 86
109971 70
45722 72
1199 83
50872 77
2000 76
4306 80
69757 74
2683 66
2273 66
1588 63
109487 81
66934 79
1721 67
2328 49
68522 70
8972 68
484|20
93320 70
1438 57
6155 68
6944 79
2706 75
33166 80
6874 88
3697 67
1059 79
76293 68
919 83
2762 83
1821 63
837 74
5810 69
1753 72
3254 77
4718 64
2413 77
3646 52
485|5
588 78
161 82
253 77
292 72
231 68
486|12
653 71
47 86
110 89
153 68
474 82
95 67
288 76
329 74
161 85
318 97
292 76
6 85
487|12
27611 60
8961 59
318 70
1198 66
31658 60
1197 65
6539 57
5445 57
116797 61
4027 61
8874 64
86377 64
488|20
720 78
838 68
608 80
1223 81
26 69
5135 67
2109 67
7720 49
7303 68
4014 67
5995 74
457 75
105 58
1136 79
272 70
1269 73
3176 66
1278 76
1125 68
910 75
489|20
79536 70
86000 70
4848 66
736 51
8387 25
4700 55
45666 41
4720 60
2683 54
2021 57
2389 35
1619 56
950 63
58559 72
2236 53
2167 53
1616 50
247 74
376 51
2717 50
490|20
46578 66
89492 63
81591 61
91077 67
60074 47
5816 60
4144 68
54001 61
1 62
1784 59
7153 69
4993 68
89759 65
86320 53
60128 50
76251 61
8368 64
69122 58
2006 50
78499 68
491|13
106782 89
69757 87
7293 83
27808 79
4246 85
3948 80
104374 92
86833 83
140110 85
8529 78
180231 70
4306 93
88405 76
492|20
736 73
784 69
628 84
858 95
852 72
64 63
990 69
830 73
743 58
62 81
52 82
1499 53
66 63
1210 92
881 56
1474 53
1405 67
724 70
1047 74
65 60
493|13
2985 59
4444 66
2916 67
1275 67
2571 75
1527 65
2028 74
3793 66
2167 57
1215 77
4701 60
2924 75
260 73
494|5
1196 81
4498 66
3578 79
2028 84
1210 83
495|20
140523 70
115149 83
1259 89
1721 74
136562 77
80489 83
19 60
50872 84
231 68
102123 72
52319 70
7254 78
7360 85
8528 81
1645 78
46578 86
30810 80
2918 86
148626 87
56775 70
496|6
1221 77
99149 64
858 76
904 79
8865 52
114713 48
497|11
1193 72
112556 66
112290 67
1916 60
92259 74
2329 72
112552 69
1258 73
2762 67
5349 61
111362 70
498|7
344 67
231 69
648 76
10 76
300 77
356 88
316 71
499|6
1202 73
2337 65
38304 76
327 64
56286 74
1304 81
500|18
2599 61
2987 59
543 56
2700 64
2542 66
1265 67
2916 64
356 71
3301 59
1784 62
1914 63
595 61
2355 59
3536 57
1885 55
322 60
838 62
720 73
501|9
6 67
62 62
93 50
45 62
3 56
637 50
11 64
18 64
662 45
502|7
7236 65
1077 71
4412 38
3469 62
2001 60
2520 70
1777 62
503|19
7455 70
7361 75
4878 72
356 73
91500 61
593 75
527 77
858 77
4226 75
1259 75
1342 48
2877 53
92509 53
90866 67
500 61
441 69
48516 77
2858 72
48394 67
504|18
4995 84
5812 76
2321 73
1 78
3556 78
7153 84
6708 76
1288 85
6927 70
4033 77
4700 68
6565 79
342 70
3408 74
6879 71
4361 76
5952 83
5955 76
505|7
1241 76
4105 77
1029 68
74685 63
273 64
6502 80
54999 74
506|9
59258 58
54272 67
37741 71
56782 79
62293 68
51834 57
49286 59
112556 69
61024 65
507|5
165 65
266 63
253 64
377 62
593 76
508|5
2872 40
2011 38
1952 50
1175 50
898 54
509|20
26958 70
130073 70
2028 73
87232 64
33830 65
5313 45
48 54
2090 62
2080 60
6942 67
8907 41
6156 53
5816 64
39 58
3988 51
6807 71
7458 60
1196 71
45447 54
616 63
510|20
1882 24
7026 38
35836 49
494 50
1198 64
514 53
457 61
2935 47
858 65
2699 37
317 44
8949 57
2918 59
145 41
1262 65
6787 58
1208 64
372 39
1242 60
40819 58
511|11
2959 94
53953 71
115149 84
164179 89
6534 61
99114 88
92259 93
318 96
2324 89
1653 87
56757 81
512|10
480 75
150 77
349 72
47 79
350 72
442 63
457 82
50 86
317 65
593 85
513|7
5952 79
318 86
2174 68
235 66
1304 78
1220 72
1080 77
514|20
1335 70
5704 70
62586 70
168358 70
180263 70
1704 77
2005 69
2792 61
2013 58
1673 80
134130 74
76093 76
1333 71
58998 71
68157 75
2406 66
3210 66
54503 73
4855 74
1644 40
515|6
33794 91
2028 95
527 97
91529 94
58559 96
2959 98
516|26
260 70
457 70
480 70
647 70
708 70
1042 70
1090 70
1197 70
1198 70
1954 70
1958 70
2021 70
2259 70
2268 70
3052 70
3471 70
4027 70
4291 70
4306 70
4321 70
4322 70
4333 70
4337 70
4349 70
4361 70
4429 70
517|20
4306 57
53125 45
1265 54
165489 70
97938 53
88744 51
86880 42
4148 38
26761 70
3398 50
1293 53
3988 37
2858 56
4963 54
1204 63
1704 58
47629 51
7669 59
1206 60
46578 56
518|5
3101 61
2657 67
783 63
1876 58
6365 65
519|6
1704 95
356 96
140110 87
6378 89
7445 85
1968 88
520|20
7266 70
318 91
1049 72
59315 79
4995 85
32 85
2716 80
4333 64
1291 84
1732 85
4085 74
2723 70
3081 74
3994 72
33493 73
135 62
2393 69
60516 52
2406 72
1584 76
521|8
661 66
112 69
86 79
104 70
58 82
79 57
52 73
852 63
522|20
99114 79
81932 71
89492 76
63113 70
2959 85
1193 81
1375 64
4993 81
223 77
27611 77
76060 69
180 71
59315 75
1617 80
10 68
67255 79
2023 70
6187 75
318 87
127098 84
523|15
168252 101
8970 85
5989 91
318 102
91529 96
1721 82
293 93
65261 98
4270 74
3147 96
27731 85
134130 92
31696 79
527 99
101962 83
524|20
1356 71
150 71
552 56
748 61
344 56
442 57
253 66
1225 80
20 47
589 72
1242 75
544 57
173 51
1302 66
380 64
457 76
1020 63
788 51
193 43
466 52
525|20
120807 70
317 61
6863 65
8622 69
33004 67
7147 73
2396 70
40815 70
137337 73
1639 71
1968 70
91869 70
45880 62
2100 58
339 65
4886 73
50872 74
86332 70
8983 71
3996 73
526|12
593 85
55247 80
46578 82
176415 70
1295 61
90430 73
4014 74
2352 77
176413 70
215 80
81845 80
51255 83
527|20
2137 76
3114 83
3210 76
3016 68
2161 76
4571 82
2118 84
3421 82
455 56
2867 80
2450 48
1909 74
1214 83
4299 71
736 69
2477 58
588 77
4016 77
1259 88
2533 66
528|15
4886 70
2278 65
80906 77
4037 70
1240 68
64614 76
3821 39
150 69
1291 74
80463 73
593 77
99813 77
85342 77
48516 79
58559 77
529|5
653 58
135 55
65 45
62 66
733 69
530|6
292 70
500 72
300 74
586 66
593 86
11 77
531|5
593 88
590 79
919 82
480 78
1215 90
532|10
1721 72
4863 80
457 85
290 85
1245 88
1242 85
2023 75
2329 87
1304 84
517 70
533|8
1200 87
6502 87
79132 90
46578 88
93840 87
4973 95
2455 76
66934 87
534|20
116724 70
97913 79
94953 74
2003 76
2167 70
7569 79
153 63
1485 65
65514 79
104218 68
344 65
2571 88
5445 80
95875 75
112818 66
82461 71
96610 79
2987 75
138036 75
1566 76
535|6
2571 70
2581 47
2700 61
2688 48
2583 67
2882 37
536|8
232 78
272 73
356 79
335 70
225 66
150 74
434 58
589 75
537|10
80906 86
367 66
7153 86
53322 72
104218 66
97304 79
6539 78
318 91
89745 81
105504 84
538|8
595 82
3671 86
80549 87
4039 70
69757 84
5047 83
44889 70
66934 88
539|8
4306 80
6753 69
5218 72
50872 77
88 59
3301 70
4886 76
69122 71
540|9
2598 62
2959 91
1073 81
8874 87
1681 55
2183 82
2841 78
2747 66
1196 85
541|18
590 71
457 77
413 55
15 58
110 76
595 69
597 67
480 71
356 78
203 63
529 72
357 68
22 61
345 72
546 42
586 59
281 71
350 67
542|20
6539 70
30793 58
5299 61
2542 72
34319 63
33679 62
4963 72
5481 54
1997 72
4025 54
3623 53
924 74
4369 57
6378 70
2571 79
7254 67
41566 67
37733 66
7361 78
45517 62
543|16
73881 87
1702 71
595 85
3301 82
231 74
2378 75
2379 63
86882 86
6377 93
588 84
377 82
48385 80
2571 96
4526 66
4388 67
92259 98
544|22
1 70
3 70
14 70
32 70
40 70
62 70
68 70
95 70
116 70
619 70
626 70
648 70
650 70
694 70
736 70
780 70
839 70
1042 70
1047 70
1059 70
1105 70
1356 70
545|5
1438 55
1267 87
2763 76
1367 68
44 54
546|13
1270 82
3328 85
480 74
1970 58
2456 52
1976 51
589 78
2657 69
1673 85
3941 70
3959 69
3566 59
1977 58
547|5
1211 74
2859 81
2917 80
1394 81
1288 83
548|26
69 70
260 70
356 70
733 70
1196 70
1393 70
1477 70
1621 70
2571 70
2716 70
3263 70
3578 70
3916 70
4776 70
4899 70
5955 70
6874 70
7458 70
8531 70
49910 70
58559 70
74532 70
80862 70
122904 70
125916 70
168712 70
549|5
2571 75
2028 74
4226 74
1210 73
589 68
550|6
167296 70
102125 79
106782 84
116797 86
112852 84
122882 83
551|20
5010 73
34162 68
60069 81
1544 56
45186 70
103772 65
51935 76
4226 81
2353 64
7153 81
5989 75
135569 66
115149 75
88129 75
134130 76
6934 62
47 76
4701 66
2959 84
98809 74
552|20
2916 67
3317 70
1405 48
2953 49
2245 59
2944 70
2890 68
2125 68
508 64
3948 59
5349 63
2959 77
2857 56
173 47
2991 67
2871 73
2628 54
4308 62
4878 71
3101 54
553|17
55765 84
3481 81
1923 79
2571 91
4011 91
50 93
3949 88
1089 91
44199 82
5513 70
2231 89
2395 81
3052 82
61257 70
1221 94
33166 83
2959 94
554|18
1196 85
1022 75
2820 70
1207 89
1517 75
1282 83
1210 86
1760 35
2282 64
1225 89
907 67
1358 80
2096 73
1028 85
593 88
608 89
953 84
2324 86
555|20
790 70
3664 70
1 78
3111 79
3395 70
104 70
1334 64
2506 68
2072 69
4002 77
1266 81
2641 64
2256 64
2791 82
2701 48
1333 77
1320 67
337 79
1393 75
3526 75
556|7
162600 80
122890 79
3081 81
88125 87
588 81
72998 78
74789 69
557|6
648 70
231 62
1291 81
260 81
1210 82
150 76
558|12
5329 77
5064 84
4903 78
2297 80
2568 79
4993 92
4306 90
367 73
5283 68
1097 85
4164 68
5294 91
559|20
552 57
608 81
355 44
329 61
544 57
1527 69
173 51
377 65
745 75
174 53
529 71
350 66
349 66
533 58
836 52
1210 77
420 51
786 58
227 51
253 67
560|20
5839 70
91535 55
136018 56
67997 66
79132 77
3253 63
142558 70
2355 66
39435 58
1527 70
40414 72
64614 78
48744 67
56587 67
593 79
76251 70
84944 65
109313 70
5878 75
40819 73
561|20
168174 70
5308 53
78469 57
3703 72
60069 76
91535 53
2105 60
73017 68
5445 68
2000 69
83134 70
79132 75
79592 60
80463 74
89745 71
527 78
8972 61
353 69
33162 66
68157 72
562|20
27140 70
6870 81
6377 87
2580 85
1249 90
4776 83
36529 80
1259 90
1982 80
2268 84
2133 76
83134 83
3210 77
48394 82
30707 88
33836 55
2692 89
88163 82
99191 70
1240 82
563|20
61071 70
70932 70
80858 70
919 74
74450 61
588 68
5943 49
118997 54
86833 67
1197 80
128832 70
85397 61
45221 44
33499 45
7380 61
96821 76
81784 57
95307 45
65585 61
55250 47
564|20
50942 70
356 80
31685 61
131013 63
61024 71
79224 59
87869 72
500 67
108156 63
81784 59
93270 47
6188 69
106918 77
65230 69
67087 69
80693 60
94677 64
8984 65
73266 72
2671 67
565|6
590 73
231 61
19 53
21 69
50 84
539 68
566|15
648 66
10 66
231 59
329 62
342 64
141 63
203 63
345 72
39 64
497 74
265 70
588 68
708 64
353 72
2 63
567|20
8189 70
26743 70
92681 70
109897 70
152071 70
5690 61
136602 50
122888 70
6333 52
1274 55
122922 50
153070 70
151687 70
117877 70
108928 30
954 58
122924 42
27773 51
648 45
135887 43
568|23
50 70
147 70
296 70
356 70
480 70
593 70
765 70
1103 70
1104 70
1257 70
1298 70
1895 70
2313 70
2359 70
2863 70
3053 70
3148 70
3261 70
3363 70
8169 70
46723 70
63853 70
65088 70
569|5
231 72
50 95
380 78
588 81
592 79
570|20
208 50
8636 70
48516 77
1225 77
586 54
2683 57
457 72
1196 72
110 72
4993 74
7361 75
1198 76
1079 73
10 61
3793 66
1391 55
589 69
380 60
527 77
185 53
571|20
1331 70
2982 70
2366 63
1128 46
610 65
2902 52
1998 33
3696 56
1980 70
1987 70
70 62
1924 48
2279 41
1327 42
3732 58
1972 37
1278 71
1644 34
2327 67
1978 36
572|20
1961 80
2570 61
2788 86
2321 75
111 83
904 91
2987 74
2302 69
1834 82
2539 66
2917 83
1307 81
1 79
161 79
3421 80
838 76
1356 79
2006 67
3167 82
1953 81
573|20
89745 86
72998 78
3752 75
356 90
7293 80
6754 78
8665 83
32587 83
1073 85
88744 83
1127 84
68954 88
98809 85
2640 80
48516 94
71535 84
59369 78
60069 92
88140 80
1562 57
574|23
47 70
110 70
150 70
153 70
161 70
185 70
225 70
231 70
292 70
296 70
300 70
316 70
318 70
329 70
339 70
344 70
380 70
410 70
434 70
588 70
592 70
593 70
595 70
575|8
2566 56
2580 75
296 80
2581 58
2572 71
2542 75
2574 42
2598 55
576|5
849 48
1321 55
1373 45
1479 57
2289 63
577|20
2415 70
1183 71
1288 79
1129 68
2944 75
2194 77
733 69
1213 79
2076 75
2020 76
1262 81
1931 73
1391 60
2987 67
952 75
1909 65
260 78
919 74
2248 72
1270 77
578|6
6751 70
52668 74
45668 78
830 73
72407 59
75446 70
579|15
3174 81
2485 65
1022 78
2018 78
838 80
1917 67
1391 71
596 76
1573 76
2965 70
1653 86
2599 80
892 88
2687 79
595 79
580|20
5767 70
6583 70
480 70
8844 70
6989 74
3809 67
41569 65
3699 61
4041 68
33166 72
356 78
508 70
8376 67
3578 75
608 81
3785 59
3089 79
1320 62
54286 71
1201 82
581|8
7153 89
5995 86
4973 93
116797 86
3949 87
4306 87
109487 87
6377 87
582|12
91529 83
2959 88
116797 81
4993 84
5618 85
2571 86
76251 76
69844 82
104841 74
48516 87
97752 74
76093 82
583|12
8533 67
88405 60
2706 67
117590 73
317 60
60756 69
6942 73
595 68
46578 76
104 65
2694 61
7451 72
584|17
288 78
22 75
203 78
315 70
500 80
316 75
539 80
234 66
296 94
257 82
434 71
586 74
338 70
349 81
282 75
480 85
590 85
585|13
3173 67
1228 86
54503 81
2959 90
428 77
1405 61
7254 76
441 81
1805 69
296 87
27373 70
5325 81
79132 86
586|20
34332 70
4016 84
111659 73
106002 78
149406 79
167036 89
45499 81
136556 70
5445 87
117851 85
1291 94
71264 88
106489 82
135436 76
3753 82
2640 84
3147 94
122916 91
3793 87
101362 64
587|20
1234 87
628 81
2012 76
534 79
2002 69
1641 83
236 77
1376 76
2622 74
1541 62
3260 86
497 84
3082 74
445 68
3448 78
2574 52
765 69
691 73
329 73
3406 73
588|12
50 75
16 69
20 42
356 71
350 60
198 58
593 73
364 70
163 60
253 61
223 68
3 55
589|8
1092 69
318 94
590 81
373 80
586 69
587 77
527 91
337 83
590|20
924 74
8807 66
2371 58
38061 78
81834 75
40815 67
4890 57
903 77
5 55
3624 58
555 69
4047 70
51662 69
2085 67
419 50
595 67
329 60
2376 59
3635 67
2398 76
591|11
2908 71
2706 63
2712 62
2355 63
3615 57
3578 71
2394 62
3798 57
356 74
223 71
2724 48
592|19
514 77
2 70
153 63
415 56
110 84
177 68
420 59
380 72
44 55
788 60
588 76
163 75
204 55
610 79
39 71
419 60
253 75
432 59
240 59
593|20
1196 69
1073 65
1086 68
1617 70
4034 68
41566 61
1197 72
344 49
8368 66
339 57
2959 74
8961 66
5816 62
2797 62
4896 63
588 61
595 61
5952 70
377 58
141 55
594|20
7031 70
2671 82
7115 76
1616 75
5943 66
1188 89
2269 78
1733 86
4902 90
6996 52
780 83
1429 83
6140 82
7046 78
39 81
595 85
799 88
2028 96
8482 70
7169 84
595|5
265 82
50 94
1186 86
1199 92
1966 74
596|20
33649 70
43744 70
182793 70
129397 48
128908 70
1 72
142488 79
122922 71
4310 58
71838 62
4025 55
2501 71
110102 70
149406 63
2774 70
5502 64
8665 71
6537 58
2571 80
345 72
597|20
1799 75
490 68
3040 70
2529 83
2858 85
903 87
3039 76
2000 80
1291 86
357 76
1228 87
1845 85
2411 63
1580 75
1148 84
1198 89
2723 72
485 66
592 74
2692 87
598|5
56367 80
8360 74
593 87
114265 70
103543 53
599|496
26142 70
26567 70
26590 70
26676 70
26854 70
27595 70
34800 70
53450 70
60803 70
69131 70
74696 70
79895 70
84523 70
87960 70
92674 70
98799 70
102735 70
102852 70
104017 70
105020 70
122433 70
157865 70
158874 70
160978 70
161044 70
174727 70
179053 70
1801 56
6035 62
3387 39
33437 55
112 52
5995 64
167706 70
4394 70
836 41
7235 54
8809 55
102749 70
89087 39
42011 36
432 39
471 58
5628 55
1015 45
2 51
2269 49
69 58
3947 36
79091 59
104837 70
4037 61
7587 64
6881 56
1449 63
7225 57
81229 60
68952 64
4728 44
5081 43
33966 70
1779 44
3669 70
87197 70
170297 70
79057 48
95965 70
55207 70
4007 57
1220 58
80831 60
46723 55
71282 64
7757 60
3259 53
92309 52
1376 54
7192 47
4654 41
101423 70
53468 47
62662 70
3174 59
3698 53
2882 35
2359 55
1183 59
2792 49
1095 60
8387 22
53125 53
115713 62
2949 61
2471 36
3 50
1231 64
3861 44
240 40
1480 54
2301 60
1445 31
8045 70
586 47
2942 33
1185 64
4594 70
2474 59
3671 61
3196 64
64839 62
98697 70
2606 40
1777 53
5309 39
7022 63
4873 63
541 68
27311 60
43921 60
67734 50
4240 70
5026 63
168 43
33493 55
4125 31
7354 48
207 59
1094 50
742 50
1609 44
1042 46
3362 63
4553 60
4632 50
2278 56
468 53
122904 60
75416 70
42718 60
4285 44
79274 62
1794 70
45081 49
108192 70
3489 59
3503 66
89804 52
163809 70
577 35
3071 49
1204 71
3981 33
95771 70
45382 60
6548 47
59387 61
166528 60
168492 69
6691 70
605 41
424 31
2991 61
248 44
97950 70
3865 56
1216 58
342 52
35836 53
27772 41
176419 43
151781 70
277 50
6320 32
39381 60
5111 70
4090 46
2450 27
2676 49
2356 40
79702 58
1597 49
410 48
1721 52
3702 53
183301 70
1387 65
2072 51
26729 59
2393 51
4247 34
4591 43
1032 54
3087 47
1895 55
634 26
210 53
2074 63
51575 38
3505 65
5247 47
481 50
4215 32
1355 36
2657 53
2028 67
4011 67
420 40
552 46
1196 65
2395 57
5303 61
1752 35
3186 56
4310 46
1784 57
3200 68
7254 56
688 41
473 33
1079 66
1552 45
1148 63
1544 43
63113 56
2325 51
26649 59
6804 70
161 60
4109 44
34332 42
1653 64
4808 39
7707 70
3468 70
502 31
1221 70
1792 47
68319 46
6787 62
2119 25
3884 30
4254 28
3973 26
103609 70
8934 70
5377 61
42632 64
55290 56
4506 51
7840 57
5568 48
1689 46
7005 70
103228 59
59947 70
786 47
4351 51
172253 70
4679 50
1411 66
117630 70
1590 47
112623 54
3146 34
8984 51
1920 42
519 31
179817 58
3979 38
3741 68
44020 44
26630 70
7285 67
3030 64
1021 38
8638 63
87 48
7153 67
2877 45
2018 55
3173 48
5198 70
7101 45
7701 29
3213 67
26159 61
2339 70
33896 59
2000 60
4006 50
136562 54
37382 46
6645 65
171763 74
8528 59
27008 70
4017 61
4167 49
86142 62
1249 68
3255 54
736 48
2779 57
84414 59
27773 60
2083 62
98499 36
4034 64
119828 70
1993 37
94864 50
6631 27
2321 56
26242 52
3703 63
41566 57
2529 63
1968 58
8914 63
3257 46
159403 70
1036 60
76093 65
5103 57
6947 56
1952 66
2124 52
4084 41
6016 68
778 67
81 45
2171 55
1253 60
4275 50
7982 49
3723 57
849 45
2681 49
6565 62
39414 48
122916 63
6440 62
8917 52
72011 59
1605 46
1240 60
923 67
68157 64
5961 70
5053 70
3571 53
2403 58
3871 69
44238 70
72226 62
7004 44
2054 42
62970 48
5159 50
354 59
122924 51
48774 64
1394 65
3763 48
70286 62
1904 55
3969 54
81562 57
102590 70
233 55
4155 48
1031 55
76 49
459 40
1097 60
1178 69
60291 57
3328 69
1232 56
3036 55
5283 44
4327 51
610 60
2726 68
4732 34
5970 49
2396 58
594 60
1247 69
45499 53
3476 51
2399 38
137218 70
1997 62
3271 60
27801 65
6365 52
1799 55
580 41
122900 54
2803 48
80219 49
466 41
110882 63
3997 27
26176 70
2378 47
117895 29
26662 66
90603 59
119218 70
44 35
809 35
1960 59
4519 52
1959 57
414 42
1073 61
61236 48
1479 54
4019 56
1245 68
37857 61
161032 70
371 55
3020 60
88593 70
6774 64
2005 57
90405 45
26285 70
6793 30
627 53
1617 66
6734 28
108090 70
2427 50
51024 55
122922 59
3440 29
6874 67
4919 56
338 44
81591 59
1704 66
1499 28
357 56
62155 56
144 51
34148 60
53519 47
4504 70
2796 42
216 57
6827 27
1429 54
7445 56
1385 43
90471 48
8425 70
10 54
26542 52
7387 63
72998 54
89470 52
3629 69
1297 58
3424 63
1672 58
44761 66
196 39
70703 70
2383 35
180 57
4040 33
6333 61
4440 60
5291 58
88235 53
1639 58
4580 25
153236 70
86190 51
4477 29
103027 70
32291 51
34811 70
5171 40
122260 70
8784 59
5954 63
8798 60
707 46
880 43
314 59
61323 53
600|20
3269 50
1394 69
3785 51
2717 51
5569 59
4306 69
1206 72
56775 52
2015 57
7 50
2013 51
262 66
1210 70
1060 64
2431 58
2077 61
2423 60
4641 63
527 74
5076 52
601|20
141846 70
68157 85
1262 90
106782 83
60069 89
49272 87
5445 81
1193 88
1207 90
79132 88
904 93
166024 79
1917 66
7153 89
2324 87
170697 70
31658 83
5989 83
88810 85
2571 90
602|20
161 70
19 48
350 64
494 63
14 63
471 67
125 65
434 54
235 62
481 59
315 53
371 64
474 67
527 78
21 64
349 64
440 65
339 62
480 68
163 64
603|20
602 70
803 70
2008 70
2577 70
3459 70
4787 67
2912 76
1769 54
485 58
4420 70
920 70
1 73
2706 68
1844 72
3787 72
1222 77
190 61
2716 75
3983 79
101 77
604|20
220 70
292 69
151 73
329 67
410 65
426 69
435 51
316 66
22 66
235 70
181 49
332 62
273 64
637 61
285 70
173 57
588 74
23 67
553 77
1 78
605|20
35347 70
6787 71
1197 77
5667 70
42738 54
51662 69
7373 62
596 62
780 63
4571 70
2316 66
7454 48
150 70
60040 60
8977 44
3269 55
72982 70
1210 76
62376 50
60937 39
606|20
263 70
563 70
583 70
3808 70
4671 70
4840 70
5856 70
6111 70
6573 70
8685 70
32728 70
55805 70
3147 81
4392 62
2311 76
6308 48
50842 75
6591 81
8270 70
2025 76
607|20
891 64
1610 81
448 73
3147 84
1094 67
1307 79
592 71
204 53
1552 62
527 87
3476 68
296 85
2313 79
3440 46
423 64
1518 68
2118 80
2193 75
380 70
2028 84
608|20
52245 57
2997 79
3793 70
2763 69
174 52
2000 71
1214 72
919 73
2700 70
4161 61
5146 55
1639 69
541 79
473 43
2529 74
522 73
4343 56
1909 63
2431 65
1220 69
609|8
296 79
833 41
356 78
339 65
454 68
318 84
208 54
292 63
610|20
5953 70
58975 70
70206 70
78626 70
82765 70
97988 70
107447 70
107462 70
110591 70
110746 70
118082 70
139655 70
160341 70
86644 56
56801 57
61024 76
77561 73
4816 73
62434 72
3972 80
