1|20
260 89
1927 96
804 85
3 87
1009 84
2406 89
1587 77
3671 87
2617 75
3053 94
2571 89
1222 91
2137 93
1377 86
2395 85
2761 94
2641 76
2872 82
1258 91
2700 93
2|6
333 77
122882 69
71535 70
46970 62
58559 75
80489 70
3|8
5764 70
647 41
6835 70
5919 42
2851 31
2288 47
5048 30
4518 43
4|20
106 70
1291 76
3408 68
265 61
52 69
4347 67
2467 76
908 98
345 61
1304 81
1923 63
2959 68
368 62
1219 78
4765 67
1199 77
4166 33
1732 71
21 68
2858 61
5|9
515 76
1 82
364 82
608 91
290 81
261 79
34 77
318 89
21 69
6|20
349 83
318 88
775 70
141 78
348 63
104 74
327 57
410 70
165 77
87 64
366 79
17 71
1084 77
222 74
16 78
416 47
277 79
460 70
867 54
316 61
7|20
8528 75
3623 40
8636 62
8360 69
1517 71
466 47
8373 38
1220 83
7155 60
8808 41
6863 55
31878 74
1610 78
1219 89
4700 53
45668 76
8970 64
27741 78
6333 76
8865 32
8|10
356 82
47 81
231 61
318 88
454 72
292 73
32 75
141 69
380 67
252 70
9|10
5451 63
923 86
5890 56
2901 51
922 87
6044 70
1987 70
5378 51
3735 78
5447 52
10|20
597 73
33679 72
8533 69
8969 55
72720 66
88810 74
136020 62
6377 77
5943 56
109374 61
113394 70
61250 54
82167 52
140110 67
5377 67
77841 70
6942 77
1028 80
72330 70
66203 50
11|13
733 77
1584 85
1210 92
170 75
1438 55
648 80
1918 70
493 78
10 74
457 89
1693 79
150 89
1923 79
12|7
2717 78
2100 80
838 93
2072 77
1876 79
2581 81
6942 92
13|7
3717 71
3624 68
3798 71
2174 75
47 92
3893 73
305 66
14|10
344 60
477 72
110 78
540 58
597 77
153 64
592 69
4 42
539 73
105 71
15|20
91529 68
7438 67
111759 77
2329 75
1 70
1909 54
1240 66
115713 70
1200 69
293 71
2571 78
3949 78
120466 62
1198 76
2028 78
2011 62
158 39
160980 71
4306 76
4022 73
16|20
1230 74
78499 76
913 74
1136 75
1299 75
1617 77
1203 80
3429 78
2858 75
608 74
3683 74
4002 68
1199 74
912 78
2707 65
5782 73
1260 70
319 64
27773 71
2109 60
17|20
260 92
64839 80
296 89
5952 83
527 88
1193 87
3681 84
1240 79
2717 67
2858 83
1093 76
81932 79
5618 85
50 88
5971 80
2959 88
1201 85
541 87
82459 81
1 79
18|20
8117 70
65596 70
88094 70
145283 70
157110 70
166015 70
171023 70
103253 55
60684 79
44199 81
2 66
86628 68
59784 71
2918 78
109374 81
4226 86
53129 77
139385 78
47 84
1291 80
19|20
3692 70
3662 46
54 38
2733 40
1702 43
1240 70
1270 72
3712 50
1881 48
216 55
3 54
1834 50
2184 50
3017 47
2044 36
2354 25
2005 62
3146 36
3387 56
2694 40
20|20
1566 60
5419 59
4014 74
2140 74
586 66
661 72
3189 69
5014 84
1333 80
4161 61
3784 63
1030 63
5313 36
2804 79
2054 63
34 72
1097 84
6358 70
4519 73
1722 59
21|20
107013 70
117922 70
140301 70
57640 66
2985 55
2990 63
2717 60
5418 81
31433 60
112175 84
7153 67
30793 60
4446 70
52973 72
45186 59
2023 64
79185 56
1721 73
102125 63
5459 72
22|20
8961 56
2723 44
60950 48
64575 48
1193 65
70286 60
4993 61
2160 64
39183 34
7147 61
3996 50
3481 51
55765 60
48780 52
7361 54
51540 47
6711 58
2968 53
3949 47
48394 50
23|20
6234 70
3996 72
293 67
1206 78
1136 75
1960 64
7587 68
3424 72
3181 76
2467 65
1248 85
1617 73
6807 72
1952 73
6440 72
1258 73
1243 75
1080 69
8228 69
1711 54
24|20
1784 70
2617 63
111759 77
134853 76
58998 69
1265 78
1198 82
3147 80
1197 80
1220 70
2424 63
5418 75
72011 67
54286 72
27773 74
64957 70
356 82
44191 72
1682 71
68358 76
25|6
58559 96
60069 95
74458 95
79132 96
527 94
260 98
26|21
10 70
34 70
47 70
150 70
153 70
165 70
185 70
208 70
225 70
288 70
296 70
300 70
344 70
349 70
356 70
380 70
434 70
454 70
457 70
592 70
593 70
27|20
1196 78
2478 65
2640 75
3508 81
3555 73
1201 68
3519 62
969 73
2080 85
673 61
2886 25
2529 71
1387 79
1101 78
1947 72
1250 83
1276 77
3114 79
1083 60
3809 63
28|20
27450 70
60943 70
61011 70
63033 70
5617 62
59369 48
60046 70
507 50
3300 55
55094 41
59018 70
26695 70
2951 70
3006 56
2231 60
5418 70
26812 48
2058 52
353 52
61167 70
29|17
98961 84
7379 64
1250 89
1201 87
111362 77
48516 89
1100 49
26554 78
3441 73
4327 75
2872 78
2301 78
1617 85
3681 89
55820 83
4223 72
99114 81
30|7
5952 96
108932 90
1200 87
91529 97
116823 87
112852 96
1198 97
31|10
1198 81
1200 70
648 73
1363 72
1073 80
1036 78
1197 79
377 78
1246 75
1270 73
32|20
236 70
314 77
1356 66
357 75
224 73
627 70
1079 81
1084 81
318 91
761 63
1197 83
849 61
912 85
880 62
1198 84
58 80
203 68
608 82
497 80
410 69
33|20
110 83
17 68
2396 66
2272 53
448 72
428 78
265 77
1280 88
1177 84
1617 85
50 86
261 85
11 75
452 46
345 78
608 90
150 79
1188 74
800 83
2690 82
34|18
780 73
2273 59
3717 65
26606 60
45499 59
3996 60
4310 56
3624 62
31685 67
1721 61
5146 54
7090 71
70 66
2006 58
3000 72
4306 67
27728 38
3997 47
35|5
11 89
185 71
595 88
21 78
300 80
36|12
5171 40
3066 62
552 45
4025 48
1262 59
2735 46
2359 51
1372 42
1278 59
2194 52
3347 63
1704 64
37|5
344 80
356 85
661 78
329 74
457 83
38|16
434 51
39 56
223 66
161 71
246 80
168 58
273 43
480 72
356 84
457 87
364 77
50 69
500 63
300 67
551 58
21 61
39|20
2571 94
2391 66
1921 83
1862 26
1219 81
1907 76
2081 68
2459 50
924 79
2529 81
1729 68
47 82
260 90
2080 74
592 68
296 89
3213 78
610 72
589 77
596 67
40|20
440 75
454 73
588 77
339 73
158 63
432 67
431 78
186 73
616 75
514 74
21 68
592 74
1 81
223 79
585 68
216 78
104 75
371 77
111 82
267 70
41|20
96829 69
64839 63
122882 53
6287 49
1569 60
106920 82
86781 83
3160 57
1721 52
2028 66
6763 39
5418 60
53519 64
122904 62
55247 72
924 72
4011 70
2324 78
35836 59
5995 66
42|20
3869 66
4654 56
1021 51
2423 84
3248 48
4477 59
2500 33
1431 57
195 66
3326 71
2407 72
1090 86
2735 65
3693 50
1020 70
4545 66
4132 69
2263 67
3535 73
2805 56
43|20
225 98
296 94
596 90
588 96
587 100
420 87
158 88
631 78
5 84
597 90
168 94
355 81
47 92
367 93
519 83
594 90
236 97
1 97
60 91
259 77
44|10
36 73
663 74
12 36
661 75
94 80
1 81
104 73
112 71
494 66
889 70
45|20
2718 78
1036 87
2028 100
1653 94
1682 75
2396 73
3249 76
261 84
4308 68
329 73
1367 74
2890 80
593 89
1127 71
2431 66
6377 83
569 64
1197 77
1060 92
2858 92
46|9
590 82
588 84
315 70
208 65
1 82
432 69
225 81
434 73
339 80
47|20
508 60
68932 50
72395 59
2420 52
597 57
148626 70
5989 68
96588 64
69122 59
6155 76
4975 51
30749 60
106100 60
45950 56
2028 61
4018 57
1259 60
6373 58
33166 65
2407 46
48|7
4886 87
1320 76
1527 83
1193 91
3793 82
48 68
1653 89
49|5
2028 88
1214 88
139385 84
318 91
527 85
50|20
8143 70
114335 70
136564 70
142074 70
171759 70
175693 70
179073 70
175707 70
71264 57
82848 70
1377 36
44555 74
8157 54
6807 68
95543 44
8253 44
96610 47
924 73
32875 70
4896 41
51|20
7040 70
5620 66
2613 74
4437 104
2023 74
1500 76
522 87
858 86
4508 74
2951 90
1014 82
1407 77
2282 53
2420 74
3388 46
260 77
3186 76
3994 73
3501 56
2371 76
52|20
152081 90
51255 92
74458 90
1923 84
7438 87
40583 80
59784 85
55765 88
112852 95
86892 88
55363 95
112138 83
49272 92
52245 73
69481 92
50794 68
1704 96
54736 88
44665 90
47200 75
53|5
481 89
1100 83
249 99
1125 96
916 107
54|7
296 61
593 66
639 38
1 63
205 50
161 55
500 54
55|5
2407 23
673 29
3275 75
2890 70
4011 70
56|10
786 68
253 79
165 82
110 87
589 85
370 74
434 66
410 67
69 79
185 67
57|20
2140 75
942 71
920 69
3175 69
1784 58
3429 76
933 83
1193 89
3446 29
160 35
1499 27
2640 83
892 80
11 75
2947 73
6 78
2478 52
2291 75
1688 62
2301 63
58|20
588 80
282 72
185 62
419 60
367 67
277 76
48 74
280 77
337 84
345 84
3 65
357 85
527 91
587 81
218 79
500 82
508 81
368 81
364 92
353 74
59|20
1696 62
6460 97
3489 78
1188 84
1222 88
2076 91
3448 80
1263 86
1247 89
527 88
1244 91
904 93
903 95
965 86
2616 60
1953 81
608 91
105 69
912 96
3471 85
60|5
832 70
58559 75
805 72
455 53
858 74
61|8
266 71
1101 71
7438 82
173 58
555 78
2012 72
4878 80
3949 78
62|20
99114 86
176371 83
3793 79
56757 80
73017 83
30793 74
179819 78
68554 72
185135 91
168248 83
5903 82
4878 87
2028 94
5502 77
6058 67
344 61
1721 77
45499 76
41566 80
78105 62
63|20
5669 74
4246 64
48780 78
500 58
6016 86
31658 79
2858 79
64285 79
85414 58
1221 78
106696 72
4963 73
50 80
1097 68
260 79
110 75
1222 80
4979 68
5952 78
77561 59
64|20
5878 81
3101 72
2640 77
2959 87
8784 75
2054 64
4239 76
4025 52
5026 76
40819 78
266 65
2699 65
27266 75
3969 77
1805 60
6296 81
4776 75
3148 77
4262 74
356 84
65|7
1246 78
33660 81
7458 65
2329 84
4993 81
91542 77
3147 87
66|20
593 97
47 94
5418 81
922 90
2139 84
2956 66
3745 75
1956 83
4581 70
5349 75
1210 81
1094 79
2001 68
380 78
6539 81
671 79
1 85
6378 82
7766 86
296 98
67|8
99114 80
4306 80
27193 73
79132 80
60069 79
2012 72
4886 81
4993 71
68|20
47978 70
95218 70
6534 54
48696 51
67267 61
30825 52
1799 71
3556 60
8622 56
4351 61
63113 74
58295 72
7151 59
2413 66
6287 62
653 45
41566 72
5541 59
260 67
48043 46
69|10
4370 80
4848 90
3671 89
2476 88
1193 93
356 94
553 89
4022 88
260 95
3994 81
70|13
1193 89
1097 86
1914 81
1269 85
4995 84
318 94
8949 78
1968 80
1210 88
89492 79
1250 87
1235 87
2366 78
71|7
494 74
647 73
736 74
95 71
733 75
589 77
7 65
72|9
1047 70
150 79
858 90
2490 81
1357 83
260 89
50 93
1198 88
1196 90
73|20
1193 82
45720 80
105037 62
6333 73
59315 81
76293 59
138204 70
2706 67
152081 77
45221 42
68135 73
150 81
8376 64
93510 74
59784 75
116823 73
106072 69
1682 85
52245 59
35836 70
74|20
31522 70
2594 80
2908 82
30749 85
6870 86
3006 78
52281 84
49772 83
55118 86
2997 88
6305 84
608 96
4546 82
41863 83
27773 87
6001 83
1251 89
6552 86
46976 80
44555 94
75|14
5445 60
1240 70
5952 77
2193 63
6870 67
2529 72
168 52
541 72
3176 62
1962 65
2078 65
1889 70
1266 74
1374 66
76|20
48877 49
5956 64
2918 59
58803 56
1247 62
74458 65
7669 65
79132 68
8957 54
858 78
55820 67
1258 66
63436 37
1201 69
1208 69
48 27
288 47
34405 60
1 51
1196 72
77|6
3996 69
4973 76
7361 70
8636 76
3578 75
33794 75
78|13
296 76
165 70
3809 63
589 80
546 37
27904 66
260 85
590 65
480 77
68791 60
344 54
44974 74
380 73
79|13
3266 94
3029 70
589 85
1916 79
307 81
4005 75
260 101
1189 84
1345 67
2000 81
1374 83
2659 70
2076 78
80|20
7445 84
96691 72
84189 70
91630 82
49530 85
8950 89
6539 89
4223 88
5630 83
3527 83
76251 84
80363 76
52604 85
6502 91
34048 81
1221 86
60684 85
6952 72
5989 90
77561 81
81|26
10 70
32 70
47 70
110 70
150 70
153 70
161 70
165 70
208 70
231 70
288 70
296 70
316 70
318 70
329 70
344 70
356 70
364 70
367 70
377 70
380 70
457 70
480 70
588 70
589 70
592 70
82|20
6886 70
2381 56
2378 64
6566 62
368 73
6536 68
3253 71
4310 62
1608 66
1372 72
145 57
356 80
6708 68
1485 70
4369 66
6564 56
6888 55
5803 51
4015 63
364 80
83|20
56367 69
7143 62
7323 59
6539 58
161 52
586 55
2115 65
1270 76
6874 76
2324 74
1537 64
7153 73
68954 71
48774 67
30749 65
8014 73
1222 82
3753 53
1223 82
64983 57
84|20
55 70
987 70
912 90
1096 73
420 43
1227 78
113 58
580 65
5060 73
1293 75
900 71
1097 68
62 67
368 65
1305 71
1247 79
1296 79
11 81
1073 70
1094 62
85|7
1519 70
1624 36
1140 70
1694 42
1643 57
1747 74
1635 75
86|14
4993 83
4310 68
6947 73
2411 64
457 82
5418 79
3996 75
4901 78
1835 74
33794 76
1196 83
3555 73
1097 75
2687 67
87|5
4023 68
2009 77
3504 92
671 77
2139 81
88|12
7312 70
74795 68
4993 90
68157 86
5952 88
1193 89
223 81
8665 82
4262 79
56782 90
8677 42
58559 91
89|104
26645 70
32060 70
44851 70
53280 70
53578 70
67888 70
69211 70
81087 70
84246 70
103602 70
108078 70
109596 70
118894 70
121007 70
128089 70
128944 70
131098 70
131439 70
134847 70
140481 70
146684 70
148632 70
150554 70
164226 70
30793 69
169912 43
87869 58
1923 63
4015 77
950 64
173253 70
2324 57
27826 70
92259 81
11 52
3977 56
86298 64
8154 69
77688 70
2997 57
170837 70
49274 31
157775 70
1 39
142196 70
99117 56
62008 70
72624 70
108156 51
3752 60
2059 42
128520 68
3175 57
133879 70
48649 70
126088 70
5529 49
65588 70
99130 70
40962 47
1732 66
68659 53
91666 70
2683 30
3751 43
750 41
6650 71
149508 70
2395 36
51575 41
65230 57
171751 70
85881 61
139157 70
6863 55
4246 59
108949 54
1230 57
160567 58
73319 50
177185 70
130520 60
5220 56
121338 70
153386 70
50872 51
149566 70
145491 70
4890 57
129354 60
32243 70
84944 60
6402 70
1288 51
140133 70
119141 43
947 66
176621 70
4973 63
158398 70
69469 70
54503 52
141928 70
102481 57
90|11
1137 70
1144 70
581 91
81 75
892 82
1073 85
116 71
896 69
17 85
7 67
613 75
91|20
3013 70
6395 70
8147 70
7153 77
3360 67
2791 67
3897 66
1080 64
4850 72
3429 72
7000 63
2060 56
2916 81
1391 73
2100 46
318 69
2146 66
1225 70
1246 59
8501 62
92|5
2572 82
2114 83
1015 69
2454 76
1801 79
93|20
736 84
1917 83
552 79
1721 80
539 84
480 92
1372 86
368 81
2355 86
1923 83
2193 82
2006 83
339 87
1097 88
1591 70
260 98
2968 91
1676 84
593 89
558 80
94|12
231 52
377 60
367 58
364 69
288 48
19 49
10 59
586 58
590 66
380 67
589 72
318 75
95|20
18 83
4878 84
6979 79
4732 50
3019 86
5246 49
32 91
2952 79
1247 82
1198 93
5283 72
3361 79
1513 74
2009 77
539 70
122 66
1584 81
1240 88
4262 82
5349 76
96|16
527 87
1094 74
272 75
3819 90
150 73
2021 64
2571 83
1214 86
2058 67
1220 77
733 73
2340 56
1721 66
2396 73
367 59
1291 83
97|8
4701 76
4306 86
3578 88
4993 93
4963 84
4299 80
3981 61
4161 76
98|19
81845 85
8961 84
122912 80
5299 71
63992 49
187541 63
56152 77
134853 87
69644 58
6863 76
5618 83
56801 44
3499 81
134130 81
74789 65
82461 69
1258 88
88810 88
79132 78
99|11
318 100
161 88
420 56
592 85
196 64
122 69
145 77
150 96
316 84
236 76
588 94
100|20
497 85
296 77
1393 81
95 72
592 71
605 65
6059 81
28 84
2245 70
62 82
4308 74
1777 78
838 85
2125 88
1288 78
234 60
1197 85
2005 73
4014 76
4623 65
101|13
2580 81
3285 52
2723 65
2700 82
2908 79
2390 80
3175 60
2395 71
358 39
2702 70
3394 42
2997 86
2502 89
102|12
158 56
588 75
150 67
592 64
253 70
480 67
344 65
539 61
553 75
593 83
586 62
223 75
103|20
86014 70
1954 83
60040 61
1968 82
77206 70
2161 79
1732 89
81834 67
608 98
2384 72
4254 49
104 72
139642 72
56782 94
2096 74
101 77
6534 55
374 54
60069 85
30793 69
104|20
4740 70
743 60
5218 81
8643 66
1288 71
47997 75
468 64
76251 70
8533 79
4018 78
38038 75
1566 67
7361 71
6060 58
3034 69
1641 70
4641 58
108190 68
616 71
7034 70
105|20
4788 70
69685 70
95311 70
95313 70
110586 70
141816 70
141818 70
170597 70
172587 70
172793 70
173351 70
173535 70
6433 68
4974 70
70286 73
108981 70
95175 70
69122 85
1243 74
3916 68
106|7
69844 95
72998 83
59501 84
86880 83
5349 85
53125 83
59784 84
107|7
231 63
253 71
590 86
165 79
434 70
208 70
318 96
108|16
800 81
6022 51
4995 84
2585 80
5316 67
4975 72
3978 69
5349 77
2926 70
4246 72
4878 84
4994 70
1968 76
1684 70
497 87
5380 77
109|20
380 58
1033 65
231 50
364 77
589 67
480 62
62 68
31 59
587 67
1032 69
586 60
778 74
540 52
256 55
163 60
252 63
223 69
553 69
537 55
168 58
110|11
26171 67
2468 50
1198 81
1089 81
1222 75
1208 80
4881 76
47 77
527 83
1193 81
2428 44
111|20
100194 70
162602 70
171251 70
2145 64
96588 61
65088 61
66203 37
84772 93
2081 87
91529 83
6365 56
45666 50
3255 75
1282 83
6539 78
86833 69
122882 67
59143 74
86911 67
5283 63
112|13
788 41
161 63
1917 45
16 75
21 73
208 41
434 48
39 54
3717 63
19 49
110 77
32 75
70286 82
113|20
4083 70
39 59
3168 74
932 87
2331 45
3359 89
1086 85
3504 91
1339 70
904 93
3546 70
4063 30
4062 59
1077 75
1589 55
2475 64
3831 82
46 48
1733 91
4007 61
114|7
141718 70
54001 62
2291 69
167732 70
122886 63
8961 65
3147 74
115|20
1580 85
2804 81
1387 88
2792 72
3146 56
3273 52
3052 69
2841 69
2719 51
595 76
2700 78
383 69
2027 55
2148 74
2770 67
3785 65
2916 74
3175 75
588 77
1377 67
116|18
2716 69
858 62
1299 75
62383 57
1339 53
1276 70
597 68
1029 64
1101 67
2797 68
2657 55
1961 65
1407 56
5995 68
1704 73
165 72
2115 69
8360 73
117|20
708 66
587 71
589 75
151 68
36 70
1036 73
595 72
288 60
596 65
48 61
315 60
454 66
353 69
474 69
10 64
60 63
805 74
491 64
616 69
485 53
118|5
1221 81
1625 62
153 49
1961 68
1810 65
119|20
95441 75
117176 83
1092 72
91529 93
74458 86
4387 85
79132 92
168252 84
44022 82
78499 84
122904 88
106782 82
442 72
4993 87
31685 77
6365 83
141004 65
4148 73
88744 82
8644 78
120|5
260 86
32 75
5 54
631 49
52 67
121|12
497 75
440 63
161 65
527 75
292 60
344 53
186 53
316 59
1 73
19 50
163 62
337 68
122|20
27660 86
69784 84
7022 96
148652 74
4816 87
56174 85
94959 96
81591 87
71535 88
30810 92
2997 94
1732 94
108932 90
780 76
1090 93
3253 81
106782 98
72226 97
1200 99
1214 98
123|12
68554 67
115569 81
79132 77
109487 78
1196 81
4226 79
296 81
7153 78
143458 70
47 79
96829 73
2858 77
124|10
56145 72
2161 73
260 87
175 81
1358 72
6377 79
4226 88
3147 85
608 84
1223 87
125|20
5088 70
86721 70
110330 70
54503 81
72011 75
162578 83
119145 71
176371 80
55247 84
1240 77
86332 65
68157 82
112623 66
4082 59
160567 77
3342 67
109487 78
88140 65
98607 70
81562 78
126|8
364 77
349 69
231 49
380 67
410 63
300 66
253 53
457 85
127|5
2915 60
903 63
55276 62
5060 59
272 59
128|7
904 87
965 79
926 81
1066 90
1721 76
1080 81
1198 83
129|20
4370 72
480 78
3698 71
2692 82
2138 81
1968 77
8368 84
653 71
7143 81
316 69
6874 76
239 70
2916 75
733 78
4896 84
2028 82
3977 71
3000 81
1907 80
31658 80
130|6
208 65
316 65
292 70
110 77
590 67
296 80
131|14
2273 52
6947 61
58559 74
908 73
4878 68
89745 66
7256 66
68237 70
2722 50
2028 71
48516 77
3178 59
64614 67
969 68
132|20
6251 70
3275 72
4995 66
2987 62
7444 56
3262 53
4168 28
31658 67
44191 68
1089 66
3967 65
5502 51
50 65
58559 71
5992 63
2108 58
1844 62
2657 55
47 69
2470 57
133|7
454 55
356 69
589 64
150 61
153 47
380 52
527 70
134|7
442 69
595 73
349 71
380 71
367 68
509 69
296 81
135|20
592 70
4084 57
893 64
3994 78
2004 67
608 85
1358 83
3852 68
3489 71
1614 56
1198 83
4128 70
1883 61
2302 61
1291 85
410 66
1261 85
4022 71
4881 75
1077 76
136|20
161 64
193 48
585 62
338 59
277 65
380 64
181 49
337 77
437 52
165 76
611 65
151 76
340 70
252 78
432 64
552 69
350 76
280 78
273 58
150 77
137|20
6787 83
2716 79
1198 87
750 87
919 78
1270 78
318 85
150 78
2997 83
1200 81
6986 70
7153 87
1242 81
110 77
33493 64
1197 82
2959 83
1237 83
903 76
7762 79
138|5
2707 63
1960 65
1959 72
849 56
3996 74
139|20
4025 32
7445 42
60684 47
4865 48
68319 27
7090 46
5502 41
260 62
8371 34
53953 33
58025 32
106782 36
6957 38
7163 28
3827 32
3624 40
52722 25
54259 40
4367 35
115617 48
140|20
5699 70
5299 63
1393 63
356 98
609 54
32596 65
4795 61
34072 68
1617 65
5256 48
5943 50
1084 75
4337 70
3108 56
43396 72
4719 57
1005 46
4321 75
5812 69
4259 69
141|20
5418 72
54503 72
4963 69
2478 59
71535 79
317 61
68954 75
54286 70
6365 64
54272 68
4447 68
5502 65
6377 78
6373 63
1265 71
91529 83
2502 77
441 74
1517 68
48516 83
142|8
434 62
384 68
588 76
50 80
527 85
356 85
337 74
377 72
143|15
1721 74
61250 56
6942 75
7169 78
8533 75
106696 67
3421 69
87232 55
78316 60
69069 73
59421 53
2144 60
96821 69
7173 58
500 58
144|20
589 73
541 79
8368 80
597 73
590 75
410 63
1246 80
527 84
356 83
500 70
19 54
2700 74
434 65
733 72
780 64
1036 73
5377 79
552 65
586 63
2081 74
145|5
344 59
339 63
380 63
318 82
588 70
146|7
7293 71
3257 62
32 71
1367 57
3686 51
410 61
47610 70
147|5
1234 84
168 70
552 68
555 79
2395 72
148|10
88125 70
5618 80
108932 73
81847 73
72998 61
5816 59
8368 67
7153 73
81834 71
4993 73
149|12
1097 57
1374 63
1831 32
1527 64
260 67
173 37
1206 74
1200 75
2021 56
1580 58
1391 52
1375 47
150|6
3 66
1356 74
5 58
95 64
733 71
1073 75
151|12
786 82
562 86
780 86
837 71
747 71
1265 84
828 75
1073 78
1 83
648 82
1393 86
1359 67
152|13
50 83
2959 87
116897 86
89492 73
1193 81
69481 82
85774 69
115713 77
111 81
92259 83
1234 83
79132 78
318 86
153|20
134853 55
1732 48
8533 64
4014 32
81456 28
106782 60
8528 37
6863 27
87194 29
2617 10
1246 54
106100 55
1954 40
7458 39
4226 66
89904 48
72998 34
133780 70
586 16
36535 42
154|7
114662 72
119145 93
81834 95
122904 88
106072 62
76093 94
77561 77
155|10
153 63
3286 47
1200 75
260 86
141 68
2355 71
2384 65
2948 73
432 62
2959 78
156|20
26313 70
31038 70
1230 88
1711 52
3341 77
6296 67
762 52
2361 69
2076 83
4784 56
661 64
2926 76
8571 70
47 79
3176 73
58 80
848 54
866 80
1485 60
923 87
157|5
785 64
3617 67
2720 42
2770 51
527 78
158|6
1093 74
2605 72
2872 73
2723 66
2428 63
66320 70
159|20
2959 67
60069 65
45720 64
597 66
4022 57
89864 66
49286 69
140110 62
84954 62
4447 65
1197 71
68954 71
6942 73
1961 63
106696 62
480 63
539 66
166643 63
40819 66
63082 66
160|20
126 36
1371 51
1198 58
196 19
3408 68
5349 43
3213 60
2408 36
839 43
3593 13
2748 26
533 48
1975 25
1676 73
3745 57
2011 41
733 57
3826 46
778 84
2840 44
161|8
4980 54
7247 61
47610 74
1223 89
38038 78
3429 85
2144 80
2336 78
162|8
150 91
225 89
168 81
50 106
300 89
266 84
31 83
62 82
163|5
1608 59
1810 66
1747 60
1777 61
1837 50
164|8
1036 88
2916 82
110 81
589 83
3527 86
1101 75
1201 80
2167 78
165|13
2353 73
3624 67
110 78
5505 71
5527 75
3256 75
5956 69
5418 81
5530 50
5450 71
1127 73
3409 55
5881 60
166|20
33794 81
1721 68
4011 86
5378 76
3481 78
49530 78
2353 74
47644 62
54272 77
8961 82
1198 92
2542 83
1036 84
608 81
434 62
5219 68
5418 85
2396 80
349 78
2324 79
167|20
33493 58
4886 79
778 80
3052 70
7147 75
6857 69
45501 50
6480 70
1682 71
2231 68
784 30
33794 72
2083 71
2413 69
6333 73
8961 73
2139 66
150 61
6773 66
35836 65
168|19
3730 85
1248 99
1201 93
1089 91
296 94
923 91
1222 89
5291 82
3543 84
1302 79
3362 86
1148 92
3101 70
57669 91
2076 84
1729 76
908 97
85354 62
80463 86
169|20
3536 80
2028 85
364 96
953 97
4886 92
5400 78
8644 85
524 88
2795 82
1022 87
3114 92
3967 95
1517 81
1035 98
8641 87
6365 83
661 73
457 93
3287 65
1416 86
170|10
318 80
296 76
586 62
377 68
34 66
592 61
277 63
500 66
266 60
588 67
171|17
485 77
1220 87
1025 87
801 80
1259 93
1079 94
828 79
317 80
869 91
380 81
1136 93
1225 93
661 84
318 98
47 97
1198 94
1208 94
172|6
3087 69
3578 73
7438 77
2072 65
3793 72
2762 72
173|5
10 67
329 66
586 59
597 76
588 75
174|14
553 67
520 70
224 69
648 74
161 77
317 69
158 61
780 76
315 68
485 66
282 65
440 72
350 71
10 76
175|5
531 68
8911 70
43904 38
38388 70
8362 64
176|8
165 76
434 65
39 77
368 77
380 76
780 78
47 79
471 76
177|20
42002 69
91542 72
6332 80
3668 75
45672 46
783 55
27706 46
2657 47
114662 54
1206 71
83132 74
5218 77
508 73
3114 58
1321 71
2176 69
8798 74
88140 68
2012 70
339 71
178|16
7361 90
527 91
2329 89
5995 84
6502 86
4235 83
1198 91
208 58
6539 77
296 93
349 71
10 72
4226 88
1240 77
2579 82
318 95
179|14
367 68
589 77
161 77
231 65
288 67
743 58
1061 77
317 75
786 69
592 67
671 74
296 77
434 65
364 83
180|5
1261 75
260 86
1748 76
1242 74
2140 64
181|20
157 57
593 61
596 67
353 51
539 66
516 64
132 58
169 30
25 60
31 61
542 43
6 63
707 48
185 56
464 41
502 41
415 58
480 69
592 53
344 46
182|20
4879 70
6969 70
3911 81
2728 69
4313 67
8042 77
1291 71
3113 36
3578 64
1590 57
161 55
4452 64
224 66
4980 67
4262 75
2353 56
2890 70
1127 74
541 97
6041 68
183|12
480 78
380 77
1196 84
2951 77
2534 60
4085 73
1287 80
2194 80
3247 67
1233 76
2662 69
1408 76
184|20
158035 70
181413 70
193565 70
97304 87
74754 45
168250 73
191005 70
106072 53
166291 80
127152 80
86332 77
80463 90
5816 69
122898 56
81845 83
5810 57
170813 55
174479 70
112852 85
148626 84
185|10
1685 70
2396 72
5377 75
1721 61
5952 73
1393 66
595 68
2085 64
4995 74
899 79
186|20
2605 82
1214 78
1291 87
3745 76
1269 77
2527 81
2532 71
4361 68
1307 80
2968 84
4306 89
2541 78
1702 72
480 83
1097 89
3977 67
919 87
3527 78
593 85
1196 88
187|20
26122 70
3949 72
49272 63
231 63
1206 88
6874 84
1729 67
1209 73
48394 68
6502 66
2701 47
4027 83
288 83
2542 70
7153 74
39427 42
6890 70
1222 83
8949 84
1748 75
188|10
2346 78
1212 93
594 89
1282 93
3469 85
2396 92
1091 74
3341 84
1264 81
2206 87
189|5
48516 82
4993 76
79132 76
2959 79
58559 80
190|14
6711 85
4776 70
8784 77
4995 76
5630 62
4306 80
30749 75
1221 80
4975 62
8961 77
858 79
8464 72
69844 82
7438 78
191|17
496 70
21 72
72 66
175 91
494 59
417 75
17 65
6 84
85 77
292 69
314 76
58 84
235 80
213 61
161 71
160 40
162 88
192|5
356 90
288 61
316 74
349 81
432 70
193|7
44555 79
55442 77
4878 70
6016 79
307 66
1270 69
5618 78
194|5
163 72
1396 64
1500 68
1288 80
5060 71
195|20
3424 70
2770 44
1041 74
1653 78
1923 68
3160 66
4723 45
1863 48
2336 73
2166 69
4308 68
1909 66
260 84
2028 75
3252 67
2908 67
1392 73
1365 69
70 70
190 72
196|7
70286 74
3578 76
59315 73
58559 77
364 81
1214 73
110 81
197|7
1513 64
1240 76
1882 51
786 72
2167 70
153 65
1784 78
198|20
3894 70
3499 71
920 72
1213 78
3949 77
1994 71
1485 50
2572 72
4019 72
1089 75
110 86
593 81
4128 65
1270 84
4886 82
1079 77
2117 74
912 85
1573 60
1682 72
199|20
5464 67
2165 70
2280 42
736 44
5673 68
349 59
5502 57
482 72
8532 70
1172 66
300 62
50068 66
4881 62
3175 62
7445 50
2973 70
34338 61
41997 68
1956 73
377 62
200|20
3809 78
7022 81
50802 67
3968 67
2485 67
500 83
5610 53
590 79
1029 81
53996 74
2572 91
4993 92
4041 73
57640 78
1302 77
1784 84
6383 58
1653 70
1569 83
1517 73
201|20
1748 86
1527 85
1584 85
2858 89
339 80
589 91
2717 67
994 88
788 60
1196 97
2797 91
733 82
1259 90
2174 81
1198 96
2455 80
1569 82
1213 89
160 56
24 76
202|20
3329 70
924 86
29 75
2289 82
1197 86
1196 87
2966 75
161 77
608 92
1209 84
1296 78
3194 71
1784 74
469 73
923 83
2000 75
1587 67
1719 86
3147 87
32 82
203|9
56174 71
8665 81
2407 61
5952 90
590 85
49272 88
40815 82
333 74
296 78
204|17
1136 86
3949 78
33794 80
48394 77
27075 70
1080 82
79008 84
6104 87
8874 84
81591 75
4878 87
91658 80
711 56
2313 78
86320 78
55820 83
5218 72
205|6
912 79
99114 75
91542 73
5816 67
95167 68
96079 75
206|5
36 87
608 96
733 82
140 73
141 78
207|5
2991 71
2428 32
2707 52
3740 72
100 40
208|6
1210 80
2628 57
380 62
2353 61
2278 68
2762 73
209|7
60684 80
1291 88
68157 85
74458 78
185029 85
122886 76
88125 77
210|20
123553 70
34405 86
166203 70
3147 87
31696 81
7649 73
58559 84
2105 79
6365 87
34397 70
4625 63
84772 84
122926 85
76093 91
62836 70
33493 87
1584 86
47610 86
108932 84
122918 81
211|18
58559 90
63113 66
90405 58
57669 80
60684 81
7153 84
73017 79
2105 72
4367 48
356 85
2642 44
1556 31
318 90
44665 79
85414 68
1198 88
1136 82
260 83
212|20
170697 71
122920 66
122892 70
2571 74
5218 67
48394 72
3578 73
1196 71
135143 62
74795 59
179401 60
79132 78
77800 81
108932 72
110102 68
96821 76
8874 78
65261 78
59784 69
2291 65
213|17
3285 69
87520 61
80363 71
76251 82
8957 75
2860 67
1234 83
5419 78
51935 86
69844 84
39446 76
4132 64
858 82
69526 62
4558 64
49530 80
58559 83
214|5
83 70
628 62
743 45
1363 58
802 66
215|20
1172 92
4973 88
63082 81
1291 85
2028 74
3252 73
3210 72
1968 78
1247 74
49272 82
1089 77
72407 57
5650 75
318 92
1208 77
2000 72
1197 86
1196 90
1297 73
4019 76
216|20
104 71
21 71
3996 73
3946 35
2946 61
3993 70
3897 73
2599 78
34 76
3994 67
4034 84
3363 76
1965 62
3422 70
3555 70
3253 61
2087 66
3986 48
2018 67
1923 69
217|20
1867 70
3434 70
1275 66
2468 47
3197 53
1912 65
2302 55
1876 57
380 64
1221 59
2471 51
1918 64
1385 63
3165 56
1590 53
1562 42
1703 62
2056 70
1831 49
160 48
218|6
2657 56
2692 77
1380 50
1198 82
6934 44
5349 60
219|20
60072 53
2115 64
59315 68
6539 73
442 48
30707 76
1704 73
180 66
1219 75
1005 37
27773 72
56156 53
6188 73
6721 68
30825 48
2997 74
1552 49
1500 65
2890 74
1921 74
220|20
3996 76
733 72
1198 101
3994 77
6539 90
1258 82
1917 71
4545 67
33794 85
165 71
71264 74
4623 74
53464 48
5218 78
6365 84
3751 70
32 81
1036 89
5502 66
1591 54
221|20
4338 70
7013 82
8529 63
1080 89
3246 88
2871 88
1208 95
7063 86
2702 73
4029 78
5954 76
2352 81
922 92
2997 91
1278 84
2858 88
1212 90
1959 70
1961 77
3671 81
222|20
81831 70
100498 36
48516 77
1249 71
99813 70
91529 68
59900 54
93287 68
1721 45
2706 63
3273 41
2411 56
64622 66
7143 70
87869 60
778 75
30825 59
42011 34
673 59
64839 71
223|15
55854 70
6711 69
1 63
736 53
1961 67
457 71
2716 71
48394 67
608 64
8784 64
48516 72
3863 54
4306 74
260 74
2683 48
224|11
3496 70
3044 78
356 93
2915 75
289 70
3668 81
1270 89
2797 85
1721 69
2716 79
1259 84
225|15
2423 77
1285 66
588 75
1717 67
2791 81
1321 72
1136 82
1197 81
1753 75
2004 74
2371 65
1407 77
785 71
1060 79
3024 65
226|20
6938 70
32666 70
3552 89
542 50
1240 78
3098 72
2804 82
3668 75
3653 76
2231 73
145 60
2253 51
3052 73
2628 61
762 45
53129 78
4816 82
16 74
2144 83
46948 63
227|19
46976 78
52319 74
81845 81
109487 81
134130 81
215 75
48738 81
47099 82
1196 76
32587 80
912 80
55721 83
1682 78
750 82
778 83
40629 77
97913 76
70286 78
150 72
228|5
2571 86
1373 67
362 72
318 86
3113 66
229|13
34 77
589 78
377 77
45 75
587 77
5 64
475 84
442 68
597 75
364 82
213 61
110 78
527 82
230|20
34330 70
52715 70
47 61
7438 54
527 68
3147 72
45499 58
6537 54
2291 57
1387 52
6863 61
1485 54
595 59
4022 65
2096 56
588 59
4034 69
1676 60
8644 65
2641 40
231|5
92259 83
858 80
593 81
1198 83
109487 79
232|20
31867 70
41769 70
57526 70
70336 52
8644 69
1586 62
44972 45
4019 67
43928 51
30883 41
65802 53
8376 59
39292 76
1035 63
66198 59
66097 63
32011 46
6564 58
7451 66
33164 30
233|20
48394 64
3751 56
48516 74
1721 56
356 65
106100 67
162600 60
608 73
7153 68
134214 60
57669 70
122920 54
2329 75
4239 63
7371 77
3977 40
3147 74
3948 60
49272 63
5418 64
234|20
2616 61
2140 74
172 53
126 59
1562 60
4519 69
153 66
2710 62
3624 67
3483 65
1391 75
438 63
1460 72
2987 75
65 51
260 78
1359 61
3175 74
588 80
2080 72
235|13
480 77
736 72
500 66
454 76
592 71
235 71
595 82
32 76
527 96
648 76
223 78
588 78
377 66
236|30
1214 70
1278 70
1345 70
1350 70
1387 70
1388 70
1982 70
1997 70
1998 70
2447 70
2459 70
2490 70
2496 70
2502 70
2505 70
2542 70
2572 70
2580 70
2596 70
2598 70
2606 70
2657 70
2683 70
2694 70
2718 70
2770 70
2806 70
2858 70
3024 70
3052 70
237|10
32 69
4254 43
94959 68
293 72
1371 61
1193 70
7361 70
7980 67
43936 50
1374 64
238|9
4954 76
3528 68
4265 64
4901 74
4238 71
593 77
4499 77
4957 63
1193 78
239|20
58559 88
5459 66
4085 73
380 78
95 58
7445 80
608 80
7147 84
6378 82
2115 79
4896 81
36529 72
3994 79
33679 80
47 85
590 85
4022 79
208 62
733 76
51662 80
240|20
368 86
543 70
480 83
367 78
810 64
500 84
546 60
110 74
173 69
1 87
542 71
104 80
34 78
174 70
204 68
225 85
383 82
262 88
434 67
420 80
241|16
81786 70
71899 79
527 81
1206 79
1193 83
99114 77
100714 54
8981 75
53123 81
116897 80
56367 76
3910 70
106782 76
115569 84
4235 83
48780 78
242|7
39 64
380 64
231 63
457 71
592 68
454 67
111 77
243|8
112 77
353 78
62 79
588 84
193 68
586 75
181 69
376 74
244|19
3090 78
1049 62
110 73
257 65
165 68
151 66
1090 77
3755 67
2278 76
648 75
1580 82
1957 78
1610 84
1196 91
3256 77
1573 68
1242 81
3753 67
2243 73
245|5
3196 56
2739 59
3114 61
3274 43
1361 61
246|20
1304 83
616 82
1680 81
6016 87
3081 75
44191 83
60684 86
4973 90
1732 77
1298 88
53125 81
2291 84
2692 83
293 85
4011 86
5013 86
60069 86
48082 79
82202 58
95167 79
247|20
48516 85
593 80
2858 80
49272 75
1961 74
44191 77
527 73
116797 80
68358 72
122886 73
480 71
223 72
1265 78
2078 70
1198 80
1682 74
6377 74
1089 79
953 76
919 69
248|11
4886 75
1198 76
166528 77
176371 70
316 62
147374 71
102903 67
189333 69
122912 70
58559 75
5218 70
249|20
110350 70
102903 71
2167 72
94959 83
84601 71
2395 72
97306 71
3408 71
89047 70
91500 76
91542 76
40815 76
69844 79
904 85
46723 67
3826 57
68791 72
88812 61
67695 74
50 95
250|6
1282 85
2407 70
318 98
1597 74
1246 98
8880 74
251|5
142115 93
293 89
356 91
318 99
1089 91
252|8
164179 80
89745 78
6377 86
164909 79
1682 76
166643 81
143355 81
78499 85
253|10
44555 94
916 92
608 95
2300 87
7099 89
4217 81
26366 70
1192 94
4642 91
3363 86
254|20
46578 84
44195 87
207 73
49278 74
6333 75
780 63
110 84
1210 87
49272 83
27846 83
32587 82
2571 91
44929 75
47 88
293 85
1580 69
5995 81
32 88
592 71
48394 81
255|9
1270 68
4467 56
2023 47
3501 38
1663 56
1394 39
3392 44
2542 54
2915 58
256|20
3247 75
88744 77
377 87
4973 80
53972 75
118696 67
95441 69
104841 79
71535 85
2953 65
81229 86
53121 76
30707 85
2571 85
68791 83
170 72
6942 89
90405 68
6537 78
33493 87
257|5
1500 65
594 67
2502 71
494 68
2406 66
258|5
4995 84
7147 87
72641 75
76093 75
47099 82
259|6
508 65
5945 49
1784 64
4886 70
1356 63
1584 57
260|20
7361 71
3556 72
162 71
903 68
5690 87
6337 72
4878 71
5617 79
342 61
5219 54
2997 78
8011 70
1206 74
3317 76
6709 62
8874 74
2348 70
3822 79
2959 80
8645 78
261|11
3897 80
16 86
2060 55
296 88
2723 63
1682 82
4085 72
2194 79
7361 87
4238 55
58559 88
262|12
708 62
539 63
457 72
322 59
339 63
85 65
26 69
17 67
213 52
273 52
593 74
728 61
263|20
223 73
150 80
500 67
2987 75
2953 44
110 84
4226 81
8370 81
1197 85
7458 67
708 65
1111 71
2125 79
6942 77
5013 74
163 65
457 80
8636 73
1967 73
2085 71
264|12
7841 84
1376 73
151 69
5816 78
1907 73
1320 63
1917 64
150 80
3578 77
1090 73
253 61
1876 63
265|20
3807 70
316 68
253 63
1302 67
724 49
1240 78
3504 80
230 62
3831 70
1956 67
3098 73
529 77
1270 74
3791 56
1177 78
2322 59
1488 63
2474 57
1198 83
1962 71
266|20
476 70
2812 70
2700 90
2278 62
24 51
2770 41
2702 57
64 39
1405 35
2580 75
1527 76
2167 56
457 71
1580 53
2300 86
1923 72
2094 52
132 44
2571 88
2097 42
267|12
2858 78
593 82
1175 91
3006 82
1302 80
3999 66
3113 76
1093 70
589 94
2571 89
923 83
3996 81
268|20
1641 72
587 47
1125 66
1911 48
2802 56
1036 69
1370 62
50 87
2064 77
1784 49
1912 74
1966 61
454 51
1234 74
2247 55
1394 75
2829 49
802 65
260 83
2858 85
269|6
724 66
743 55
95 69
1 84
63 63
648 74
270|8
661 54
62 66
79 44
628 62
14 70
1356 71
141 70
25 66
271|9
3897 66
32 72
2791 69
969 75
6787 69
2858 74
55765 69
1320 57
2288 72
272|7
177765 68
1240 72
51662 71
122922 70
49272 78
158238 73
6365 66
273|11
440 82
593 86
500 75
608 95
223 82
111 88
150 80
21 81
466 69
235 83
520 76
274|20
50147 70
2947 76
3037 64
1645 56
4951 70
2036 48
1359 71
35957 65
553 73
76293 57
3918 86
1503 57
45431 54
4816 82
54999 65
5667 70
4876 46
56805 75
1921 75
54004 66
275|20
1784 70
2289 92
5884 70
1171 88
357 71
1912 89
2539 70
235 68
4886 73
2572 72
2355 65
3253 76
1192 91
926 94
111 86
2100 60
3089 86
1393 67
1719 92
1392 76
276|9
673 77
356 96
466 78
104 87
631 71
648 86
2 87
1367 77
344 82
277|6
637 65
736 68
656 67
1 83
780 76
260 87
278|5
2371 61
1347 67
4002 73
318 86
2369 68
279|20
134130 74
1101 58
166528 77
90405 52
61132 63
79132 75
56782 75
97913 72
1608 59
4226 83
59315 71
88129 71
54286 74
1258 76
8665 72
58559 79
4993 83
8376 53
107406 73
1200 86
280|20
92535 80
344 66
262 85
3146 54
4239 77
4447 71
8638 80
919 81
72641 77
86817 58
8368 76
49530 77
6863 73
35836 76
55052 82
54503 80
4246 84
48516 89
1911 67
3916 79
281|5
46578 72
8361 49
35836 61
3897 71
3861 52
282|20
5995 82
3977 63
3263 73
25 81
6708 78
2683 67
4718 67
6711 83
5481 68
6863 77
5669 80
3752 79
588 80
80463 85
1921 79
1193 88
4369 64
48322 89
1194 83
784 64
283|7
1580 61
39 49
1704 69
356 70
586 58
2082 57
805 64
284|18
474 79
173 65
2 82
296 86
15 70
348 82
248 78
318 90
47 79
353 81
275 54
44 63
339 75
367 72
276 70
165 75
637 69
235 72
285|8
1193 84
949 71
1247 80
6978 66
113207 70
4447 68
441 75
296 84
286|20
454 76
778 87
5989 81
1333 73
165 71
500 62
7438 80
2294 66
4993 85
4995 80
7361 88
70 75
4980 62
1258 81
4963 74
1097 70
4848 79
539 65
377 66
110 88
287|20
3160 63
3578 55
223 59
2633 59
1059 67
586 27
3005 32
532 39
1193 79
2599 62
2028 68
1485 22
3826 5
2081 51
8949 56
2012 44
101 65
4034 58
2422 14
2115 57
288|20
4473 70
4966 70
1008 70
2867 65
42015 55
141 62
2571 73
13 73
53519 75
2407 60
5418 62
3916 54
2347 61
2528 47
30810 69
575 47
32587 73
587 62
2517 53
8361 46
289|24
3 70
16 70
235 70
266 70
594 70
708 70
750 70
1080 70
1101 70
1208 70
1220 70
1258 70
1917 70
2012 70
2174 70
2710 70
2797 70
4322 70
6125 70
6327 70
6453 70
7025 70
7028 70
26704 70
290|20
1228 89
1299 87
2494 77
2739 80
608 94
2130 80
908 98
341 70
1447 72
342 76
1056 64
1719 93
953 93
928 89
1394 84
2648 66
475 95
2731 78
1357 84
2385 48
291|7
40815 94
122892 84
106489 76
134853 90
7153 87
88125 99
1 90
292|20
520 53
103339 72
122900 66
4896 85
2291 65
474 80
85056 61
46972 71
95167 71
164909 60
3176 61
3476 63
1608 68
31221 49
1101 76
3985 64
3984 74
1017 62
69844 88
231 59
293|5
1682 59
1673 61
344 43
1617 61
1097 54
294|20
416 34
3869 68
1064 56
2794 55
610 61
2133 34
1391 39
3868 74
1129 55
520 46
3387 29
355 39
2378 53
3693 45
785 42
2193 50
2367 47
2458 26
348 63
3501 39
295|9
1221 87
3198 84
1287 80
1213 86
4351 64
1198 87
858 92
318 90
2329 87
296|6
160848 70
2028 85
169034 70
4144 93
50 86
2324 82
297|15
832 47
543 56
1645 48
111 80
454 68
1089 80
6 70
1249 74
1047 38
1370 47
1488 55
150 58
170 55
1092 43
866 79
298|20
57640 60
95510 55
6811 45
8370 54
8807 59
63131 36
6881 47
3785 22
122900 47
103042 23
6294 27
2167 36
2005 56
6006 33
653 24
55995 34
3018 34
69757 45
103772 53
3825 19
299|5
3793 78
1387 81
188 79
1198 87
1214 80
300|32
318 70
356 70
527 70
593 70
1172 70
1704 70
2028 70
2324 70
2329 70
2571 70
2762 70
2858 70
2959 70
4848 70
4973 70
5995 70
6016 70
6711 70
7361 70
8950 70
48394 70
56174 70
63082 70
79132 70
81591 70
92259 70
99114 70
109487 70
112183 70
112290 70
112552 70
112556 70
301|20
21 68
357 70
2490 58
6711 82
589 64
8949 74
837 58
3948 57
364 77
527 80
5989 75
4963 71
608 87
292 59
3578 83
3897 76
4226 85
3753 52
1393 62
1792 40
302|7
480 79
14 82
3 68
25 78
648 73
707 68
110 85
303|11
5378 70
3703 77
1127 70
5544 73
1196 85
3471 71
1580 77
1394 69
2683 57
920 64
1358 64
304|20
314 77
2571 79
2433 72
10 73
1376 100
480 84
1373 68
1777 70
1270 91
1517 69
151 66
356 86
208 56
474 83
1214 77
1375 85
640 73
1722 71
185 70
2701 57
305|20
74624 70
140627 70
87869 78
919 79
1197 79
106100 88
138210 77
788 59
7482 76
80590 74
103075 76
903 66
6537 67
93840 73
54736 86
592 63
2288 84
58803 77
55276 82
1272 90
306|20
5784 49
68954 75
69644 54
6377 68
95543 63
81847 67
111743 58
85367 67
168418 74
167018 58
72998 61
122904 71
69406 63
85788 47
4963 67
115664 64
134368 67
112852 75
161634 49
133419 58
307|20
2190 70
4181 70
31424 70
49314 70
5010 66
7845 38
3392 47
1220 54
6793 18
6483 17
2332 25
56003 41
1991 54
3273 33
4876 25
3421 55
1409 42
413 39
4447 24
52867 70
308|20
2959 38
45517 46
96821 45
72998 51
318 60
2 43
904 55
589 40
8961 48
56152 52
56367 48
5618 42
36 34
410 41
79132 49
4993 52
8464 43
1221 37
2248 54
6 40
309|20
2202 79
1645 64
898 85
1682 68
296 77
1089 77
1269 80
7153 76
6947 63
8340 63
1104 87
7218 70
25886 72
1219 78
8154 77
971 74
1944 72
6365 61
1262 76
2762 73
310|13
6863 66
6947 64
1101 65
6503 50
2524 67
2457 60
5899 66
733 66
246 86
3254 53
1223 94
1080 83
2671 63
311|6
6561 70
5992 41
1517 45
6461 49
1407 41
2706 52
312|20
5816 76
1375 69
3499 82
589 88
2454 67
1358 85
4878 76
4103 80
3793 69
2028 85
1371 62
4121 74
2366 86
2747 66
4105 71
5446 72
2699 65
2529 83
1350 80
1356 81
313|20
4980 56
170 69
3917 66
2455 70
5544 70
541 60
2193 70
2000 73
6 79
1968 82
1089 78
1301 61
1240 66
3175 54
4865 71
2005 75
2167 68
1375 44
2087 50
2530 57
314|20
7 62
1042 54
44 41
165 56
457 72
293 66
597 58
329 60
442 52
26 65
830 52
728 55
618 70
107 56
536 48
10 55
1376 73
153 52
208 47
150 66
315|7
1262 74
2729 64
2529 67
2067 73
2553 57
909 65
902 68
316|11
1748 67
253 65
3968 53
158 51
5445 68
3751 57
7438 66
6874 70
48 48
3882 50
2572 62
317|20
133115 70
73321 53
91529 70
74545 63
7445 65
1213 79
48774 75
4262 75
1884 80
5989 72
3578 77
4011 84
68358 73
1208 77
72011 70
3897 77
3499 72
96829 68
116797 75
56782 79
318|20
26713 70
81191 70
90245 70
111817 70
127180 70
145080 70
150696 70
7445 77
1090 69
116799 71
82459 71
48385 66
2294 60
64839 70
88125 68
109487 77
4021 82
33794 75
54286 66
89753 75
319|7
115617 83
6377 86
356 92
136864 55
1221 92
122904 84
110 91
320|5
72998 68
71535 71
31184 69
59315 70
1013 64
321|12
587 76
356 84
160 69
592 64
597 69
780 73
339 70
355 60
410 62
3 70
500 69
457 81
322|20
2882 43
1968 67
2542 71
58559 78
2788 71
2146 64
2617 57
2918 77
778 71
2599 59
4027 68
4993 71
1230 69
51540 65
1 69
1617 70
1923 58
4010 51
11 65
1035 69
323|20
377 67
480 61
356 74
1094 59
161 62
115569 72
1198 71
29 66
551 54
22 60
318 77
112183 59
253 59
111659 49
3257 56
260 79
150 67
329 60
342 60
266 58
324|5
2764 83
3972 78
3864 27
3949 80
3897 75
325|20
2848 70
235 75
2986 44
262 75
1573 68
2596 70
1584 61
1217 84
1676 68
4714 43
3770 51
3261 65
2894 70
2155 68
1279 80
1614 54
3994 67
2268 67
2915 60
5008 86
326|20
8665 69
47610 79
20 53
2858 89
86882 73
5418 76
4973 84
133771 73
48774 81
2324 86
1293 72
2692 77
72605 60
70159 59
54286 71
5446 71
6591 81
4226 83
105844 77
31410 84
327|10
3301 83
150 88
858 85
1923 84
51255 84
48516 84
1304 76
765 75
6888 69
2706 90
328|20
2687 63
112852 64
70286 67
1196 70
457 67
364 64
80463 72
3489 56
318 69
595 57
5349 55
2542 62
1219 73
35836 49
3751 56
79091 54
7153 68
596 62
2398 73
1148 74
329|5
130482 70
136850 70
858 45
1884 48
750 54
330|20
5378 57
316 56
1639 75
2918 77
919 69
3949 81
3535 70
5349 71
380 56
1676 65
2502 78
3703 73
1682 72
2683 67
1206 83
1721 59
2791 71
2081 75
8874 84
592 66
331|20
8874 86
6157 39
88125 74
6539 75
3897 88
4446 57
7361 91
50872 75
4995 78
4306 61
6874 89
5502 54
3911 78
608 94
4447 49
593 89
3751 67
8665 65
4367 30
2959 95
332|20
47 78
1653 76
1258 76
316 62
8983 72
431 74
97757 70
2291 74
1835 66
356 76
5502 55
4308 60
1203 79
1682 73
1249 79
76251 73
2905 75
318 84
2294 61
32 78
333|5
3785 51
3752 45
3616 54
3615 42
3646 13
334|20
55820 65
1196 76
1580 66
1291 75
3996 66
589 69
30810 54
4027 69
1 66
64957 66
1625 69
50601 39
44195 72
27416 67
6867 66
2997 67
293 70
480 65
5378 66
51935 71
335|6
780 71
592 79
356 84
296 92
2699 51
2001 64
336|12
1267 86
1 84
38798 73
33660 86
1784 85
2001 75
2268 81
293 86
1625 85
4886 88
50 95
150 80
337|16
318 95
47 88
16 90
805 91
1393 89
266 79
667 68
168 88
784 74
65 73
110 83
708 82
25 79
1356 87
277 85
786 90
338|8
189111 70
190207 70
190215 70
190219 70
7153 70
593 73
187541 43
185029 69
339|20
72641 72
5445 74
84152 85
96079 73
106072 68
69122 76
5617 89
41285 76
56869 70
48322 84
65216 81
91630 79
86504 87
91529 72
83613 65
4993 80
3470 80
102407 78
2028 100
5952 71
340|28
10 70
110 70
150 70
153 70
161 70
165 70
185 70
208 70
253 70
288 70
292 70
296 70
316 70
318 70
329 70
344 70
349 70
356 70
454 70
457 70
480 70
589 70
590 70
592 70
595 70
648 70
780 70
1356 70
341|11
2335 67
3624 72
130087 67
1370 76
135137 68
117529 67
5459 67
45672 71
1 78
47099 81
4025 63
342|14
2683 56
2598 66
2881 59
2369 45
1268 70
2605 53
2599 64
1198 78
3157 53
3826 44
2428 47
2827 39
3863 63
1959 75
343|12
858 83
3000 76
48394 76
4226 80
4878 74
3993 77
2571 82
1617 80
31658 81
55363 86
55820 74
296 77
344|14
111362 73
380 78
316 67
2628 74
4226 72
2571 75
4014 76
2012 78
4034 80
260 88
2541 80
4973 80
5418 78
2712 57
345|13
1019 80
2539 67
926 87
5902 84
8810 62
344 71
5707 73
2366 74
56949 67
3649 58
6658 64
3489 76
412 73
346|20
3174 62
778 76
608 78
6711 71
6286 72
306 78
7323 70
307 71
3535 71
1212 82
357 71
3949 78
714 71
7937 78
7396 78
5878 71
1120 63
1131 73
3627 77
7115 59
347|9
434 57
590 71
39 70
150 78
454 74
380 70
587 68
317 68
457 80
348|11
318 97
2324 91
4368 62
1213 91
6016 94
2959 95
6893 87
4973 95
1221 93
1960 86
2019 94
349|8
10 71
161 76
589 76
381 73
349 73
231 60
588 76
509 71
350|8
852 62
7 61
637 62
648 72
733 71
12 48
858 75
661 61
351|20
88932 70
87222 64
73344 75
52579 61
2231 74
88744 70
43836 53
79132 74
597 66
58559 79
12 49
8914 70
8950 79
63082 81
6214 72
90376 69
84152 75
480 67
4878 76
1193 83
352|20
72998 73
71745 52
1801 76
34319 68
2600 79
65682 75
1080 76
79695 62
110730 53
38038 83
130490 76
97752 77
1214 86
94864 70
41566 69
56587 71
44191 87
114935 75
59315 82
47610 83
353|18
552 64
25 77
267 50
216 74
367 60
288 69
144 69
186 55
333 73
266 65
112 66
198 76
234 52
145 66
293 83
158 47
163 81
296 94
354|20
1610 75
4306 80
2692 78
3147 84
47 80
903 75
733 73
3977 62
1225 82
35836 67
648 74
44191 81
8665 74
1917 72
7147 78
1923 70
589 80
2959 84
4718 59
1196 78
355|6
316 71
1580 76
3035 88
3175 81
317 71
916 91
356|20
2248 82
52435 83
52975 75
7122 70
44889 70
1641 77
2706 73
4011 80
802 74
7323 77
2502 88
56367 83
1223 87
55118 86
3949 84
3996 81
1246 86
1466 81
223 78
7153 84
357|20
4354 70
8998 70
27329 70
2804 78
595 70
529 74
4663 67
4091 65
1224 79
1242 82
34 65
208 69
58559 86
6296 81
30793 65
1042 74
2100 65
551 70
471 75
2067 84
358|9
26095 70
605 48
5066 72
52328 66
2226 70
42728 68
7361 78
69844 78
36525 48
359|15
405 33
1092 56
1101 66
51412 54
648 65
296 68
1097 72
2396 72
2424 70
593 78
2701 38
2942 51
1682 65
2530 48
4995 71
360|5
1422 54
1620 54
1488 71
1711 65
1414 54
361|20
47099 72
1580 64
377 73
1552 64
49272 73
1263 49
53125 68
589 65
49822 57
8360 65
318 66
2529 64
5218 65
6188 67
2422 40
3082 69
1732 62
1370 70
46972 67
7458 65
362|20
1945 89
592 73
6539 80
51540 81
5989 85
637 58
70 76
7153 85
1252 87
44665 81
407 74
6874 88
2959 91
1196 87
1208 90
8961 82
48516 90
7438 85
356 85
1201 89
363|6
1552 53
1732 62
1517 56
296 72
653 55
318 75
364|5
858 82
9 72
783 77
376 73
1 85
365|20
59315 42
81229 65
128975 43
6874 47
90345 53
158872 36
129354 42
103075 56
135536 58
70286 61
112852 60
76077 57
112818 67
1777 52
6502 53
155820 36
541 55
95720 46
93270 32
135569 45
366|7
116797 81
59315 74
33794 74
91529 81
2028 84
122882 79
7438 80
367|20
926 82
3061 78
1270 85
1287 84
486 64
3536 72
3824 64
2384 61
3072 76
898 87
3618 78
3225 69
2248 87
3157 71
3969 74
3717 69
1259 83
4023 62
1196 80
1258 84
368|20
3753 56
2112 59
1944 67
2986 47
3869 64
1214 73
2947 68
415 41
3035 76
832 57
50 73
2819 71
1801 56
2490 54
1917 47
1391 56
2193 61
225 54
161 58
2881 46
369|20
1256 66
785 64
47 81
2706 62
839 57
377 65
52973 68
743 48
4214 58
5418 75
3863 56
1372 57
27904 68
60069 75
2857 55
1967 70
150 70
2011 67
1580 60
3174 69
370|19
4011 76
4878 75
8961 74
6377 76
2628 58
1748 74
2116 69
589 70
2329 77
7438 74
3977 61
1676 63
593 79
4973 81
4226 82
1240 67
1089 74
8636 67
2716 69
371|9
2571 98
112512 70
1258 95
4090 93
56715 100
3000 91
4226 93
4993 94
1748 96
372|20
335 70
924 72
318 88
1603 39
1479 51
589 83
81 59
387 40
616 64
337 65
1220 80
1201 76
165 62
1243 79
1258 72
377 65
1401 60
450 57
1206 70
1306 67
373|20
216 56
60 68
169 22
350 50
585 40
44 19
371 64
163 69
616 72
198 65
265 76
25 72
6 77
733 78
47 83
2 47
736 52
305 51
357 81
141 73
374|7
296 87
208 59
1219 80
480 75
592 69
1258 84
1339 71
375|7
344 68
1027 69
32 90
2628 59
3256 76
4226 94
500 71
376|20
91535 70
2002 75
1214 74
1101 79
2916 75
33794 82
1198 88
349 82
1371 71
376 72
1240 81
1375 76
4993 80
858 77
457 90
4226 77
5952 84
344 60
2763 87
2797 81
377|20
4942 70
2793 62
1262 79
2791 76
748 80
1345 72
5027 73
5113 69
27692 70
3421 85
6021 70
3364 75
2072 71
8641 86
2163 60
92760 70
2858 88
1503 62
2124 73
2015 71
378|10
33794 79
7153 85
48516 86
3114 79
858 84
68954 83
91529 82
71535 76
90600 76
364 78
379|8
318 84
377 73
19 48
292 70
480 75
367 67
597 67
344 53
380|20
60818 70
172875 70
172881 70
172887 70
355 52
6979 75
5476 43
2735 66
68194 87
63433 71
72356 83
105731 45
1833 63
551 65
6731 76
27831 81
1665 71
393 56
140956 76
2791 94
381|20
2085 66
1088 73
3253 59
185 62
317 62
27808 66
1240 62
19 54
3753 62
4321 57
72011 73
3082 73
333 77
2140 65
1385 63
2273 60
1208 67
457 65
104 61
2716 68
382|20
1204 103
142372 56
135532 66
1201 96
112171 70
1198 95
912 89
81847 81
4638 62
63540 47
1681 56
170289 70
103042 75
72737 80
2496 75
357 76
81537 63
59501 66
101362 55
4890 72
383|7
2436 82
2541 75
2496 65
1584 76
2558 52
1246 80
903 72
384|14
3527 68
1388 45
2683 54
2502 80
4333 48
3098 71
4396 38
457 79
358 30
968 66
2724 43
296 72
3991 38
1204 86
385|20
736 57
1080 80
249 66
1219 76
1036 75
1136 85
282 51
1073 69
1200 72
1228 73
1022 64
1007 53
1201 76
1246 76
344 54
589 77
1023 64
1287 77
594 66
1303 72
386|14
110 59
410 46
112 50
165 53
223 63
648 53
185 49
608 68
485 45
305 46
44 36
585 44
349 52
10 54
387|20
4393 70
5156 70
5780 70
7336 70
26124 70
40966 70
2712 85
5062 63
1247 84
5489 70
4195 69
7132 78
2946 58
1387 76
3000 81
51939 53
4995 68
912 68
7938 70
1783 54
388|6
6158 70
63239 70
33615 68
86298 68
62999 66
8360 78
389|7
17 89
140 78
628 89
762 67
743 69
95 78
32 89
390|17
6344 70
64957 68
4239 74
5220 46
1193 77
2571 86
9010 79
2291 77
5296 50
4226 83
7254 75
6377 73
63062 69
1206 83
2329 80
4014 62
1784 71
391|20
5575 70
500 54
3994 59
1213 86
516 54
199 58
4027 92
150 60
1408 71
4014 60
1527 82
1059 73
2916 81
4973 90
357 85
555 79
5026 80
4936 70
1210 87
3067 62
392|5
3004 55
2858 83
707 55
1198 82
1125 70
393|20
91658 71
102125 66
48394 66
36517 75
8636 77
110102 78
44199 75
5388 68
54259 71
4848 67
5669 83
1291 90
68848 66
86190 67
2571 79
1206 61
122892 70
106642 81
1625 67
106489 69
394|5
588 59
316 56
344 55
225 59
457 65
395|13
329 63
1025 64
296 64
160 60
208 57
173 53
485 53
355 49
520 60
595 66
126 45
48 55
367 62
396|6
1276 84
1597 46
1777 69
44 22
204 20
2081 69
397|5
4017 77
8645 78
1701 78
8228 72
6993 76
398|10
6408 70
1197 90
5971 86
7022 83
1198 84
60069 85
2455 74
1136 84
48516 86
82459 74
399|8
1198 83
110 76
5445 69
1196 84
593 78
480 71
1270 79
2194 74
400|9
608 91
356 92
2571 99
2959 99
7153 93
1221 95
3578 91
858 98
59615 68
401|15
5952 68
6297 66
55768 62
48982 69
166461 67
49274 53
50872 73
32031 69
79091 73
170939 70
38038 77
8360 74
3114 68
33615 66
1136 74
402|10
1084 80
597 76
52 73
329 73
296 83
586 73
315 69
1036 84
434 67
527 78
403|7
110 76
2427 62
3210 71
296 83
61465 53
1663 75
180 68
404|12
204 53
349 68
474 70
34 65
364 76
508 66
105 64
593 72
509 62
277 57
315 56
185 56
405|20
70708 70
293 79
7254 77
37731 79
2959 86
345 79
1213 82
7134 70
64614 80
6023 70
1241 75
2329 85
1247 79
3052 72
68237 79
1199 83
27592 81
27664 69
3418 72
1215 83
406|5
1586 60
135 54
56949 65
46972 69
724 63
407|5
7153 81
2959 82
6539 77
1240 75
54286 72
408|20
1198 91
122904 84
44840 70
165101 67
6618 79
1291 89
1210 89
89745 86
1278 90
7324 76
44 72
8641 82
115210 88
103596 64
68554 77
2571 91
109487 90
63131 76
80489 85
4649 85
409|20
2485 49
2490 67
2028 92
3812 57
1278 87
2997 80
296 101
1078 74
3016 61
1073 83
2683 72
2289 83
3846 70
912 91
2013 62
1911 49
2352 86
1230 81
2541 72
3174 75
410|20
389 70
3224 90
318 84
2302 79
4002 73
1060 69
4297 78
3263 66
1859 78
111 86
58 83
2145 69
3255 76
2321 79
3504 86
3948 68
11 72
4019 76
3 87
597 72
411|20
508 72
261 76
586 70
432 57
353 57
431 60
194 56
318 85
272 66
515 78
356 90
266 59
257 73
349 73
10 67
31 66
344 58
227 58
455 47
122 57
412|20
2828 46
2384 67
2915 72
903 82
608 91
2720 43
2858 76
1883 73
1307 80
1214 83
1784 69
2239 94
1 82
930 82
1136 86
2710 65
915 75
2398 76
17 78
1079 83
413|12
2706 91
1198 98
3753 88
2424 76
593 86
128360 87
4993 87
16 90
5574 89
3948 83
64957 83
2959 87
414|20
4458 70
4666 70
5285 70
5635 70
6033 70
6493 70
6563 70
6628 70
6797 70
48319 70
58879 70
169992 70
3802 45
3599 73
1600 61
8666 23
4975 63
7444 61
4081 40
177593 93
415|19
296 92
1213 86
4321 71
3507 84
4308 76
47 88
1021 58
111 84
2617 67
1276 86
3861 64
4369 67
99114 86
1221 89
63082 82
1234 85
45722 73
1197 83
175 83
416|11
5952 69
5951 37
531 54
1296 58
1199 75
1721 49
830 50
1206 62
7323 51
4848 65
3677 62
417|14
778 93
4995 86
4975 81
7254 84
1198 89
106782 86
27773 88
168250 82
1625 88
7153 89
74458 90
110102 80
48394 86
4878 91
418|19
356 91
296 87
63082 68
104374 80
1276 93
1136 90
117176 71
1573 50
137337 65
1682 76
5816 67
88125 74
74458 65
367 44
89745 69
45672 38
87869 67
7361 86
54001 76
419|20
4093 70
111 78
46976 72
27822 54
2858 77
319 85
6287 59
3578 92
1213 83
64969 67
47 71
79592 75
34319 70
89580 70
60756 65
27704 70
90943 70
2412 44
1240 78
52245 63
420|20
1161 79
4993 83
45499 66
923 79
26693 70
48385 69
1927 81
5608 84
2052 66
6934 67
7022 81
3979 56
59295 70
2329 85
54259 69
1131 79
2762 76
4973 85
5669 75
527 80
421|8
2858 85
909 79
5008 88
953 82
1178 84
2313 72
2478 60
1203 90
422|19
2539 63
2710 49
4947 74
4971 58
5039 72
4925 70
2581 59
4916 50
1265 75
2804 79
3053 70
2665 70
1283 87
4835 70
2908 76
3943 68
1213 87
2670 76
858 91
423|5
1653 74
110 81
2194 77
5349 71
1320 61
424|20
1193 77
141 75
2804 72
40278 71
608 74
108729 74
293 63
69122 70
1092 62
54503 69
58559 75
3186 69
66097 74
778 70
5679 58
3176 72
2288 73
2174 65
71668 68
112556 73
425|20
45517 64
377 68
2329 79
733 75
6 72
1645 66
8368 67
2081 69
4306 76
1680 73
1909 62
367 59
46723 72
1625 77
1036 72
4901 70
750 72
2353 68
1342 53
145 64
426|18
59784 64
150 75
471 65
337 64
54001 88
1197 75
6378 72
72641 72
4886 79
8644 73
37729 66
597 82
5444 69
91325 51
588 69
3247 64
4022 65
79091 71
427|17
4887 43
5463 44
5015 63
110 82
58 76
5528 70
6348 44
5312 59
2710 51
5696 45
4993 83
5266 59
2683 63
5400 48
5816 65
1208 82
5574 64
428|20
2471 47
2762 70
3827 45
1089 72
2953 37
2916 65
1380 42
1997 69
3440 25
4022 61
317 37
4255 31
1208 66
1391 55
6377 56
2581 37
260 68
3285 54
588 50
653 52
429|12
339 85
421 77
150 93
225 84
165 82
266 75
329 82
252 85
279 61
317 77
237 75
204 61
430|12
923 82
2987 76
3745 77
6287 55
2858 85
6365 62
2571 82
4447 67
4014 63
329 67
2076 74
4446 65
431|5
172 36
1625 53
1376 50
3948 55
802 46
432|20
1831 58
5630 75
6870 71
8640 64
6539 77
3916 79
5989 82
84189 70
110 72
35836 67
4886 82
2762 68
1206 80
49272 75
19 47
318 86
58559 78
69481 84
7158 68
33660 77
433|5
91529 64
1089 75
50 75
5299 42
110 68
434|20
1136 94
3147 85
1090 90
1265 81
5989 83
1101 57
1779 45
586 44
344 64
3863 53
1208 96
3160 83
589 77
780 47
6796 78
2791 71
4226 96
2194 83
8665 71
1291 86
435|9
2353 73
44191 84
485 68
3510 72
34405 82
2302 74
158 61
82459 84
48780 85
436|20
204 54
435 53
440 65
432 58
161 64
480 64
377 70
531 58
536 53
502 46
364 80
235 60
371 63
344 49
2 67
585 58
450 63
587 68
437 47
227 53
437|20
748 56
318 95
5 51
640 51
1299 85
1120 75
1396 76
1246 82
454 81
1171 75
1225 92
1183 77
1097 78
1307 79
1268 75
592 72
198 71
155 48
112 67
246 95
438|20
7154 54
2501 71
8966 63
27801 79
1527 78
6711 88
3898 45
1784 85
8644 69
6367 69
2424 58
3889 44
223 85
1517 66
7361 72
2641 59
5009 70
2617 64
3753 65
2393 67
439|5
356 82
4022 70
7153 85
78499 79
1240 75
440|7
8690 70
541 83
29 76
1653 79
1274 78
3174 69
1235 84
441|9
589 89
2683 83
2959 97
4306 85
260 90
296 93
51255 93
47 94
68358 87
442|5
2908 34
2881 23
1186 31
3752 25
4361 20
443|8
2329 85
79132 83
296 73
48394 81
106487 75
108190 67
7153 84
63082 83
444|9
356 84
592 69
208 52
21 70
111 82
110 82
235 74
296 85
344 59
445|16
2028 79
590 73
34405 69
47 82
116897 77
780 59
4011 79
899 75
593 77
33794 70
1080 76
45722 64
17 71
1230 79
306 72
2710 52
446|17
237 57
339 61
300 69
296 77
480 69
368 62
288 51
172 51
17 66
16 68
357 69
150 70
434 53
153 48
648 67
593 76
337 67
447|16
257 82
293 80
337 75
531 71
382 71
589 86
552 74
253 80
362 73
532 72
292 79
31 70
474 79
540 61
442 76
160 73
448|373
2368 70
3284 70
3933 70
6302 70
6476 70
7245 70
48262 70
49688 70
75803 70
75816 70
78116 70
79590 70
86593 70
92198 70
98908 70
100326 70
102819 70
104760 70
108715 70
109191 70
111680 70
113416 70
116207 70
116985 70
129657 70
130083 70
133377 70
136654 70
138546 70
142424 70
151777 70
152658 70
157130 70
158022 70
161290 70
164375 70
53996 59
136778 70
5418 77
288 46
88356 45
2580 88
155358 70
2889 71
4034 68
148888 43
81156 63
2713 45
103335 71
95441 61
34048 60
80126 60
3057 70
1057 59
2794 56
33830 71
8665 68
6059 61
110553 44
90374 74
151501 70
3764 36
6143 70
103819 30
4361 33
104913 62
3986 48
5528 61
1196 93
105351 46
83349 49
3276 70
1090 68
5349 62
587 67
106330 31
4677 63
95508 70
109895 36
110611 70
671 55
2289 79
152077 59
80693 63
111360 41
170 53
87444 57
94323 50
8493 49
3671 75
91653 59
4981 70
2991 67
78034 70
119145 70
5099 43
4299 59
2567 55
6996 19
109864 33
6582 58
73017 56
370 69
543 56
115617 80
590 83
154065 70
5553 66
41569 64
3286 37
6645 73
589 68
1920 50
2857 58
111663 53
78499 76
2657 81
6537 61
1148 69
46974 40
48516 85
80241 72
445 50
4262 73
3689 31
114935 75
6428 61
127194 70
109673 51
127096 68
89388 70
4156 70
3793 57
33679 61
2014 51
64285 74
3968 47
49530 67
3450 64
160563 56
5502 53
8169 59
6314 43
122490 70
3386 68
140725 59
4896 58
2642 37
127136 64
2763 57
2520 70
457 76
48783 77
3263 60
5400 50
5541 51
4011 82
58351 70
127132 70
152091 52
3698 50
435 47
4799 60
84152 71
3401 55
2858 85
3174 51
7076 61
106542 70
6218 64
2860 58
1283 62
3618 55
2616 46
90439 61
2404 38
4660 70
2530 55
26386 70
4327 52
3030 75
71464 48
32 80
91529 97
4158 53
99114 92
98585 58
93326 52
2268 73
80489 67
130576 38
105504 62
2791 71
50601 36
7007 64
4234 59
3623 52
80727 69
78467 28
8641 67
4128 73
106782 79
2537 33
112138 66
3247 50
112818 70
2027 42
3101 50
5779 70
82202 57
1704 67
98296 70
6863 59
89305 56
4203 68
1201 85
6212 31
637 45
84954 52
6814 70
94864 61
67695 66
159077 70
92439 72
6812 43
3156 42
802 80
118354 70
134130 72
138036 65
65135 70
52975 58
4368 37
90717 52
45722 71
79259 70
68157 72
4233 34
74458 41
3258 36
1262 69
3949 69
101025 41
69526 38
1831 22
1083 55
1884 84
1476 69
156609 46
3755 64
111659 52
4734 54
161 54
95201 70
135887 69
2598 52
87232 75
4634 72
5334 48
5459 51
146730 70
72694 70
157432 70
132488 70
4558 46
1375 54
6424 70
71518 60
2716 63
94780 57
3593 41
129354 58
158 55
1409 54
6514 70
2881 41
51662 69
90522 55
68554 43
2126 34
122932 70
93510 62
137857 77
125916 25
2953 71
2090 58
1760 30
480 52
58803 65
2109 66
50792 44
46062 27
85510 70
80864 70
112171 53
122900 66
2587 44
1527 72
117529 67
4993 80
92264 54
5247 62
533 44
912 63
26464 70
2249 55
4678 56
103772 58
114601 58
96861 50
420 57
59615 61
2349 69
109372 51
95207 45
348 57
19 46
136020 48
4502 33
91094 54
138208 56
3511 63
79428 62
2643 24
109183 70
2139 63
4212 70
5942 61
96417 61
112852 70
99728 65
89470 60
142448 53
64983 55
2640 46
2046 48
4881 67
3882 48
3744 48
1032 77
116799 69
5 62
4040 40
157407 70
2115 62
1617 63
4367 31
105254 63
3388 32
3760 83
2146 69
2968 74
6281 48
466 48
96448 67
86332 63
64969 53
115170 70
1036 81
3397 65
2474 67
1408 68
155743 70
106920 81
8542 65
120466 58
2051 47
7143 75
7150 45
89087 52
34150 46
2253 33
2973 73
449|8
1917 39
2502 77
4034 74
1222 77
2770 37
762 28
2011 54
2324 77
450|11
3977 61
589 83
110 87
3363 83
3535 82
3948 73
3409 63
1035 85
3568 70
358 56
1259 82
451|7
733 75
593 90
7 70
5 65
494 74
25 83
17 82
452|20
4025 78
2858 92
2617 90
5292 87
1206 89
1676 84
3219 83
47 91
3101 82
163 91
1092 80
1917 90
2126 76
1356 93
552 80
2628 91
1200 95
608 86
2707 88
3273 76
453|20
208 63
858 82
2335 74
4022 81
3618 70
1617 87
3452 75
1357 84
112 65
2671 73
1884 84
1894 61
2294 74
318 93
1614 73
3534 66
2959 92
798 70
5266 71
780 77
454|9
7361 79
2692 82
7116 37
55820 72
6016 79
27773 77
2160 76
2858 76
26131 80
455|12
272 69
432 56
367 61
590 78
253 63
364 80
555 70
252 70
110 80
225 66
588 72
597 72
456|9
1407 84
634 47
135 71
5 62
724 67
780 81
733 77
260 87
706 70
457|10
329 63
3593 23
2692 83
1356 79
223 78
2394 68
2701 38
3608 51
733 70
2094 57
458|12
597 79
185 76
10 77
380 82
95 76
454 86
300 75
595 87
153 75
587 78
150 90
552 72
459|6
79132 82
5618 91
8961 85
48780 86
50872 86
260 86
460|17
89039 70
4886 86
4703 84
3831 81
1441 77
4878 82
3483 69
8970 77
1 84
49272 91
40815 87
85414 75
68237 85
76093 85
47610 81
63082 86
2571 87
461|6
74458 66
2762 55
1036 56
91500 49
3578 57
539 50
462|20
26838 70
89090 70
164655 70
188189 70
1136 67
1219 86
158966 75
1248 78
508 60
1653 53
1674 59
8917 60
8620 10
3424 73
2146 43
7044 67
3814 69
1213 72
82857 70
26131 68
463|7
6377 78
2028 82
4310 66
3753 75
2006 68
1092 67
5995 81
464|20
1370 69
58025 67
63853 45
296 88
2019 81
3527 73
5254 63
7007 65
1101 75
1779 57
377 68
1653 85
55820 81
648 78
33493 72
1610 80
65088 64
74727 86
1617 78
62374 76
465|20
2941 85
2987 81
1200 90
3448 72
5060 81
1299 92
3703 87
3649 55
1625 77
292 77
904 97
3101 69
1754 76
750 99
1256 90
593 96
3732 72
3740 83
3334 90
377 70
466|20
5418 85
30793 79
79091 83
92259 89
5989 87
5459 74
318 89
63082 84
59784 78
5010 76
74458 87
6281 72
5952 77
8529 81
64716 85
68954 84
4993 76
45447 74
81845 86
55247 85
467|22
41 70
58 70
389 70
466 70
527 70
593 70
780 70
1183 70
1233 70
1357 70
1365 70
1408 70
1721 70
2028 70
2125 70
2324 70
2334 70
2384 70
2390 70
2393 70
2394 70
2493 70
468|7
592 71
349 70
1 80
317 64
296 82
32 81
165 70
469|20
3658 70
3832 70
3507 81
3032 79
2736 78
2132 85
1958 73
910 86
1090 81
1485 54
1388 50
2321 79
1234 86
2081 62
1193 88
36 75
2908 87
909 81
2023 66
3255 65
470|16
253 61
318 85
110 82
588 75
282 65
5 62
597 72
32 75
595 76
592 65
500 70
26 74
356 83
357 70
434 60
300 69
471|6
2571 75
8874 78
527 79
1 77
8360 66
7147 73
472|6
58559 84
3450 60
3298 73
2840 65
1221 76
858 80
473|8
4979 74
2959 84
60 67
7147 78
6281 68
3897 77
48322 77
2596 71
474|422
638 70
2179 70
2697 70
4046 70
5114 70
5311 70
5353 70
5455 70
5601 70
6201 70
6273 70
6382 70
6407 70
6592 70
6912 70
7702 70
7826 70
7832 70
7839 70
8057 70
8446 70
8458 70
8459 70
8611 70
8650 70
8774 70
8938 70
1466 65
6708 61
2940 73
2616 72
2334 62
7139 69
4218 70
371 64
750 90
2935 69
8645 79
5481 26
6370 71
25865 70
2553 58
912 92
2467 79
5548 63
7301 63
52967 61
5945 62
480 83
1983 51
3462 62
1068 70
8600 66
6650 83
8482 70
6791 82
4016 77
1784 73
3668 65
3977 42
8961 75
4160 62
30820 63
6984 70
2750 53
5034 61
7716 70
2612 70
4419 76
1300 77
4187 72
1187 56
6565 68
272 66
5440 70
25937 65
1099 65
3125 70
5826 70
5649 70
7256 71
4912 62
6016 67
1208 84
2083 64
3385 47
2310 65
3360 70
3163 59
1413 65
4081 35
1643 67
968 61
2116 68
26965 70
5954 69
1263 75
5116 70
3536 58
8778 55
63433 63
2952 78
318 84
3394 44
1200 93
3384 74
4356 76
932 71
7698 62
516 56
4873 63
48385 48
39869 74
1902 70
2641 67
7036 56
2181 61
4638 51
31116 85
2455 64
2146 63
628 74
3897 61
1030 44
4022 61
344 58
3196 70
92 40
237 71
6770 66
3259 62
3368 58
26151 64
1293 77
34072 69
3044 62
1639 64
5944 52
6539 68
477 66
7361 73
55687 70
58 70
4014 51
3467 63
8154 74
4191 49
2134 46
4644 71
4293 50
5013 65
1399 60
1196 82
2918 68
5899 64
4465 63
100 40
361 61
3341 76
8921 70
195 51
3789 70
4709 57
1588 34
3468 62
4678 62
2723 41
2118 72
1939 88
7019 51
3147 76
1792 73
33903 69
1682 59
41566 54
1693 62
1957 67
5021 65
2313 63
3870 70
948 73
47099 64
3447 73
6614 54
216 31
5619 61
3987 45
5060 55
3111 76
45950 65
32584 63
5525 70
2567 51
5956 46
7 64
1172 86
3217 64
8331 70
587 46
5238 62
1189 69
2416 65
832 64
3095 82
7386 80
1223 76
7058 70
5246 35
5418 85
27803 83
26 63
4002 71
1135 54
45 77
6945 73
2411 42
2520 70
7347 71
5375 70
5673 79
3039 58
7833 70
33781 59
720 84
2103 55
33154 76
608 76
1327 44
101 61
7061 70
5451 61
5682 57
5434 67
6609 70
31658 65
4578 42
2009 68
4704 70
7572 70
4929 56
3306 65
6334 58
5379 73
5437 57
42418 56
4128 57
7451 77
2786 35
2243 61
27846 67
6197 51
3264 51
3608 73
5603 73
6124 57
1222 67
1663 58
3566 50
3755 61
2628 64
4815 58
2089 62
7102 46
27706 70
7013 74
1348 62
45666 46
5755 44
4055 71
2058 74
4462 32
1544 79
2405 56
4998 70
273 65
1977 54
1732 67
7822 70
7073 70
41527 66
4787 56
1676 65
3708 60
6669 61
317 56
25940 70
971 74
7366 64
3115 69
7026 52
2710 57
50685 72
2114 74
3809 47
3516 65
2770 45
535 58
4878 64
5992 62
41997 64
1083 56
4487 76
7293 62
1016 54
2006 63
1007 45
4993 88
3412 75
5007 70
3929 50
6639 74
8712 70
1876 57
3546 70
34359 70
7579 77
7325 55
6837 70
2634 70
7753 67
8943 25
8385 70
4308 63
3246 75
3745 68
1148 78
42002 57
50740 73
3952 54
1927 80
7581 59
910 70
3948 53
54881 71
1284 75
4007 68
5341 62
3675 66
52975 64
6244 62
965 63
454 65
1247 64
7215 64
1282 69
8207 70
6242 66
6502 73
4509 59
3528 58
2391 72
4262 74
4039 60
42018 18
3271 75
976 70
48394 56
5384 70
5168 70
1358 55
6534 68
8773 70
2384 54
48780 76
1269 74
4600 63
2642 52
111 76
933 77
3578 78
5297 40
944 70
6020 70
2123 43
748 51
4896 74
5380 70
53953 65
3712 58
25996 70
1997 71
4464 69
4085 46
51540 71
2707 69
2069 73
6710 74
1488 62
6378 65
928 76
3038 71
7116 36
44511 70
594 68
1962 74
421 58
4316 31
2761 88
4823 49
892 87
1345 49
5294 75
1408 90
6579 82
3272 56
3421 42
3844 59
6787 71
37736 64
2249 58
1610 79
2468 53
3498 68
4902 75
6268 66
5225 66
5404 71
929 70
25999 70
7835 70
805 68
4126 68
475|20
6539 95
4993 94
87232 82
40815 94
5816 88
8644 87
81564 83
4701 87
81834 87
6564 74
68791 89
111759 96
7153 94
1527 86
71530 83
4896 92
106487 83
112852 91
3578 98
82461 82
476|14
594 89
34 85
380 66
158 47
153 56
586 60
440 67
364 87
378 57
357 85
224 78
165 75
296 89
11 84
477|20
34 70
913 79
3100 83
2105 74
1271 72
1207 86
70687 33
2174 84
45672 71
4571 75
3973 41
4226 85
1103 77
5291 78
348 77
3593 35
1 81
1274 83
6502 91
59615 55
478|5
1917 54
3114 64
594 63
1584 68
1101 60
479|20
5365 70
4488 64
524 70
1025 81
3707 42
1220 86
4010 50
3244 62
3526 74
4092 46
1968 77
4700 61
4003 64
3671 80
2671 63
341 70
2012 73
2542 78
454 62
2384 51
480|20
43914 70
2700 74
8533 63
2193 70
2797 82
3484 49
2571 89
1210 72
2596 71
8866 51
47610 73
6306 82
5379 80
2018 59
7153 86
3911 66
44191 79
38061 77
5673 77
380 61
481|7
1608 52
1687 58
1629 49
1729 53
1620 37
1597 42
1485 36
482|20
2068 79
8985 64
1036 86
474 81
1042 68
4389 65
780 92
27706 67
3211 72
1610 76
4367 67
1374 87
1220 73
1602 44
653 61
592 73
30812 69
4862 57
8361 69
8529 65
483|20
105325 70
783 70
2541 69
2959 96
109971 70
45722 63
1199 85
50872 70
2000 69
4306 76
69757 79
2683 60
2273 62
1588 44
109487 79
66934 78
1721 53
2328 59
68522 70
8972 76
484|20
93320 70
1438 68
6155 75
6944 89
2706 80
33166 88
6874 79
3697 52
1059 67
76293 72
919 76
2762 66
1821 68
837 68
5810 80
1753 76
3254 81
4718 74
2413 75
3646 69
485|5
588 88
161 82
253 70
292 81
231 66
486|12
653 70
47 84
110 93
153 70
474 85
95 73
288 67
329 80
161 81
318 99
292 79
6 83
487|12
27611 65
8961 62
318 72
1198 66
31658 62
1197 70
6539 60
5445 53
116797 69
4027 65
8874 60
86377 69
488|20
720 86
838 72
608 81
1223 85
26 74
5135 74
2109 63
7720 56
7303 80
4014 65
5995 78
457 84
105 77
1136 83
272 74
1269 78
3176 57
1278 74
1125 68
910 85
489|20
79536 70
86000 70
4848 60
736 49
8387 3
4700 66
45666 42
4720 56
2683 58
2021 58
2389 7
1619 55
950 63
58559 88
2236 52
2167 36
1616 38
247 68
376 48
2717 44
490|20
46578 69
89492 64
81591 65
91077 71
60074 48
5816 55
4144 68
54001 62
1 63
1784 62
7153 71
4993 75
89759 74
86320 61
60128 51
76251 63
8368 66
69122 61
2006 43
78499 69
491|13
106782 86
69757 91
7293 82
27808 73
4246 86
3948 78
104374 91
86833 83
140110 82
8529 80
180231 70
4306 94
88405 74
492|20
736 87
784 73
628 85
858 87
852 73
64 63
990 72
830 78
743 76
62 83
52 76
1499 64
66 76
1210 84
881 64
1474 64
1405 61
724 75
1047 78
65 75
493|13
2985 60
4444 54
2916 69
1275 75
2571 87
1527 73
2028 85
3793 73
2167 51
1215 77
4701 45
2924 81
260 94
494|5
1196 88
4498 54
3578 80
2028 87
1210 85
495|20
140523 70
115149 82
1259 84
1721 63
136562 77
80489 85
19 67
50872 84
231 80
102123 70
52319 82
7254 70
7360 88
8528 92
1645 76
46578 89
30810 70
2918 84
148626 85
56775 78
496|6
1221 70
99149 56
858 71
904 77
8865 43
114713 49
497|11
1193 76
112556 66
112290 67
1916 62
92259 73
2329 66
112552 70
1258 70
2762 66
5349 52
111362 61
498|7
344 65
231 67
648 84
10 78
300 77
356 93
316 69
499|6
1202 78
2337 61
38304 95
327 66
56286 72
1304 86
500|18
2599 72
2987 62
543 60
2700 74
2542 76
1265 75
2916 71
356 64
3301 64
1784 64
1914 66
595 57
2355 58
3536 63
1885 54
322 64
838 70
720 73
501|9
6 66
62 68
93 61
45 63
3 53
637 58
11 73
18 59
662 67
502|7
7236 71
1077 77
4412 19
3469 80
2001 53
2520 70
1777 68
503|19
7455 70
7361 80
4878 65
356 78
91500 61
593 78
527 77
858 85
4226 71
1259 71
1342 61
2877 53
92509 57
90866 71
500 47
441 67
48516 73
2858 71
48394 67
504|18
4995 78
5812 72
2321 77
1 80
3556 71
7153 81
6708 68
1288 80
6927 70
4033 75
4700 68
6565 75
342 69
3408 72
6879 67
4361 65
5952 83
5955 70
505|7
1241 84
4105 81
1029 79
74685 81
273 64
6502 83
54999 73
506|9
59258 60
54272 66
37741 79
56782 86
62293 65
51834 43
49286 45
112556 74
61024 66
507|5
165 63
266 60
253 58
377 70
593 73
508|5
2872 40
2011 56
1952 47
1175 52
898 53
509|20
26958 70
130073 70
2028 65
87232 75
33830 70
5313 47
48 56
2090 57
2080 66
6942 69
8907 42
6156 55
5816 72
39 70
3988 56
6807 70
7458 54
1196 71
45447 54
616 63
510|20
1882 26
7026 33
35836 48
494 43
1198 74
514 59
457 70
2935 76
858 75
2699 40
317 46
8949 57
2918 68
145 40
1262 73
6787 67
1208 76
372 38
1242 67
40819 63
511|11
2959 91
53953 72
115149 83
164179 82
6534 68
99114 86
92259 87
318 97
2324 86
1653 84
56757 78
512|10
480 69
150 71
349 70
47 83
350 74
442 68
457 76
50 88
317 65
593 84
513|7
5952 84
318 92
2174 70
235 73
1304 81
1220 81
1080 83
514|20
1335 70
5704 70
62586 70
168358 70
180263 70
1704 75
2005 67
2792 71
2013 46
1673 79
134130 81
76093 72
1333 69
58998 70
68157 86
2406 66
3210 69
54503 73
4855 69
1644 34
515|6
33794 95
2028 96
527 96
91529 97
58559 98
2959 100
516|26
260 70
457 70
480 70
647 70
708 70
1042 70
1090 70
1197 70
1198 70
1954 70
1958 70
2021 70
2259 70
2268 70
3052 70
3471 70
4027 70
4291 70
4306 70
4321 70
4322 70
4333 70
4337 70
4349 70
4361 70
4429 70
517|20
4306 64
53125 34
1265 52
165489 70
97938 53
88744 36
86880 41
4148 29
26761 70
3398 62
1293 57
3988 33
2858 19
4963 49
1204 59
1704 61
47629 51
7669 66
1206 39
46578 67
518|5
3101 57
2657 60
783 68
1876 44
6365 55
519|6
1704 94
356 94
140110 84
6378 85
7445 81
1968 86
520|20
7266 70
318 90
1049 71
59315 79
4995 80
32 85
2716 81
4333 63
1291 83
1732 77
4085 71
2723 72
3081 70
3994 75
33493 74
135 63
2393 68
60516 60
2406 76
1584 73
521|8
661 64
112 66
86 79
104 71
58 83
79 63
52 77
852 69
522|20
99114 70
81932 77
89492 79
63113 67
2959 90
1193 81
1375 59
4993 92
223 73
27611 80
76060 69
180 74
59315 78
1617 84
10 66
67255 71
2023 70
6187 71
318 84
127098 81
523|15
168252 89
8970 86
5989 95
318 100
91529 92
1721 81
293 92
65261 95
4270 77
3147 97
27731 86
134130 93
31696 82
527 91
101962 82
524|20
1356 72
150 77
552 62
748 63
344 53
442 60
253 59
1225 76
20 52
589 76
1242 71
544 59
173 54
1302 68
380 71
457 80
1020 66
788 55
193 43
466 56
525|20
120807 70
317 53
6863 71
8622 72
33004 70
7147 71
2396 79
40815 82
137337 69
1639 49
1968 81
91869 70
45880 68
2100 54
339 66
4886 73
50872 74
86332 73
8983 68
3996 65
526|12
593 82
55247 82
46578 87
176415 70
1295 63
90430 80
4014 71
2352 76
176413 70
215 78
81845 86
51255 86
527|20
2137 78
3114 88
3210 82
3016 75
2161 83
4571 83
2118 82
3421 83
455 62
2867 94
2450 51
1909 81
1214 90
4299 74
736 83
2477 71
588 82
4016 82
1259 87
2533 73
528|15
4886 69
2278 69
80906 72
4037 54
1240 73
64614 70
3821 23
150 77
1291 75
80463 75
593 71
99813 73
85342 73
48516 73
58559 74
529|5
653 59
135 49
65 41
62 68
733 68
530|6
292 76
500 68
300 75
586 61
593 90
11 83
531|5
593 86
590 81
919 81
480 82
1215 82
532|10
1721 72
4863 90
457 89
290 87
1245 92
1242 88
2023 78
2329 89
1304 87
517 79
533|8
1200 90
6502 92
79132 93
46578 93
93840 87
4973 91
2455 85
66934 88
534|20
116724 70
97913 74
94953 79
2003 69
2167 74
7569 80
153 70
1485 74
65514 76
104218 70
344 61
2571 84
5445 80
95875 68
112818 89
82461 74
96610 62
2987 68
138036 79
1566 75
535|6
2571 69
2581 36
2700 76
2688 29
2583 82
2882 20
536|8
232 72
272 70
356 81
335 70
225 71
150 73
434 56
589 70
537|10
80906 86
367 75
7153 84
53322 77
104218 67
97304 84
6539 86
318 91
89745 79
105504 87
538|8
595 82
3671 87
80549 84
4039 75
69757 85
5047 74
44889 70
66934 85
539|8
4306 75
6753 70
5218 74
50872 74
88 64
3301 74
4886 76
69122 72
540|9
2598 74
2959 89
1073 82
8874 83
1681 58
2183 76
2841 77
2747 64
1196 92
541|18
590 76
457 84
413 54
15 60
110 83
595 82
597 66
480 77
356 80
203 63
529 79
357 70
22 71
345 67
546 46
586 60
281 68
350 70
542|20
6539 68
30793 71
5299 64
2542 76
34319 74
33679 67
4963 69
5481 49
1997 64
4025 64
3623 52
924 71
4369 47
6378 76
2571 82
7254 76
41566 69
37733 66
7361 81
45517 66
543|16
73881 88
1702 79
595 89
3301 87
231 76
2378 79
2379 79
86882 93
6377 87
588 86
377 93
48385 70
2571 85
4526 70
4388 78
92259 96
544|22
1 70
3 70
14 70
32 70
40 70
62 70
68 70
95 70
116 70
619 70
626 70
648 70
650 70
694 70
736 70
780 70
839 70
1042 70
1047 70
1059 70
1105 70
1356 70
545|5
1438 66
1267 75
2763 80
1367 60
44 50
546|13
1270 67
3328 68
480 61
1970 62
2456 56
1976 49
589 69
2657 67
1673 70
3941 70
3959 78
3566 56
1977 55
547|5
1211 81
2859 78
2917 83
1394 83
1288 84
548|26
69 70
260 70
356 70
733 70
1196 70
1393 70
1477 70
1621 70
2571 70
2716 70
3263 70
3578 70
3916 70
4776 70
4899 70
5955 70
6874 70
7458 70
8531 70
49910 70
58559 70
74532 70
80862 70
122904 70
125916 70
168712 70
549|5
2571 72
2028 72
4226 80
1210 65
589 69
550|6
167296 70
102125 78
106782 81
116797 85
112852 91
122882 86
551|20
5010 75
34162 72
60069 75
1544 64
45186 66
103772 74
51935 74
4226 63
2353 70
7153 70
5989 78
135569 67
115149 76
88129 61
134130 80
6934 74
47 70
4701 65
2959 69
98809 73
552|20
2916 71
3317 81
1405 41
2953 43
2245 62
2944 72
2890 72
2125 69
508 73
3948 56
5349 61
2959 87
2857 60
173 33
2991 72
2871 79
2628 42
4308 60
4878 73
3101 52
553|17
55765 84
3481 82
1923 78
2571 93
4011 88
50 92
3949 85
1089 87
44199 85
5513 70
2231 87
2395 70
3052 79
61257 70
1221 86
33166 85
2959 92
554|18
1196 84
1022 79
2820 70
1207 87
1517 74
1282 82
1210 84
1760 43
2282 55
1225 89
907 71
1358 75
2096 76
1028 89
593 89
608 85
953 89
2324 82
555|20
790 70
3664 70
1 70
3111 91
3395 72
104 74
1334 58
2506 71
2072 76
4002 75
1266 87
2641 63
2256 65
2791 77
2701 46
1333 78
1320 65
337 89
1393 78
3526 71
556|7
162600 80
122890 77
3081 75
88125 86
588 81
72998 79
74789 65
557|6
648 67
231 66
1291 74
260 70
1210 73
150 73
558|12
5329 70
5064 85
4903 78
2297 81
2568 64
4993 76
4306 84
367 73
5283 79
1097 81
4164 85
5294 90
559|20
552 59
608 75
355 46
329 67
544 57
1527 72
173 56
377 72
745 80
174 48
529 77
350 63
349 69
533 62
836 56
1210 83
420 48
786 67
227 49
253 71
560|20
5839 70
91535 61
136018 55
67997 79
79132 83
3253 67
142558 70
2355 73
39435 64
1527 70
40414 78
64614 74
48744 72
56587 63
593 81
76251 72
84944 70
109313 70
5878 77
40819 76
561|20
168174 70
5308 61
78469 51
3703 69
60069 79
91535 57
2105 70
73017 68
5445 57
2000 74
83134 65
79132 81
79592 54
80463 80
89745 83
527 86
8972 63
353 65
33162 69
68157 77
562|20
27140 70
6870 82
6377 93
2580 87
1249 88
4776 78
36529 73
1259 81
1982 73
2268 79
2133 79
83134 83
3210 80
48394 87
30707 79
33836 59
2692 83
88163 86
99191 70
1240 73
563|20
61071 70
70932 70
80858 70
919 61
74450 64
588 68
5943 60
118997 60
86833 68
1197 80
128832 70
85397 65
45221 44
33499 58
7380 65
96821 76
81784 60
95307 52
65585 63
55250 52
564|20
50942 70
356 71
31685 64
131013 75
61024 75
79224 62
87869 73
500 66
108156 68
81784 61
93270 56
6188 70
106918 74
65230 71
67087 65
80693 72
94677 63
8984 68
73266 66
2671 78
565|6
590 70
231 60
19 55
21 66
50 85
539 62
566|15
648 67
10 72
231 64
329 68
342 64
141 71
203 65
345 67
39 63
497 77
265 71
588 75
708 66
353 73
2 70
567|20
8189 70
26743 70
92681 70
109897 70
152071 70
5690 64
136602 49
122888 70
6333 35
1274 62
122922 58
153070 70
151687 70
117877 70
108928 27
954 49
122924 57
27773 69
648 39
135887 18
568|23
50 70
147 70
296 70
356 70
480 70
593 70
765 70
1103 70
1104 70
1257 70
1298 70
1895 70
2313 70
2359 70
2863 70
3053 70
3148 70
3261 70
3363 70
8169 70
46723 70
63853 70
65088 70
569|5
231 74
50 95
380 82
588 84
592 76
570|20
208 50
8636 70
48516 78
1225 75
586 54
2683 53
457 76
1196 79
110 81
4993 80
7361 72
1198 79
1079 72
10 61
3793 75
1391 47
589 75
380 71
527 75
185 56
571|20
1331 70
2982 70
2366 69
1128 56
610 66
2902 52
1998 32
3696 63
1980 70
1987 70
70 60
1924 53
2279 43
1327 51
3732 55
1972 54
1278 72
1644 29
2327 81
1978 41
572|20
1961 83
2570 74
2788 90
2321 65
111 86
904 91
2987 82
2302 60
1834 83
2539 70
2917 85
1307 87
1 84
161 65
3421 82
838 84
1356 83
2006 60
3167 58
1953 86
573|20
89745 88
72998 83
3752 80
356 86
7293 83
6754 75
8665 89
32587 85
1073 77
88744 85
1127 83
68954 90
98809 84
2640 87
48516 96
71535 92
59369 73
60069 87
88140 82
1562 54
574|23
47 70
110 70
150 70
153 70
161 70
185 70
225 70
231 70
292 70
296 70
300 70
316 70
318 70
329 70
339 70
344 70
380 70
410 70
434 70
588 70
592 70
593 70
595 70
575|8
2566 52
2580 79
296 91
2581 61
2572 73
2542 82
2574 47
2598 62
576|5
849 56
1321 58
1373 50
1479 63
2289 64
577|20
2415 70
1183 64
1288 77
1129 66
2944 71
2194 71
733 61
1213 77
2076 64
2020 70
1262 81
1931 77
1391 47
2987 73
952 73
1909 63
260 80
919 83
2248 69
1270 81
578|6
6751 70
52668 80
45668 84
830 76
72407 55
75446 70
579|15
3174 75
2485 68
1022 75
2018 71
838 80
1917 83
1391 66
596 68
1573 71
2965 70
1653 76
2599 70
892 81
2687 67
595 82
580|20
5767 70
6583 70
480 66
8844 70
6989 66
3809 59
41569 65
3699 61
4041 77
33166 73
356 71
508 67
8376 62
3578 82
608 62
3785 69
3089 72
1320 65
54286 82
1201 82
581|8
7153 89
5995 85
4973 90
116797 87
3949 82
4306 87
109487 84
6377 86
582|12
91529 88
2959 85
116797 82
4993 80
5618 81
2571 83
76251 75
69844 86
104841 76
48516 88
97752 71
76093 82
583|12
8533 67
88405 61
2706 66
117590 75
317 60
60756 66
6942 77
595 69
46578 70
104 61
2694 58
7451 76
584|17
288 74
22 82
203 77
315 77
500 79
316 76
539 78
234 63
296 76
257 88
434 77
586 81
338 71
349 85
282 72
480 86
590 88
585|13
3173 75
1228 88
54503 85
2959 88
428 83
1405 66
7254 75
441 82
1805 73
296 91
27373 70
5325 79
79132 85
586|20
34332 74
4016 91
111659 70
106002 79
149406 86
167036 81
45499 79
136556 70
5445 84
117851 72
1291 91
71264 84
106489 78
135436 82
3753 84
2640 82
3147 93
122916 88
3793 93
101362 70
587|20
1234 84
628 75
2012 77
534 78
2002 68
1641 79
236 71
1376 95
2622 72
1541 74
3260 86
497 91
3082 86
445 70
3448 81
2574 60
765 63
691 65
329 85
3406 73
588|12
50 84
16 78
20 44
356 80
350 50
198 60
593 81
364 77
163 63
253 63
223 73
3 52
589|8
1092 71
318 93
590 82
373 78
586 67
587 73
527 95
337 79
590|20
924 79
8807 58
2371 67
38061 84
81834 69
40815 77
4890 47
903 77
5 49
3624 57
555 72
4047 76
51662 63
2085 72
419 43
595 75
329 68
2376 58
3635 69
2398 72
591|11
2908 60
2706 75
2712 54
2355 66
3615 61
3578 71
2394 61
3798 61
356 77
223 70
2724 57
592|19
514 71
2 78
153 67
415 65
110 88
177 57
420 62
380 77
44 53
788 62
588 76
163 69
204 54
610 81
39 69
419 50
253 72
432 62
240 61
593|20
1196 76
1073 64
1086 79
1617 81
4034 75
41566 53
1197 73
344 51
8368 64
339 55
2959 74
8961 66
5816 65
2797 62
4896 63
588 64
595 62
5952 71
377 47
141 59
594|20
7031 70
2671 78
7115 73
1616 66
5943 76
1188 54
2269 83
1733 87
4902 81
6996 52
780 85
1429 70
6140 81
7046 57
39 82
595 101
799 74
2028 70
8482 70
7169 93
595|5
265 80
50 92
1186 86
1199 90
1966 77
596|20
33649 70
43744 70
182793 70
129397 53
128908 70
1 79
142488 79
122922 75
4310 58
71838 60
4025 61
2501 69
110102 73
149406 67
2774 70
5502 61
8665 64
6537 59
2571 75
345 73
597|20
1799 61
490 64
3040 72
2529 93
2858 87
903 90
3039 79
2000 78
1291 89
357 80
1228 90
1845 91
2411 60
1580 76
1148 89
1198 103
2723 80
485 68
592 67
2692 98
598|5
56367 73
8360 65
593 73
114265 70
103543 54
599|496
26142 70
26567 70
26590 70
26676 70
26854 70
27595 70
34800 70
53450 70
60803 70
69131 70
74696 70
79895 70
84523 70
87960 70
92674 70
98799 70
102735 70
102852 70
104017 70
105020 70
122433 70
157865 70
158874 70
160978 70
161044 70
174727 70
179053 70
1801 51
6035 66
3387 47
33437 54
112 38
5995 72
167706 70
4394 70
836 37
7235 53
8809 58
102749 70
89087 39
42011 34
432 26
471 49
5628 48
1015 22
2 53
2269 50
69 61
3947 54
79091 54
104837 70
4037 53
7587 59
6881 64
1449 71
7225 58
81229 46
68952 67
4728 52
5081 56
33966 70
1779 50
3669 70
87197 70
170297 70
79057 65
95965 70
55207 70
4007 57
1220 63
80831 54
46723 49
71282 64
7757 52
3259 49
92309 49
1376 72
7192 43
4654 46
101423 70
53468 49
62662 70
3174 46
3698 51
2882 34
2359 50
1183 52
2792 50
1095 60
8387 -2
53125 54
115713 63
2949 57
2471 33
3 46
1231 66
3861 50
240 43
1480 58
2301 45
1445 31
8045 70
586 36
2942 36
1185 66
4594 70
2474 51
3671 69
3196 63
64839 61
98697 70
2606 37
1777 52
5309 53
7022 76
4873 56
541 70
27311 64
43921 59
67734 45
4240 70
5026 68
168 29
33493 52
4125 30
7354 47
207 45
1094 45
742 49
1609 45
1042 45
3362 70
4553 52
4632 46
2278 58
468 24
122904 53
75416 70
42718 60
4285 39
79274 64
1794 70
45081 52
108192 70
3489 42
3503 54
89804 55
163809 70
577 34
3071 50
1204 77
3981 40
95771 70
45382 63
6548 38
59387 51
166528 66
168492 68
6691 70
605 43
424 10
2991 57
248 45
97950 70
3865 57
1216 53
342 50
35836 62
27772 42
176419 56
151781 70
277 37
6320 17
39381 60
5111 70
4090 52
2450 25
2676 49
2356 42
79702 56
1597 49
410 48
1721 45
3702 51
183301 70
1387 90
2072 50
26729 67
2393 60
4247 32
4591 43
1032 38
3087 60
1895 47
634 13
210 52
2074 62
51575 34
3505 58
5247 36
481 51
4215 24
1355 26
2657 39
2028 84
4011 77
420 18
552 49
1196 96
2395 59
5303 41
1752 39
3186 55
4310 29
1784 49
3200 71
7254 59
688 42
473 37
1079 77
1552 56
1148 70
1544 45
63113 52
2325 47
26649 64
6804 70
161 49
4109 41
34332 30
1653 59
4808 37
7707 70
3468 62
502 29
1221 84
1792 62
68319 48
6787 63
2119 26
3884 13
4254 27
3973 21
103609 70
8934 70
5377 76
42632 67
55290 55
4506 49
7840 54
5568 50
1689 33
7005 70
103228 72
59947 70
786 41
4351 56
172253 70
4679 52
1411 61
117630 70
1590 31
112623 55
3146 26
8984 44
1920 61
519 35
179817 70
3979 38
3741 64
44020 40
26630 70
7285 59
3030 75
1021 37
8638 63
87 51
7153 74
2877 51
2018 35
3173 47
5198 70
7101 44
7701 24
3213 62
26159 51
2339 70
33896 59
2000 53
4006 58
136562 54
37382 47
6645 62
171763 62
8528 52
27008 70
4017 57
4167 53
86142 70
1249 65
3255 56
736 38
2779 52
84414 66
27773 65
2083 48
98499 40
4034 65
119828 70
1993 34
94864 48
6631 25
2321 47
26242 46
3703 66
41566 43
2529 75
1968 63
8914 62
3257 57
159403 70
1036 70
76093 57
5103 40
6947 62
1952 65
2124 53
4084 35
6016 60
778 62
81 49
2171 64
1253 64
4275 47
7982 55
3723 70
849 29
2681 50
6565 55
39414 43
122916 47
6440 61
8917 36
72011 58
1605 41
1240 75
923 69
68157 74
5961 70
5053 70
3571 57
2403 65
3871 65
44238 70
72226 69
7004 46
2054 42
62970 48
5159 43
354 60
122924 44
48774 67
1394 74
3763 37
70286 71
1904 37
3969 48
81562 59
102590 70
233 55
4155 44
1031 44
76 33
459 37
1097 63
1178 67
60291 51
3328 60
1232 55
3036 55
5283 36
4327 49
610 63
2726 66
4732 36
5970 53
2396 69
594 41
1247 67
45499 50
3476 53
2399 38
137218 70
1997 61
3271 60
27801 69
6365 51
1799 60
580 58
122900 47
2803 45
80219 42
466 45
110882 58
3997 39
26176 70
2378 37
117895 39
26662 76
90603 61
119218 70
44 39
809 30
1960 72
4519 51
1959 61
414 45
1073 58
61236 53
1479 42
4019 58
1245 58
37857 60
161032 70
371 42
3020 46
88593 70
6774 61
2005 68
90405 42
26285 70
6793 24
627 56
1617 72
6734 28
108090 70
2427 31
51024 51
122922 48
3440 22
6874 88
4919 51
338 61
81591 56
1704 51
1499 40
357 43
62155 49
144 48
34148 53
53519 51
4504 70
2796 36
216 49
6827 23
1429 50
7445 50
1385 48
90471 51
8425 70
10 67
26542 49
7387 66
72998 60
89470 54
3629 59
1297 52
3424 64
1672 64
44761 72
196 50
70703 70
2383 26
180 59
4040 36
6333 61
4440 72
5291 65
88235 60
1639 52
4580 -1
153236 70
86190 45
4477 41
103027 70
32291 57
34811 70
5171 34
122260 70
8784 60
5954 53
8798 55
707 58
880 43
314 60
61323 54
600|20
3269 57
1394 104
3785 35
2717 42
5569 50
4306 53
1206 63
56775 40
2015 54
7 47
2013 48
262 63
1210 52
1060 55
2431 55
2077 54
2423 60
4641 64
527 61
5076 41
601|20
141846 70
68157 87
1262 86
106782 81
60069 88
49272 86
5445 83
1193 88
1207 86
79132 85
904 91
166024 79
1917 72
7153 89
2324 87
170697 78
31658 87
5989 82
88810 87
2571 93
602|20
161 65
19 51
350 67
494 70
14 72
471 62
125 62
434 55
235 64
481 55
315 55
371 62
474 69
527 74
21 67
349 59
440 67
339 65
480 68
163 64
603|20
602 70
803 70
2008 70
2577 70
3459 70
4787 67
2912 84
1769 64
485 60
4420 70
920 57
1 81
2706 54
1844 70
3787 72
1222 78
190 76
2716 61
3983 92
101 80
604|20
220 70
292 73
151 68
329 60
410 59
426 69
435 56
316 66
22 70
235 65
181 50
332 66
273 66
637 61
285 70
173 60
588 74
23 68
553 75
1 83
605|20
35347 70
6787 72
1197 78
5667 70
42738 61
51662 68
7373 62
596 61
780 77
4571 66
2316 71
7454 59
150 79
60040 58
8977 54
3269 66
72982 70
1210 77
62376 51
60937 43
606|20
263 70
563 70
583 70
3808 70
4671 70
4840 70
5856 70
6111 70
6573 70
8685 70
32728 70
55805 70
3147 85
4392 71
2311 77
6308 48
50842 73
6591 76
8270 73
2025 77
607|20
891 77
1610 72
448 80
3147 86
1094 71
1307 76
592 67
204 56
1552 78
527 77
3476 80
296 76
2313 71
3440 55
423 72
1518 69
2118 74
2193 66
380 82
2028 81
608|20
52245 55
2997 68
3793 94
2763 75
174 33
2000 72
1214 67
919 54
2700 72
4161 62
5146 53
1639 76
541 58
473 34
2529 54
522 59
4343 59
1909 62
2431 58
1220 52
609|8
296 70
833 47
356 76
339 63
454 66
318 80
208 59
292 62
610|20
5953 70
58975 70
70206 70
78626 70
82765 70
97988 70
107447 70
107462 70
110591 70
110746 70
118082 70
139655 70
160341 70
86644 52
56801 54
61024 65
77561 74
4816 62
62434 61
3972 76
