1|20
260 97
1927 89
804 76
3 79
1009 72
2406 83
1587 85
3671 93
2617 78
3053 88
2571 96
1222 95
2137 85
1377 78
2395 85
2761 93
2641 75
2872 90
1258 98
2700 87
2|6
333 73
122882 73
71535 76
46970 60
58559 81
80489 74
3|8
5764 70
647 39
6835 70
5919 36
2851 32
2288 49
5048 26
4518 37
4|20
106 70
1291 74
3408 65
265 73
52 67
4347 65
2467 71
908 76
345 72
1304 76
1923 68
2959 81
368 68
1219 75
4765 61
1199 79
4166 46
1732 77
21 66
2858 77
5|9
515 73
1 76
364 80
608 82
290 74
261 74
34 68
318 85
21 67
6|20
349 75
318 91
775 70
141 74
348 78
104 71
327 63
410 66
165 75
87 66
366 64
17 76
1084 85
222 76
16 83
416 56
277 67
460 58
867 51
316 69
7|20
8528 65
3623 48
8636 69
8360 65
1517 64
466 52
8373 44
1220 67
7155 52
8808 54
6863 59
31878 62
1610 70
1219 71
4700 59
45668 58
8970 62
27741 65
6333 70
8865 49
8|10
356 78
47 77
231 59
318 84
454 70
292 64
32 77
141 67
380 65
252 67
9|10
5451 53
923 73
5890 51
2901 54
922 79
6044 70
1987 70
5378 55
3735 68
5447 51
10|20
597 62
33679 58
8533 64
8969 57
72720 56
88810 70
136020 53
6377 76
5943 46
109374 72
113394 70
61250 45
82167 46
140110 62
5377 69
77841 70
6942 68
1028 72
72330 70
66203 50
11|13
733 76
1584 79
1210 87
170 75
1438 59
648 73
1918 64
493 77
10 75
457 84
1693 73
150 82
1923 76
12|7
2717 77
2100 79
838 89
2072 83
1876 78
2581 78
6942 92
13|7
3717 65
3624 67
3798 65
2174 70
47 81
3893 71
305 55
14|10
344 57
477 64
110 74
540 54
597 65
153 56
592 64
4 45
539 67
105 62
15|20
91529 74
7438 73
111759 71
2329 80
1 72
1909 62
1240 70
115713 72
1200 73
293 73
2571 76
3949 73
120466 56
1198 77
2028 76
2011 65
158 48
160980 66
4306 72
4022 67
16|20
1230 72
78499 71
913 76
1136 74
1299 68
1617 74
1203 73
3429 71
2858 73
608 76
3683 73
4002 64
1199 75
912 76
2707 57
5782 72
1260 63
319 65
27773 68
2109 62
17|20
260 84
64839 78
296 86
5952 80
527 86
1193 83
3681 82
1240 78
2717 62
2858 82
1093 68
81932 74
5618 83
50 86
5971 81
2959 86
1201 87
541 85
82459 76
1 80
18|20
8117 70
65596 70
88094 70
145283 70
157110 70
166015 70
171023 70
103253 60
60684 75
44199 77
2 70
86628 66
59784 70
2918 78
109374 80
4226 82
53129 76
139385 77
47 81
1291 78
19|20
3692 70
3662 41
54 42
2733 36
1702 46
1240 62
1270 66
3712 55
1881 51
216 58
3 51
1834 60
2184 56
3017 54
2044 37
2354 46
2005 62
3146 42
3387 41
2694 49
20|20
1566 72
5419 68
4014 70
2140 73
586 63
661 69
3189 71
5014 77
1333 77
4161 69
3784 55
1030 60
5313 56
2804 80
2054 58
34 73
1097 80
6358 70
4519 68
1722 67
21|20
107013 70
117922 70
140301 70
57640 71
2985 64
2990 62
2717 57
5418 76
31433 56
112175 71
7153 78
30793 60
4446 65
52973 70
45186 66
2023 69
79185 63
1721 64
102125 68
5459 57
22|20
8961 51
2723 42
60950 45
64575 44
1193 58
70286 52
4993 56
2160 57
39183 45
7147 52
3996 50
3481 51
55765 52
48780 54
7361 58
51540 52
6711 61
2968 52
3949 55
48394 50
23|20
6234 70
3996 67
293 72
1206 75
1136 75
1960 65
7587 63
3424 73
3181 67
2467 68
1248 81
1617 75
6807 70
1952 71
6440 67
1258 76
1243 71
1080 70
8228 64
1711 60
24|20
1784 67
2617 58
111759 72
134853 71
58998 68
1265 74
1198 78
3147 76
1197 79
1220 70
2424 61
5418 74
72011 68
54286 69
27773 71
64957 65
356 77
44191 74
1682 70
68358 73
25|6
58559 92
60069 87
74458 86
79132 90
527 92
260 91
26|21
10 70
34 70
47 70
150 70
153 70
165 70
185 70
208 70
225 70
288 70
296 70
300 70
344 70
349 70
356 70
380 70
434 70
454 70
457 70
592 70
593 70
27|20
1196 79
2478 58
2640 71
3508 82
3555 68
1201 83
3519 60
969 77
2080 67
673 54
2886 48
2529 74
1387 79
1101 64
1947 72
1250 81
1276 82
3114 74
1083 62
3809 65
28|20
27450 70
60943 70
61011 70
63033 70
5617 63
59369 56
60046 70
507 49
3300 60
55094 58
59018 70
26695 70
2951 68
3006 63
2231 66
5418 67
26812 46
2058 58
353 66
61167 70
29|17
98961 82
7379 72
1250 89
1201 91
111362 82
48516 90
1100 64
26554 77
3441 72
4327 78
2872 81
2301 78
1617 88
3681 86
55820 86
4223 78
99114 84
30|7
5952 90
108932 88
1200 90
91529 91
116823 84
112852 92
1198 94
31|10
1198 84
1200 81
648 70
1363 62
1073 78
1036 80
1197 85
377 73
1246 81
1270 82
32|20
236 74
314 73
1356 79
357 75
224 77
627 65
1079 83
1084 85
318 90
761 59
1197 87
849 66
912 87
880 57
1198 86
58 80
203 73
608 87
497 80
410 66
33|20
110 79
17 74
2396 75
2272 59
448 73
428 75
265 78
1280 78
1177 78
1617 83
50 86
261 77
11 74
452 57
345 76
608 85
150 78
1188 77
800 78
2690 73
34|18
780 65
2273 62
3717 62
26606 64
45499 64
3996 71
4310 59
3624 64
31685 60
1721 65
5146 58
7090 75
70 67
2006 62
3000 79
4306 75
27728 50
3997 39
35|5
11 78
185 67
595 78
21 75
300 76
36|12
5171 39
3066 55
552 47
4025 41
1262 60
2735 34
2359 53
1372 50
1278 61
2194 60
3347 53
1704 63
37|5
344 65
356 85
661 70
329 69
457 83
38|16
434 52
39 57
223 68
161 66
246 76
168 53
273 51
480 64
356 73
457 71
364 73
50 76
500 59
300 62
551 62
21 61
39|20
2571 84
2391 77
1921 82
1862 46
1219 81
1907 76
2081 73
2459 66
924 81
2529 78
1729 75
47 82
260 85
2080 71
592 70
296 87
3213 81
610 74
589 81
596 71
40|20
440 77
454 80
588 81
339 75
158 60
432 60
431 79
186 66
616 80
514 80
21 75
592 74
1 84
223 82
585 64
216 78
104 74
371 76
111 87
267 68
41|20
96829 64
64839 66
122882 65
6287 50
1569 57
106920 71
86781 61
3160 66
1721 56
2028 71
6763 36
5418 69
53519 52
122904 67
55247 70
924 68
4011 71
2324 71
35836 60
5995 71
42|20
3869 78
4654 61
1021 56
2423 76
3248 47
4477 53
2500 51
1431 57
195 71
3326 58
2407 67
1090 83
2735 57
3693 59
1020 68
4545 69
4132 53
2263 63
3535 78
2805 60
43|20
225 91
296 106
596 90
588 96
587 93
420 77
158 75
631 81
5 84
597 90
168 83
355 69
47 101
367 86
519 71
594 95
236 92
1 99
60 84
259 78
44|10
36 73
663 68
12 49
661 66
94 75
1 77
104 67
112 62
494 68
889 70
45|20
2718 76
1036 87
2028 91
1653 89
1682 84
2396 83
3249 74
261 85
4308 82
329 75
1367 71
2890 83
593 93
1127 80
2431 76
6377 92
569 69
1197 93
1060 81
2858 90
46|9
590 81
588 79
315 67
208 63
1 82
432 59
225 74
434 65
339 74
47|20
508 62
68932 57
72395 61
2420 64
597 60
148626 70
5989 67
96588 64
69122 63
6155 57
4975 60
30749 68
106100 63
45950 64
2028 72
4018 55
1259 69
6373 56
33166 66
2407 54
48|7
4886 86
1320 72
1527 84
1193 89
3793 80
48 72
1653 88
49|5
2028 81
1214 78
139385 76
318 87
527 84
50|20
8143 70
114335 70
136564 70
142074 70
171759 70
175693 70
179073 70
175707 70
71264 53
82848 70
1377 46
44555 65
8157 50
6807 60
95543 46
8253 47
96610 53
924 62
32875 70
4896 58
51|20
7040 70
5620 63
2613 63
4437 78
2023 79
1500 78
522 79
858 93
4508 77
2951 86
1014 74
1407 70
2282 62
2420 79
3388 58
260 89
3186 77
3994 77
3501 64
2371 71
52|20
152081 89
51255 93
74458 93
1923 87
7438 94
40583 86
59784 84
55765 91
112852 95
86892 81
55363 88
112138 90
49272 94
52245 76
69481 92
50794 73
1704 97
54736 85
44665 90
47200 76
53|5
481 68
1100 63
249 81
1125 76
916 86
54|7
296 71
593 71
639 52
1 65
205 48
161 62
500 54
55|5
2407 44
673 36
3275 64
2890 54
4011 62
56|10
786 70
253 78
165 77
110 83
589 83
370 67
434 65
410 68
69 79
185 67
57|20
2140 68
942 73
920 74
3175 67
1784 69
3429 76
933 83
1193 79
3446 54
160 56
1499 43
2640 70
892 73
11 70
2947 74
6 77
2478 57
2291 73
1688 65
2301 70
58|20
588 81
282 74
185 68
419 63
367 71
277 70
48 71
280 84
337 81
345 82
3 71
357 78
527 90
587 78
218 70
500 74
508 78
368 78
364 88
353 84
59|20
1696 58
6460 85
3489 77
1188 85
1222 90
2076 85
3448 84
1263 86
1247 90
527 93
1244 87
904 95
903 90
965 85
2616 73
1953 84
608 93
105 75
912 93
3471 84
60|5
832 64
58559 80
805 72
455 49
858 84
61|8
266 73
1101 67
7438 81
173 55
555 77
2012 71
4878 83
3949 80
62|20
99114 85
176371 78
3793 79
56757 78
73017 86
30793 71
179819 68
68554 72
185135 72
168248 84
5903 83
4878 89
2028 89
5502 71
6058 69
344 69
1721 75
45499 74
41566 77
78105 70
63|20
5669 70
4246 68
48780 74
500 63
6016 79
31658 75
2858 76
64285 67
85414 64
1221 80
106696 68
4963 73
50 80
1097 73
260 78
110 73
1222 76
4979 69
5952 74
77561 64
64|20
5878 79
3101 65
2640 75
2959 86
8784 78
2054 58
4239 76
4025 62
5026 83
40819 81
266 74
2699 59
27266 74
3969 73
1805 65
6296 67
4776 77
3148 79
4262 80
356 84
65|7
1246 81
33660 81
7458 69
2329 87
4993 82
91542 75
3147 82
66|20
593 91
47 87
5418 86
922 92
2139 81
2956 68
3745 75
1956 83
4581 70
5349 81
1210 89
1094 73
2001 72
380 76
6539 81
671 79
1 85
6378 82
7766 75
296 91
67|8
99114 74
4306 74
27193 65
79132 78
60069 75
2012 66
4886 75
4993 77
68|20
47978 70
95218 70
6534 50
48696 67
67267 67
30825 59
1799 60
3556 71
8622 66
4351 59
63113 63
58295 64
7151 62
2413 63
6287 55
653 56
41566 65
5541 56
260 78
48043 63
69|10
4370 79
4848 90
3671 89
2476 82
1193 92
356 92
553 87
4022 84
260 93
3994 82
70|13
1193 89
1097 84
1914 80
1269 79
4995 88
318 94
8949 81
1968 81
1210 89
89492 83
1250 90
1235 92
2366 80
71|7
494 67
647 65
736 63
95 59
733 69
589 76
7 58
72|9
1047 69
150 82
858 91
2490 74
1357 78
260 87
50 89
1198 87
1196 86
73|20
1193 83
45720 70
105037 72
6333 79
59315 75
76293 62
138204 66
2706 71
152081 76
45221 54
68135 69
150 79
8376 68
93510 74
59784 70
116823 74
106072 65
1682 77
52245 63
35836 72
74|20
31522 70
2594 82
2908 86
30749 89
6870 84
3006 85
52281 80
49772 81
55118 90
2997 92
6305 83
608 95
4546 88
41863 85
27773 86
6001 87
1251 92
6552 82
46976 82
44555 93
75|14
5445 63
1240 69
5952 71
2193 66
6870 66
2529 68
168 54
541 76
3176 62
1962 62
2078 67
1889 64
1266 72
1374 67
76|20
48877 45
5956 57
2918 63
58803 58
1247 67
74458 64
7669 63
79132 68
8957 46
858 73
55820 67
1258 70
63436 38
1201 71
1208 71
48 51
288 54
34405 64
1 65
1196 67
77|6
3996 72
4973 83
7361 80
8636 74
3578 75
33794 76
78|13
296 79
165 67
3809 61
589 73
546 41
27904 67
260 77
590 71
480 68
68791 65
344 56
44974 63
380 64
79|13
3266 84
3029 70
589 84
1916 73
307 83
4005 64
260 88
1189 81
1345 74
2000 79
1374 80
2659 70
2076 81
80|20
7445 81
96691 69
84189 70
91630 84
49530 86
8950 90
6539 85
4223 84
5630 82
3527 85
76251 82
80363 66
52604 82
6502 89
34048 76
1221 96
60684 85
6952 71
5989 88
77561 81
81|26
10 70
32 70
47 70
110 70
150 70
153 70
161 70
165 70
208 70
231 70
288 70
296 70
316 70
318 70
329 70
344 70
356 70
364 70
367 70
377 70
380 70
457 70
480 70
588 70
589 70
592 70
82|20
6886 70
2381 60
2378 64
6566 56
368 73
6536 72
3253 72
4310 62
1608 67
1372 70
145 64
356 83
6708 74
1485 61
4369 62
6564 53
6888 48
5803 54
4015 53
364 83
83|20
56367 66
7143 69
7323 63
6539 65
161 67
586 53
2115 64
1270 72
6874 72
2324 74
1537 67
7153 74
68954 71
48774 69
30749 70
8014 72
1222 72
3753 63
1223 75
64983 57
84|20
55 70
987 70
912 84
1096 85
420 56
1227 79
113 62
580 61
5060 75
1293 78
900 71
1097 78
62 73
368 72
1305 70
1247 81
1296 70
11 73
1073 77
1094 67
85|7
1519 70
1624 59
1140 70
1694 61
1643 72
1747 70
1635 75
86|14
4993 85
4310 66
6947 77
2411 63
457 84
5418 84
3996 78
4901 73
1835 71
33794 82
1196 86
3555 74
1097 82
2687 74
87|5
4023 62
2009 66
3504 80
671 73
2139 75
88|12
7312 70
74795 70
4993 82
68157 84
5952 81
1193 84
223 78
8665 77
4262 79
56782 90
8677 49
58559 85
89|104
26645 70
32060 70
44851 70
53280 70
53578 70
67888 70
69211 70
81087 70
84246 70
103602 70
108078 70
109596 70
118894 70
121007 70
128089 70
128944 70
131098 70
131439 70
134847 70
140481 70
146684 70
148632 70
150554 70
164226 70
30793 64
169912 57
87869 72
1923 73
4015 53
950 70
173253 70
2324 83
27826 70
92259 86
11 74
3977 56
86298 64
8154 75
77688 70
2997 82
170837 70
49274 54
157775 70
1 79
142196 70
99117 58
62008 70
72624 70
108156 63
3752 67
2059 63
128520 80
3175 71
133879 70
48649 70
126088 70
5529 54
65588 70
99130 70
40962 58
1732 81
68659 73
91666 70
2683 65
3751 72
750 84
6650 69
149508 70
2395 72
51575 58
65230 72
171751 70
85881 82
139157 70
6863 68
4246 73
108949 61
1230 80
160567 58
73319 57
177185 70
130520 65
5220 55
121338 70
153386 70
50872 76
149566 70
145491 70
4890 64
129354 59
32243 70
84944 70
6402 70
1288 83
140133 70
119141 72
947 86
176621 70
4973 86
158398 70
69469 70
54503 78
141928 70
102481 70
90|11
1137 70
1144 70
581 84
81 72
892 86
1073 87
116 78
896 55
17 84
7 71
613 71
91|20
3013 70
6395 70
8147 70
7153 78
3360 68
2791 75
3897 76
1080 73
4850 58
3429 76
7000 66
2060 65
2916 69
1391 58
2100 58
318 84
2146 64
1225 77
1246 76
8501 60
92|5
2572 77
2114 79
1015 69
2454 68
1801 76
93|20
736 82
1917 78
552 82
1721 83
539 88
480 89
1372 85
368 88
2355 87
1923 88
2193 90
2006 81
339 86
1097 93
1591 71
260 99
2968 92
1676 83
593 100
558 75
94|12
231 54
377 63
367 56
364 74
288 59
19 46
10 62
586 52
590 68
380 60
589 70
318 79
95|20
18 79
4878 90
6979 78
4732 55
3019 80
5246 59
32 88
2952 81
1247 89
1198 91
5283 70
3361 85
1513 71
2009 73
539 80
122 66
1584 82
1240 85
4262 86
5349 82
96|16
527 85
1094 67
272 79
3819 72
150 78
2021 71
2571 83
1214 79
2058 71
1220 75
733 72
2340 61
1721 68
2396 75
367 66
1291 78
97|8
4701 76
4306 86
3578 85
4993 89
4963 86
4299 73
3981 57
4161 75
98|19
81845 90
8961 82
122912 77
5299 70
63992 55
187541 74
56152 79
134853 82
69644 65
6863 73
5618 88
56801 59
3499 84
134130 87
74789 67
82461 69
1258 90
88810 84
79132 89
99|11
318 99
161 87
420 68
592 80
196 66
122 70
145 74
150 89
316 78
236 83
588 87
100|20
497 85
296 93
1393 79
95 69
592 76
605 66
6059 80
28 85
2245 71
62 80
4308 81
1777 75
838 80
2125 84
1288 91
234 64
1197 92
2005 84
4014 76
4623 81
101|13
2580 78
3285 63
2723 69
2700 75
2908 78
2390 76
3175 73
2395 73
358 57
2702 67
3394 59
2997 84
2502 82
102|12
158 52
588 73
150 76
592 66
253 71
480 71
344 59
539 70
553 74
593 82
586 59
223 75
103|20
86014 70
1954 82
60040 68
1968 79
77206 70
2161 76
1732 85
81834 88
608 88
2384 68
4254 50
104 72
139642 62
56782 92
2096 71
101 80
6534 59
374 47
60069 83
30793 67
104|20
4740 70
743 50
5218 72
8643 67
1288 84
47997 69
468 70
76251 71
8533 73
4018 66
38038 76
1566 71
7361 83
6060 53
3034 74
1641 76
4641 75
108190 63
616 75
7034 74
105|20
4788 70
69685 70
95311 70
95313 70
110586 70
141816 70
141818 70
170597 70
172587 70
172793 70
173351 70
173535 70
6433 66
4974 66
70286 86
108981 70
95175 70
69122 82
1243 88
3916 82
106|7
69844 86
72998 79
59501 79
86880 74
5349 83
53125 77
59784 79
107|7
231 72
253 82
590 86
165 81
434 70
208 68
318 96
108|16
800 84
6022 67
4995 88
2585 71
5316 69
4975 76
3978 67
5349 80
2926 76
4246 79
4878 88
4994 79
1968 81
1684 68
497 84
5380 77
109|20
380 62
1033 63
231 56
364 76
589 72
480 67
62 66
31 56
587 65
1032 64
586 54
778 75
540 52
256 48
163 65
252 64
223 70
553 69
537 56
168 55
110|11
26171 51
2468 47
1198 80
1089 78
1222 78
1208 83
4881 72
47 78
527 82
1193 79
2428 51
111|20
100194 70
162602 70
171251 70
2145 69
96588 75
65088 71
66203 58
84772 66
2081 72
91529 81
6365 68
45666 56
3255 71
1282 77
6539 74
86833 69
122882 76
59143 69
86911 67
5283 63
112|13
788 52
161 72
1917 58
16 77
21 67
208 56
434 57
39 63
3717 61
19 52
110 75
32 77
70286 73
113|20
4083 70
39 68
3168 73
932 75
2331 53
3359 79
1086 80
3504 81
1339 73
904 89
3546 70
4063 53
4062 65
1077 80
1589 74
2475 67
3831 72
46 62
1733 70
4007 74
114|7
141718 70
54001 67
2291 66
167732 70
122886 67
8961 66
3147 71
115|20
1580 72
2804 81
1387 84
2792 65
3146 59
3273 54
3052 76
2841 75
2719 50
595 77
2700 76
383 67
2027 50
2148 63
2770 63
3785 66
2916 76
3175 73
588 78
1377 66
116|18
2716 74
858 84
1299 73
62383 63
1339 68
1276 81
597 67
1029 65
1101 63
2797 72
2657 64
1961 73
1407 61
5995 79
1704 79
165 69
2115 70
8360 70
117|20
708 64
587 68
589 75
151 67
36 71
1036 74
595 69
288 64
596 65
48 60
315 59
454 70
353 74
474 69
10 67
60 59
805 71
491 63
616 70
485 60
118|5
1221 76
1625 65
153 52
1961 68
1810 59
119|20
95441 73
117176 86
1092 76
91529 92
74458 90
4387 88
79132 94
168252 96
44022 76
78499 91
122904 89
106782 89
442 74
4993 92
31685 75
6365 79
141004 66
4148 72
88744 84
8644 80
120|5
260 78
32 75
5 59
631 56
52 66
121|12
497 69
440 64
161 67
527 76
292 59
344 53
186 52
316 58
1 71
19 47
163 63
337 67
122|20
27660 85
69784 86
7022 93
148652 75
4816 86
56174 86
94959 90
81591 89
71535 96
30810 87
2997 99
1732 98
108932 94
780 85
1090 97
3253 88
106782 95
72226 97
1200 97
1214 96
123|12
68554 69
115569 83
79132 86
109487 82
1196 86
4226 85
296 89
7153 86
143458 70
47 85
96829 79
2858 85
124|10
56145 75
2161 78
260 89
175 89
1358 82
6377 90
4226 88
3147 87
608 91
1223 90
125|20
5088 70
86721 70
110330 70
54503 81
72011 76
162578 86
119145 79
176371 75
55247 85
1240 81
86332 78
68157 86
112623 70
4082 59
160567 62
3342 72
109487 82
88140 76
98607 70
81562 77
126|8
364 72
349 62
231 53
380 59
410 53
300 61
253 63
457 70
127|5
2915 58
903 68
55276 59
5060 61
272 65
128|7
904 90
965 79
926 85
1066 76
1721 71
1080 81
1198 86
129|20
4370 71
480 76
3698 69
2692 86
2138 79
1968 77
8368 84
653 64
7143 80
316 69
6874 83
239 64
2916 75
733 74
4896 78
2028 85
3977 58
3000 84
1907 77
31658 82
130|6
208 55
316 62
292 64
110 74
590 73
296 81
131|14
2273 53
6947 62
58559 72
908 69
4878 70
89745 65
7256 68
68237 67
2722 46
2028 71
48516 73
3178 60
64614 66
969 68
132|20
6251 70
3275 73
4995 70
2987 59
7444 51
3262 57
4168 43
31658 68
44191 67
1089 69
3967 64
5502 52
50 73
58559 72
5992 65
2108 58
1844 63
2657 55
47 69
2470 53
133|7
454 58
356 66
589 63
150 62
153 45
380 53
527 69
134|7
442 64
595 76
349 74
380 71
367 67
509 74
296 87
135|20
592 70
4084 58
893 61
3994 73
2004 70
608 86
1358 77
3852 63
3489 69
1614 59
1198 84
4128 76
1883 66
2302 65
1291 79
410 65
1261 84
4022 75
4881 76
1077 79
136|20
161 75
193 51
585 58
338 64
277 63
380 69
181 48
337 75
437 51
165 72
611 57
151 71
340 61
252 70
432 54
552 65
350 68
280 78
273 59
150 77
137|20
6787 81
2716 79
1198 85
750 86
919 79
1270 83
318 90
150 80
2997 84
1200 82
6986 70
7153 84
1242 86
110 80
33493 71
1197 86
2959 87
1237 86
903 83
7762 76
138|5
2707 58
1960 65
1959 69
849 57
3996 68
139|20
4025 33
7445 43
60684 47
4865 47
68319 33
7090 51
5502 37
260 56
8371 38
53953 37
58025 36
106782 51
6957 42
7163 30
3827 32
3624 40
52722 32
54259 47
4367 30
115617 47
140|20
5699 70
5299 61
1393 68
356 79
609 63
32596 61
4795 61
34072 70
1617 80
5256 50
5943 51
1084 80
4337 70
3108 77
43396 69
4719 61
1005 47
4321 63
5812 66
4259 64
141|20
5418 75
54503 73
4963 73
2478 55
71535 74
317 59
68954 75
54286 69
6365 62
54272 66
4447 66
5502 59
6377 79
6373 61
1265 74
91529 75
2502 75
441 72
1517 68
48516 79
142|8
434 64
384 61
588 78
50 88
527 88
356 85
337 78
377 75
143|15
1721 63
61250 48
6942 71
7169 66
8533 67
106696 69
3421 71
87232 71
78316 63
69069 66
59421 47
2144 68
96821 74
7173 59
500 63
144|20
589 76
541 81
8368 79
597 67
590 74
410 61
1246 77
527 82
356 79
500 65
19 53
2700 70
434 58
733 69
780 66
1036 76
5377 74
552 63
586 59
2081 69
145|5
344 59
339 67
380 66
318 85
588 72
146|7
7293 62
3257 53
32 72
1367 53
3686 51
410 54
47610 64
147|5
1234 78
168 55
552 59
555 69
2395 64
148|10
88125 71
5618 79
108932 74
81847 76
72998 66
5816 69
8368 78
7153 79
81834 81
4993 78
149|12
1097 61
1374 59
1831 34
1527 60
260 67
173 38
1206 66
1200 63
2021 54
1580 53
1391 46
1375 52
150|6
3 63
1356 74
5 61
95 59
733 70
1073 75
151|12
786 71
562 79
780 75
837 77
747 65
1265 86
828 73
1073 83
1 85
648 75
1393 77
1359 60
152|13
50 86
2959 86
116897 73
89492 77
1193 83
69481 78
85774 83
115713 79
111 83
92259 87
1234 86
79132 83
318 89
153|20
134853 47
1732 52
8533 43
4014 40
81456 34
106782 49
8528 44
6863 39
87194 37
2617 35
1246 51
106100 44
1954 49
7458 39
4226 53
89904 48
72998 41
133780 70
586 33
36535 43
154|7
114662 80
119145 84
81834 93
122904 86
106072 73
76093 85
77561 78
155|10
153 65
3286 53
1200 84
260 87
141 75
2355 75
2384 68
2948 81
432 59
2959 89
156|20
26313 70
31038 70
1230 78
1711 66
3341 70
6296 64
762 45
2361 58
2076 75
4784 60
661 66
2926 68
8571 70
47 79
3176 68
58 76
848 61
866 79
1485 59
923 78
157|5
785 61
3617 59
2720 37
2770 55
527 79
158|6
1093 68
2605 62
2872 77
2723 68
2428 55
66320 70
159|20
2959 74
60069 69
45720 59
597 59
4022 63
89864 63
49286 59
140110 60
84954 52
4447 60
1197 74
68954 69
6942 65
1961 66
106696 63
480 63
539 62
166643 60
40819 69
63082 70
160|20
126 42
1371 51
1198 68
196 40
3408 55
5349 59
3213 65
2408 42
839 46
3593 22
2748 29
533 47
1975 41
1676 52
3745 53
2011 56
733 57
3826 39
778 67
2840 43
161|8
4980 66
7247 76
47610 76
1223 87
38038 79
3429 83
2144 76
2336 75
162|8
150 90
225 83
168 75
50 98
300 84
266 84
31 75
62 85
163|5
1608 63
1810 65
1747 66
1777 65
1837 51
164|8
1036 86
2916 81
110 86
589 87
3527 82
1101 74
1201 93
2167 72
165|13
2353 66
3624 62
110 73
5505 64
5527 66
3256 68
5956 66
5418 75
5530 54
5450 62
1127 67
3409 56
5881 58
166|20
33794 83
1721 72
4011 87
5378 67
3481 80
49530 80
2353 76
47644 68
54272 76
8961 81
1198 88
2542 84
1036 84
608 90
434 66
5219 65
5418 84
2396 79
349 77
2324 87
167|20
33493 63
4886 73
778 76
3052 67
7147 71
6857 69
45501 52
6480 70
1682 69
2231 72
784 51
33794 72
2083 72
2413 62
6333 72
8961 69
2139 68
150 72
6773 66
35836 65
168|19
3730 94
1248 97
1201 94
1089 90
296 94
923 89
1222 90
5291 86
3543 85
1302 78
3362 89
1148 88
3101 73
57669 94
2076 85
1729 82
908 89
85354 73
80463 87
169|20
3536 83
2028 97
364 97
953 94
4886 94
5400 77
8644 83
524 86
2795 88
1022 86
3114 90
3967 90
1517 87
1035 92
8641 89
6365 82
661 82
457 95
3287 72
1416 82
170|10
318 79
296 76
586 52
377 63
34 62
592 60
277 55
500 59
266 63
588 66
171|17
485 77
1220 88
1025 84
801 72
1259 92
1079 93
828 80
317 77
869 77
380 82
1136 95
1225 94
661 80
318 100
47 94
1198 96
1208 98
172|6
3087 62
3578 75
7438 77
2072 65
3793 69
2762 76
173|5
10 64
329 59
586 54
597 63
588 68
174|14
553 76
520 62
224 74
648 69
161 75
317 64
158 54
780 68
315 63
485 64
282 67
440 71
350 68
10 70
175|5
531 77
8911 70
43904 56
38388 74
8362 64
176|8
165 78
434 67
39 72
368 78
380 75
780 74
47 87
471 79
177|20
42002 65
91542 72
6332 58
3668 74
45672 60
783 66
27706 64
2657 65
114662 69
1206 80
83132 67
5218 69
508 70
3114 74
1321 68
2176 74
8798 72
88140 70
2012 67
339 68
178|16
7361 85
527 87
2329 89
5995 85
6502 80
4235 80
1198 85
208 62
6539 77
296 87
349 75
10 73
4226 84
1240 79
2579 76
318 90
179|14
367 68
589 81
161 78
231 66
288 71
743 52
1061 75
317 67
786 68
592 71
671 74
296 87
434 64
364 85
180|5
1261 77
260 78
1748 72
1242 79
2140 66
181|20
157 56
593 76
596 62
353 70
539 64
516 61
132 55
169 46
25 67
31 55
542 52
6 73
707 54
185 55
464 51
502 39
415 47
480 66
592 61
344 54
182|20
4879 70
6969 70
3911 72
2728 72
4313 64
8042 80
1291 77
3113 61
3578 76
1590 64
161 74
4452 57
224 73
4980 62
4262 76
2353 70
2890 73
1127 70
541 82
6041 70
183|12
480 75
380 70
1196 83
2951 82
2534 45
4085 69
1287 82
2194 81
3247 61
1233 87
2662 67
1408 79
184|20
158035 70
181413 70
193565 70
97304 84
74754 70
168250 82
191005 70
106072 71
166291 77
127152 75
86332 81
80463 85
5816 80
122898 62
81845 91
5810 71
170813 67
174479 70
112852 88
148626 87
185|10
1685 70
2396 72
5377 74
1721 65
5952 77
1393 69
595 72
2085 68
4995 79
899 77
186|20
2605 72
1214 90
1291 89
3745 79
1269 84
2527 81
2532 73
4361 85
1307 89
2968 87
4306 89
2541 78
1702 71
480 85
1097 89
3977 67
919 88
3527 85
593 95
1196 93
187|20
26122 70
3949 77
49272 77
231 61
1206 81
6874 78
1729 71
1209 77
48394 72
6502 76
2701 47
4027 75
288 66
2542 77
7153 81
39427 53
6890 75
1222 79
8949 72
1748 75
188|10
2346 77
1212 95
594 88
1282 90
3469 77
2396 87
1091 68
3341 85
1264 82
2206 87
189|5
48516 77
4993 74
79132 75
2959 78
58559 77
190|14
6711 87
4776 77
8784 78
4995 83
5630 73
4306 80
30749 80
1221 86
4975 71
8961 77
858 89
8464 71
69844 78
7438 81
191|17
496 70
21 70
72 60
175 82
494 69
417 74
17 73
6 80
85 57
292 67
314 70
58 76
235 72
213 47
161 75
160 58
162 80
192|5
356 84
288 70
316 69
349 74
432 57
193|7
44555 77
55442 69
4878 76
6016 78
307 73
1270 75
5618 76
194|5
163 70
1396 70
1500 70
1288 81
5060 73
195|20
3424 77
2770 57
1041 81
1653 77
1923 69
3160 75
4723 53
1863 51
2336 69
2166 50
4308 71
1909 66
260 80
2028 79
3252 69
2908 73
1392 66
1365 65
70 68
190 62
196|7
70286 75
3578 76
59315 72
58559 82
364 81
1214 77
110 77
197|7
1513 60
1240 74
1882 43
786 62
2167 62
153 58
1784 70
198|20
3894 70
3499 73
920 72
1213 81
3949 75
1994 64
1485 56
2572 68
4019 72
1089 76
110 74
593 80
4128 70
1270 76
4886 75
1079 76
2117 65
912 80
1573 64
1682 71
199|20
5464 61
2165 59
2280 49
736 57
5673 65
349 64
5502 56
482 69
8532 70
1172 75
300 63
50068 65
4881 66
3175 62
7445 62
2973 73
34338 58
41997 65
1956 68
377 63
200|20
3809 70
7022 80
50802 59
3968 62
2485 63
500 71
5610 53
590 80
1029 71
53996 72
2572 75
4993 84
4041 70
57640 78
1302 72
1784 76
6383 51
1653 83
1569 71
1517 76
201|20
1748 89
1527 88
1584 86
2858 93
339 82
589 91
2717 73
994 89
788 68
1196 93
2797 87
733 83
1259 90
2174 81
1198 95
2455 83
1569 79
1213 97
160 71
24 78
202|20
3329 70
924 82
29 84
2289 79
1197 87
1196 84
2966 77
161 78
608 87
1209 81
1296 73
3194 75
1784 75
469 75
923 82
2000 78
1587 73
1719 84
3147 84
32 83
203|9
56174 72
8665 79
2407 68
5952 82
590 80
49272 82
40815 78
333 79
296 88
204|17
1136 88
3949 85
33794 84
48394 80
27075 70
1080 83
79008 81
6104 85
8874 87
81591 77
4878 87
91658 73
711 72
2313 83
86320 70
55820 86
5218 77
205|6
912 82
99114 75
91542 71
5816 69
95167 68
96079 74
206|5
36 80
608 89
733 76
140 66
141 76
207|5
2991 61
2428 42
2707 53
3740 66
100 43
208|6
1210 77
2628 56
380 63
2353 65
2278 62
2762 72
209|7
60684 78
1291 81
68157 86
74458 82
185029 73
122886 80
88125 78
210|20
123553 70
34405 89
166203 70
3147 92
31696 75
7649 68
58559 95
2105 80
6365 79
34397 70
4625 63
84772 77
122926 95
76093 88
62836 70
33493 80
1584 86
47610 84
108932 89
122918 91
211|18
58559 83
63113 68
90405 59
57669 84
60684 73
7153 82
73017 78
2105 68
4367 56
356 81
2642 49
1556 39
318 87
44665 75
85414 68
1198 82
1136 82
260 82
212|20
170697 60
122920 73
122892 67
2571 81
5218 70
48394 73
3578 76
1196 80
135143 66
74795 67
179401 67
79132 81
77800 71
108932 76
110102 73
96821 77
8874 80
65261 75
59784 68
2291 74
213|17
3285 67
87520 55
80363 61
76251 77
8957 67
2860 59
1234 92
5419 73
51935 84
69844 83
39446 63
4132 57
858 94
69526 54
4558 63
49530 82
58559 91
214|5
83 70
628 63
743 37
1363 49
802 55
215|20
1172 84
4973 86
63082 81
1291 78
2028 83
3252 72
3210 73
1968 75
1247 82
49272 79
1089 81
72407 50
5650 70
318 88
1208 86
2000 75
1197 85
1196 82
1297 76
4019 76
216|20
104 66
21 67
3996 72
3946 57
2946 62
3993 58
3897 77
2599 70
34 68
3994 69
4034 77
3363 73
1965 67
3422 61
3555 67
3253 68
2087 71
3986 54
2018 69
1923 69
217|20
1867 70
3434 70
1275 62
2468 36
3197 41
1912 60
2302 49
1876 47
380 55
1221 70
2471 39
1918 46
1385 44
3165 56
1590 51
1562 34
1703 49
2056 70
1831 36
160 45
218|6
2657 57
2692 73
1380 58
1198 73
6934 54
5349 64
219|20
60072 50
2115 64
59315 65
6539 66
442 53
30707 71
1704 74
180 61
1219 70
1005 41
27773 67
56156 59
6188 62
6721 62
30825 55
2997 73
1552 53
1500 64
2890 66
1921 72
220|20
3996 81
733 78
1198 89
3994 78
6539 80
1258 90
1917 68
4545 73
33794 84
165 79
71264 77
4623 79
53464 58
5218 78
6365 73
3751 78
32 87
1036 85
5502 71
1591 61
221|20
4338 70
7013 81
8529 73
1080 83
3246 87
2871 85
1208 91
7063 84
2702 70
4029 80
5954 83
2352 80
922 92
2997 88
1278 86
2858 87
1212 88
1959 82
1961 82
3671 84
222|20
81831 70
100498 51
48516 76
1249 75
99813 66
91529 72
59900 52
93287 63
1721 59
2706 61
3273 43
2411 50
64622 68
7143 69
87869 63
778 74
30825 55
42011 44
673 47
64839 68
223|15
55854 70
6711 72
1 65
736 52
1961 63
457 67
2716 63
48394 61
608 71
8784 63
48516 71
3863 49
4306 65
260 70
2683 51
224|11
3496 70
3044 79
356 87
2915 77
289 71
3668 82
1270 86
2797 80
1721 73
2716 82
1259 84
225|15
2423 74
1285 77
588 76
1717 61
2791 79
1321 71
1136 83
1197 84
1753 69
2004 69
2371 66
1407 64
785 67
1060 73
3024 69
226|20
6938 70
32666 70
3552 80
542 59
1240 76
3098 74
2804 78
3668 76
3653 70
2231 78
145 62
2253 57
3052 73
2628 61
762 46
53129 75
4816 68
16 79
2144 72
46948 62
227|19
46976 77
52319 72
81845 88
109487 83
134130 85
215 82
48738 78
47099 84
1196 86
32587 80
912 89
55721 80
1682 80
750 88
778 87
40629 76
97913 82
70286 81
150 82
228|5
2571 84
1373 62
362 74
318 89
3113 63
229|13
34 73
589 81
377 74
45 74
587 74
5 66
475 86
442 64
597 72
364 85
213 50
110 81
527 87
230|20
34330 70
52715 70
47 70
7438 69
527 73
3147 70
45499 56
6537 53
2291 65
1387 70
6863 56
1485 49
595 63
4022 62
2096 56
588 64
4034 69
1676 56
8644 57
2641 50
231|5
92259 81
858 83
593 79
1198 78
109487 74
232|20
31867 70
41769 70
57526 70
70336 52
8644 67
1586 62
44972 45
4019 74
43928 44
30883 50
65802 56
8376 66
39292 76
1035 76
66198 58
66097 70
32011 45
6564 51
7451 77
33164 41
233|20
48394 62
3751 59
48516 72
1721 55
356 69
106100 60
162600 53
608 72
7153 70
134214 55
57669 72
122920 62
2329 74
4239 62
7371 69
3977 43
3147 68
3948 55
49272 66
5418 67
234|20
2616 66
2140 73
172 58
126 59
1562 51
4519 68
153 63
2710 60
3624 69
3483 66
1391 64
438 62
1460 66
2987 73
65 57
260 85
1359 56
3175 73
588 78
2080 72
235|13
480 74
736 66
500 68
454 74
592 69
235 72
595 74
32 81
527 85
648 69
223 77
588 75
377 72
236|30
1214 70
1278 70
1345 70
1350 70
1387 70
1388 70
1982 70
1997 70
1998 70
2447 70
2459 70
2490 70
2496 70
2502 70
2505 70
2542 70
2572 70
2580 70
2596 70
2598 70
2606 70
2657 70
2683 70
2694 70
2718 70
2770 70
2806 70
2858 70
3024 70
3052 70
237|10
32 72
4254 38
94959 65
293 71
1371 58
1193 74
7361 74
7980 64
43936 54
1374 67
238|9
4954 79
3528 72
4265 63
4901 70
4238 66
593 85
4499 81
4957 58
1193 83
239|20
58559 89
5459 66
4085 73
380 75
95 66
7445 76
608 90
7147 82
6378 81
2115 78
4896 81
36529 78
3994 77
33679 71
47 86
590 82
4022 79
208 65
733 77
51662 78
240|20
368 86
543 82
480 88
367 79
810 67
500 82
546 61
110 92
173 68
1 93
542 73
104 83
34 85
174 68
204 70
225 85
383 79
262 91
434 75
420 71
241|16
81786 70
71899 86
527 86
1206 84
1193 84
99114 80
100714 58
8981 74
53123 78
116897 74
56367 76
3910 78
106782 80
115569 81
4235 79
48780 80
242|7
39 62
380 65
231 59
457 76
592 65
454 70
111 78
243|8
112 79
353 93
62 88
588 90
193 67
586 76
181 63
376 79
244|19
3090 79
1049 72
110 80
257 74
165 74
151 74
1090 82
3755 67
2278 70
648 71
1580 71
1957 78
1610 80
1196 83
3256 75
1573 71
1242 86
3753 73
2243 73
245|5
3196 58
2739 57
3114 55
3274 51
1361 51
246|20
1304 92
616 86
1680 88
6016 95
3081 80
44191 90
60684 86
4973 97
1732 92
1298 86
53125 79
2291 88
2692 95
293 90
4011 94
5013 86
60069 91
48082 94
82202 67
95167 83
247|20
48516 79
593 78
2858 75
49272 73
1961 71
44191 73
527 79
116797 74
68358 72
122886 70
480 68
223 71
1265 74
2078 70
1198 77
1682 70
6377 78
1089 75
953 74
919 71
248|11
4886 78
1198 82
166528 74
176371 71
316 66
147374 64
102903 67
189333 68
122912 70
58559 83
5218 71
249|20
110350 70
102903 73
2167 70
94959 78
84601 75
2395 77
97306 69
3408 75
89047 70
91500 75
91542 80
40815 80
69844 82
904 92
46723 78
3826 59
68791 76
88812 61
67695 73
50 91
250|6
1282 82
2407 70
318 93
1597 68
1246 85
8880 78
251|5
142115 76
293 85
356 88
318 94
1089 87
252|8
164179 88
89745 85
6377 93
164909 86
1682 85
166643 80
143355 74
78499 89
253|10
44555 90
916 89
608 92
2300 85
7099 90
4217 73
26366 70
1192 82
4642 85
3363 83
254|20
46578 83
44195 83
207 76
49278 73
6333 82
780 72
110 82
1210 87
49272 83
27846 81
32587 79
2571 86
44929 62
47 85
293 83
1580 74
5995 86
32 85
592 73
48394 78
255|9
1270 62
4467 59
2023 54
3501 39
1663 56
1394 61
3392 49
2542 60
2915 53
256|20
3247 69
88744 82
377 81
4973 95
53972 76
118696 76
95441 70
104841 85
71535 88
2953 65
81229 78
53121 71
30707 89
2571 92
68791 80
170 80
6942 85
90405 70
6537 74
33493 78
257|5
1500 67
594 69
2502 74
494 64
2406 63
258|5
4995 83
7147 78
72641 75
76093 78
47099 80
259|6
508 58
5945 50
1784 57
4886 64
1356 61
1584 60
260|20
7361 84
3556 77
162 81
903 83
5690 80
6337 73
4878 83
5617 76
342 69
5219 62
2997 83
8011 77
1206 84
3317 81
6709 65
8874 83
2348 80
3822 72
2959 86
8645 80
261|11
3897 81
16 81
2060 69
296 86
2723 68
1682 76
4085 69
2194 80
7361 83
4238 66
58559 84
262|12
708 60
539 64
457 72
322 62
339 62
85 50
26 75
17 66
213 40
273 52
593 76
728 59
263|20
223 76
150 77
500 67
2987 70
2953 55
110 78
4226 81
8370 79
1197 84
7458 67
708 68
1111 69
2125 75
6942 75
5013 74
163 71
457 80
8636 76
1967 78
2085 70
264|12
7841 74
1376 68
151 73
5816 73
1907 75
1320 66
1917 63
150 79
3578 79
1090 81
253 74
1876 62
265|20
3807 70
316 61
253 68
1302 64
724 54
1240 72
3504 74
230 67
3831 65
1956 72
3098 70
529 72
1270 75
3791 58
1177 73
2322 57
1488 59
2474 66
1198 78
1962 65
266|20
476 70
2812 70
2700 68
2278 64
24 61
2770 55
2702 60
64 51
1405 54
2580 72
1527 72
2167 60
457 76
1580 65
2300 74
1923 68
2094 58
132 59
2571 78
2097 53
267|12
2858 89
593 92
1175 89
3006 83
1302 77
3999 60
3113 70
1093 75
589 87
2571 90
923 87
3996 82
268|20
1641 67
587 64
1125 64
1911 46
2802 51
1036 70
1370 60
50 77
2064 69
1784 64
1912 66
1966 50
454 66
1234 77
2247 57
1394 72
2829 56
802 60
260 75
2858 73
269|6
724 59
743 49
95 61
1 79
63 60
648 69
270|8
661 59
62 64
79 49
628 66
14 59
1356 68
141 62
25 66
271|9
3897 71
32 71
2791 69
969 70
6787 70
2858 72
55765 68
1320 56
2288 68
272|7
177765 61
1240 70
51662 65
122922 68
49272 72
158238 69
6365 60
273|11
440 80
593 93
500 76
608 93
223 85
111 90
150 86
21 79
466 69
235 81
520 71
274|20
50147 70
2947 74
3037 82
1645 66
4951 60
2036 52
1359 51
35957 64
553 74
76293 59
3918 66
1503 55
45431 72
4816 66
54999 71
5667 70
4876 47
56805 70
1921 78
54004 62
275|20
1784 78
2289 82
5884 70
1171 76
357 77
1912 79
2539 66
235 78
4886 84
2572 77
2355 76
3253 77
1192 80
926 87
111 87
2100 68
3089 87
1393 77
1719 87
1392 74
276|9
673 72
356 98
466 77
104 85
631 77
648 85
2 85
1367 79
344 78
277|6
637 67
736 71
656 68
1 84
780 73
260 88
278|5
2371 68
1347 63
4002 75
318 90
2369 61
279|20
134130 75
1101 60
166528 69
90405 54
61132 66
79132 76
56782 82
97913 71
1608 60
4226 75
59315 68
88129 69
54286 68
1258 78
8665 69
58559 78
4993 75
8376 61
107406 66
1200 74
280|20
92535 84
344 66
262 82
3146 61
4239 80
4447 75
8638 82
919 82
72641 79
86817 63
8368 86
49530 80
6863 72
35836 76
55052 76
54503 83
4246 78
48516 89
1911 59
3916 78
281|5
46578 66
8361 47
35836 57
3897 67
3861 46
282|20
5995 88
3977 61
3263 69
25 80
6708 79
2683 70
4718 66
6711 91
5481 63
6863 73
5669 80
3752 72
588 81
80463 83
1921 86
1193 88
4369 67
48322 79
1194 79
784 62
283|7
1580 58
39 54
1704 71
356 70
586 50
2082 44
805 64
284|18
474 78
173 59
2 74
296 90
15 65
348 80
248 67
318 93
47 86
353 83
275 53
44 59
339 75
367 70
276 69
165 77
637 67
235 77
285|8
1193 83
949 67
1247 83
6978 60
113207 70
4447 72
441 79
296 86
286|20
454 72
778 80
5989 75
1333 73
165 70
500 66
7438 78
2294 61
4993 79
4995 80
7361 80
70 68
4980 61
1258 82
4963 76
1097 76
4848 77
539 70
377 70
110 76
287|20
3160 59
3578 59
223 58
2633 51
1059 54
586 43
3005 47
532 44
1193 63
2599 55
2028 64
1485 42
3826 35
2081 53
8949 56
2012 51
101 57
4034 62
2422 23
2115 55
288|20
4473 70
4966 70
1008 70
2867 67
42015 55
141 64
2571 75
13 61
53519 55
2407 57
5418 72
3916 66
2347 47
2528 56
30810 63
575 47
32587 68
587 65
2517 53
8361 52
289|24
3 70
16 70
235 70
266 70
594 70
708 70
750 70
1080 70
1101 70
1208 70
1220 70
1258 70
1917 70
2012 70
2174 70
2710 70
2797 70
4322 70
6125 70
6327 70
6453 70
7025 70
7028 70
26704 70
290|20
1228 87
1299 81
2494 72
2739 82
608 89
2130 74
908 85
341 70
1447 70
342 72
1056 68
1719 86
953 84
928 84
1394 84
2648 71
475 88
2731 78
1357 79
2385 59
291|7
40815 88
122892 83
106489 81
134853 90
7153 96
88125 88
1 93
292|20
520 58
103339 60
122900 68
4896 70
2291 71
474 68
85056 56
46972 59
95167 66
164909 72
3176 65
3476 64
1608 61
31221 40
1101 61
3985 61
3984 67
1017 61
69844 72
231 58
293|5
1682 58
1673 65
344 44
1617 65
1097 60
294|20
416 40
3869 62
1064 52
2794 44
610 59
2133 58
1391 48
3868 56
1129 59
520 49
3387 41
355 35
2378 49
3693 43
785 53
2193 61
2367 46
2458 47
348 61
3501 45
295|9
1221 84
3198 74
1287 81
1213 85
4351 64
1198 83
858 87
318 87
2329 86
296|6
160848 70
2028 79
169034 70
4144 79
50 82
2324 79
297|15
832 48
543 49
1645 50
111 63
454 56
1089 62
6 62
1249 65
1047 46
1370 49
1488 46
150 59
170 52
1092 46
866 62
298|20
57640 52
95510 43
6811 49
8370 57
8807 53
63131 46
6881 49
3785 41
122900 50
103042 43
6294 36
2167 42
2005 54
6006 46
653 39
55995 34
3018 43
69757 51
103772 39
3825 36
299|5
3793 73
1387 82
188 73
1198 84
1214 80
300|32
318 70
356 70
527 70
593 70
1172 70
1704 70
2028 70
2324 70
2329 70
2571 70
2762 70
2858 70
2959 70
4848 70
4973 70
5995 70
6016 70
6711 70
7361 70
8950 70
48394 70
56174 70
63082 70
79132 70
81591 70
92259 70
99114 70
109487 70
112183 70
112290 70
112552 70
112556 70
301|20
21 64
357 65
2490 64
6711 79
589 72
8949 67
837 64
3948 61
364 76
527 78
5989 71
4963 71
608 78
292 61
3578 71
3897 74
4226 75
3753 65
1393 65
1792 56
302|7
480 74
14 69
3 66
25 76
648 70
707 62
110 79
303|11
5378 62
3703 80
1127 72
5544 71
1196 81
3471 75
1580 69
1394 80
2683 65
920 77
1358 76
304|20
314 75
2571 87
2433 63
10 76
1376 72
480 78
1373 65
1777 72
1270 85
1517 77
151 77
356 87
208 64
474 78
1214 84
1375 72
640 63
1722 69
185 67
2701 54
305|20
74624 70
140627 70
87869 76
919 82
1197 89
106100 77
138210 71
788 60
7482 81
80590 63
103075 56
903 86
6537 69
93840 80
54736 75
592 73
2288 82
58803 76
55276 77
1272 87
306|20
5784 47
68954 76
69644 55
6377 80
95543 60
81847 75
111743 58
85367 63
168418 69
167018 53
72998 66
122904 74
69406 64
85788 43
4963 75
115664 66
134368 67
112852 78
161634 68
133419 64
307|20
2190 70
4181 70
31424 70
49314 70
5010 60
7845 49
3392 55
1220 62
6793 33
6483 36
2332 37
56003 50
1991 46
3273 39
4876 37
3421 63
1409 43
413 47
4447 58
52867 70
308|20
2959 59
45517 40
96821 53
72998 43
318 62
2 43
904 60
589 53
8961 50
56152 47
56367 48
5618 56
36 49
410 38
79132 56
4993 55
8464 44
1221 59
2248 48
6 54
309|20
2202 85
1645 70
898 88
1682 77
296 86
1089 82
1269 74
7153 84
6947 75
8340 73
1104 87
7218 70
25886 70
1219 80
8154 76
971 76
1944 76
6365 69
1262 80
2762 79
310|13
6863 68
6947 75
1101 68
6503 56
2524 72
2457 68
5899 63
733 73
246 86
3254 68
1223 85
1080 79
2671 71
311|6
6561 70
5992 54
1517 50
6461 49
1407 41
2706 47
312|20
5816 73
1375 68
3499 78
589 79
2454 63
1358 76
4878 82
4103 76
3793 72
2028 83
1371 66
4121 68
2366 73
2747 58
4105 77
5446 72
2699 58
2529 76
1350 76
1356 77
313|20
4980 60
170 67
3917 64
2455 68
5544 68
541 81
2193 71
2000 72
6 77
1968 72
1089 78
1301 72
1240 74
3175 67
4865 71
2005 73
2167 62
1375 65
2087 70
2530 56
314|20
7 50
1042 53
44 44
165 62
457 70
293 68
597 59
329 56
442 51
26 73
830 51
728 57
618 70
107 61
536 46
10 61
1376 57
153 50
208 49
150 67
315|7
1262 73
2729 60
2529 70
2067 73
2553 70
909 64
902 68
316|11
1748 68
253 64
3968 49
158 45
5445 61
3751 62
7438 70
6874 71
48 55
3882 45
2572 62
317|20
133115 70
73321 66
91529 77
74545 71
7445 67
1213 82
48774 74
4262 75
1884 75
5989 74
3578 75
4011 79
68358 75
1208 82
72011 69
3897 77
3499 75
96829 72
116797 77
56782 85
318|20
26713 70
81191 70
90245 70
111817 70
127180 70
145080 70
150696 70
7445 72
1090 82
116799 71
82459 77
48385 68
2294 65
64839 79
88125 76
109487 80
4021 82
33794 80
54286 76
89753 71
319|7
115617 82
6377 91
356 89
136864 54
1221 92
122904 85
110 86
320|5
72998 65
71535 75
31184 66
59315 70
1013 65
321|12
587 71
356 81
160 58
592 67
597 68
780 67
339 69
355 47
410 62
3 63
500 66
457 79
322|20
2882 45
1968 66
2542 70
58559 75
2788 75
2146 60
2617 55
2918 69
778 74
2599 65
4027 68
4993 72
1230 71
51540 68
1 70
1617 74
1923 64
4010 53
11 65
1035 69
323|20
377 62
480 64
356 73
1094 57
161 66
115569 70
1198 74
29 72
551 62
22 60
318 78
112183 58
253 64
111659 47
3257 53
260 74
150 68
329 57
342 58
266 63
324|5
2764 68
3972 66
3864 33
3949 69
3897 70
325|20
2848 70
235 70
2986 59
262 74
1573 66
2596 66
1584 72
1217 85
1676 64
4714 45
3770 49
3261 63
2894 70
2155 67
1279 79
1614 55
3994 69
2268 74
2915 69
5008 78
326|20
8665 77
47610 74
20 54
2858 82
86882 74
5418 81
4973 87
133771 72
48774 79
2324 84
1293 79
2692 84
72605 65
70159 57
54286 75
5446 73
6591 73
4226 83
105844 73
31410 77
327|10
3301 77
150 86
858 95
1923 80
51255 87
48516 92
1304 88
765 71
6888 55
2706 77
328|20
2687 59
112852 70
70286 66
1196 71
457 69
364 72
80463 67
3489 57
318 77
595 63
5349 63
2542 68
1219 68
35836 60
3751 61
79091 63
7153 72
596 59
2398 71
1148 69
329|5
130482 70
136850 70
858 60
1884 52
750 57
330|20
5378 59
316 63
1639 69
2918 74
919 74
3949 76
3535 71
5349 70
380 66
1676 63
2502 76
3703 76
1682 72
2683 61
1206 79
1721 64
2791 75
2081 68
8874 78
592 65
331|20
8874 81
6157 53
88125 74
6539 73
3897 80
4446 68
7361 82
50872 75
4995 81
4306 77
6874 79
5502 64
3911 73
608 84
4447 70
593 83
3751 71
8665 75
4367 57
2959 84
332|20
47 79
1653 79
1258 82
316 65
8983 73
431 73
97757 70
2291 75
1835 65
356 81
5502 63
4308 72
1203 79
1682 74
1249 82
76251 69
2905 77
318 86
2294 62
32 79
333|5
3785 52
3752 56
3616 52
3615 50
3646 37
334|20
55820 73
1196 74
1580 62
1291 70
3996 67
589 71
30810 62
4027 69
1 71
64957 63
1625 66
50601 54
44195 71
27416 58
6867 69
2997 74
293 71
480 66
5378 54
51935 69
335|6
780 66
592 66
356 80
296 83
2699 55
2001 63
336|12
1267 90
1 89
38798 66
33660 91
1784 83
2001 75
2268 87
293 89
1625 84
4886 90
50 96
150 88
337|16
318 102
47 95
16 95
805 90
1393 86
266 87
667 67
168 77
784 71
65 69
110 93
708 83
25 90
1356 91
277 78
786 80
338|8
189111 70
190207 70
190215 70
190219 70
7153 71
593 72
187541 56
185029 58
339|20
72641 80
5445 77
84152 86
96079 83
106072 70
69122 79
5617 81
41285 78
56869 70
48322 80
65216 79
91630 79
86504 73
91529 86
83613 65
4993 87
3470 81
102407 76
2028 88
5952 85
340|28
10 70
110 70
150 70
153 70
161 70
165 70
185 70
208 70
253 70
288 70
292 70
296 70
316 70
318 70
329 70
344 70
349 70
356 70
454 70
457 70
480 70
589 70
590 70
592 70
595 70
648 70
780 70
1356 70
341|11
2335 70
3624 72
130087 65
1370 73
135137 58
117529 70
5459 66
45672 67
1 84
47099 85
4025 65
342|14
2683 57
2598 51
2881 58
2369 50
1268 60
2605 53
2599 65
1198 75
3157 45
3826 46
2428 46
2827 46
3863 54
1959 68
343|12
858 91
3000 85
48394 78
4226 85
4878 85
3993 65
2571 86
1617 86
31658 83
55363 77
55820 84
296 89
344|14
111362 75
380 67
316 65
2628 60
4226 79
2571 80
4014 66
2012 68
4034 78
260 81
2541 65
4973 83
5418 78
2712 69
345|13
1019 78
2539 65
926 85
5902 82
8810 65
344 66
5707 61
2366 77
56949 67
3649 60
6658 71
3489 72
412 74
346|20
3174 68
778 81
608 83
6711 84
6286 64
306 78
7323 71
307 77
3535 73
1212 80
357 70
3949 78
714 70
7937 66
7396 72
5878 76
1120 71
1131 75
3627 62
7115 61
347|9
434 61
590 77
39 66
150 78
454 74
380 69
587 72
317 65
457 80
348|11
318 101
2324 95
4368 60
1213 98
6016 97
2959 98
6893 84
4973 98
1221 98
1960 85
2019 94
349|8
10 70
161 74
589 78
381 70
349 71
231 62
588 74
509 71
350|8
852 55
7 52
637 53
648 60
733 62
12 41
858 78
661 58
351|20
88932 70
87222 70
73344 77
52579 61
2231 80
88744 75
43836 62
79132 85
597 72
58559 86
12 53
8914 74
8950 82
63082 83
6214 76
90376 77
84152 82
480 76
4878 84
1193 84
352|20
72998 73
71745 58
1801 74
34319 69
2600 78
65682 70
1080 81
79695 66
110730 52
38038 79
130490 66
97752 72
1214 82
94864 68
41566 74
56587 78
44191 82
114935 78
59315 77
47610 76
353|18
552 65
25 74
267 62
216 72
367 65
288 68
144 65
186 60
333 75
266 71
112 63
198 67
234 56
145 62
293 78
158 54
163 71
296 84
354|20
1610 79
4306 79
2692 84
3147 82
47 81
903 82
733 73
3977 56
1225 82
35836 72
648 70
44191 79
8665 76
1917 63
7147 78
1923 73
589 80
2959 86
4718 62
1196 82
355|6
316 69
1580 72
3035 80
3175 73
317 67
916 85
356|20
2248 80
52435 89
52975 80
7122 70
44889 70
1641 81
2706 75
4011 88
802 74
7323 78
2502 86
56367 80
1223 90
55118 86
3949 85
3996 80
1246 85
1466 77
223 83
7153 88
357|20
4354 70
8998 70
27329 70
2804 82
595 78
529 81
4663 58
4091 72
1224 81
1242 88
34 75
208 63
58559 88
6296 69
30793 67
1042 67
2100 66
551 75
471 76
2067 83
358|9
26095 70
605 56
5066 64
52328 71
2226 70
42728 68
7361 81
69844 75
36525 54
359|15
405 48
1092 58
1101 59
51412 51
648 62
296 78
1097 70
2396 67
2424 59
593 77
2701 42
2942 49
1682 68
2530 52
4995 74
360|5
1422 61
1620 63
1488 63
1711 66
1414 60
361|20
47099 70
1580 60
377 63
1552 53
49272 70
1263 68
53125 59
589 70
49822 66
8360 64
318 79
2529 67
5218 62
6188 62
2422 33
3082 59
1732 72
1370 59
46972 55
7458 59
362|20
1945 89
592 75
6539 80
51540 83
5989 83
637 68
70 76
7153 88
1252 90
44665 82
407 72
6874 86
2959 91
1196 88
1208 92
8961 82
48516 90
7438 86
356 88
1201 92
363|6
1552 47
1732 66
1517 58
296 70
653 47
318 73
364|5
858 84
9 61
783 65
376 60
1 75
365|20
59315 57
81229 51
128975 46
6874 63
90345 48
158872 50
129354 42
103075 34
135536 42
70286 60
112852 64
76077 53
112818 44
1777 51
6502 61
155820 34
541 67
95720 40
93270 34
135569 52
366|7
116797 83
59315 77
33794 81
91529 84
2028 85
122882 79
7438 83
367|20
926 90
3061 80
1270 89
1287 90
486 59
3536 77
3824 61
2384 72
3072 83
898 95
3618 79
3225 64
2248 83
3157 61
3969 80
3717 73
1259 87
4023 69
1196 90
1258 92
368|20
3753 58
2112 51
1944 62
2986 48
3869 62
1214 65
2947 63
415 41
3035 64
832 53
50 72
2819 62
1801 57
2490 57
1917 48
1391 48
2193 61
225 57
161 62
2881 52
369|20
1256 71
785 61
47 75
2706 64
839 55
377 66
52973 68
743 43
4214 50
5418 74
3863 56
1372 63
27904 67
60069 73
2857 57
1967 73
150 72
2011 65
1580 64
3174 63
370|19
4011 76
4878 75
8961 69
6377 77
2628 56
1748 71
2116 64
589 73
2329 80
7438 73
3977 49
1676 61
593 78
4973 79
4226 75
1240 70
1089 74
8636 70
2716 70
371|9
2571 99
112512 70
1258 100
4090 81
56715 87
3000 98
4226 98
4993 97
1748 94
372|20
335 70
924 73
318 81
1603 48
1479 61
589 72
81 55
387 50
616 68
337 69
1220 68
1201 79
165 66
1243 72
1258 77
377 65
1401 57
450 53
1206 76
1306 54
373|20
216 65
60 56
169 46
350 61
585 51
44 47
371 63
163 64
616 67
198 61
265 70
25 68
6 73
733 65
47 74
2 62
736 59
305 48
357 65
141 64
374|7
296 86
208 60
1219 80
480 74
592 69
1258 84
1339 72
375|7
344 70
1027 73
32 89
2628 70
3256 81
4226 90
500 76
376|20
91535 71
2002 72
1214 88
1101 75
2916 82
33794 87
1198 92
349 81
1371 75
376 72
1240 86
1375 77
4993 90
858 96
457 89
4226 90
5952 88
344 70
2763 81
2797 84
377|20
4942 70
2793 60
1262 88
2791 88
748 76
1345 78
5027 72
5113 66
27692 70
3421 84
6021 70
3364 79
2072 76
8641 83
2163 61
92760 70
2858 90
1503 67
2124 74
2015 79
378|10
33794 80
7153 84
48516 86
3114 78
858 89
68954 81
91529 82
71535 81
90600 72
364 84
379|8
318 83
377 67
19 51
292 63
480 69
367 60
597 65
344 57
380|20
60818 70
172875 70
172881 70
172887 70
355 55
6979 76
5476 58
2735 60
68194 70
63433 66
72356 82
105731 59
1833 66
551 78
6731 74
27831 85
1665 70
393 61
140956 78
2791 85
381|20
2085 69
1088 66
3253 69
185 61
317 63
27808 66
1240 75
19 54
3753 70
4321 64
72011 71
3082 66
333 74
2140 69
1385 57
2273 63
1208 84
457 79
104 67
2716 75
382|20
1204 92
142372 54
135532 59
1201 90
112171 76
1198 88
912 89
81847 83
4638 61
63540 57
1681 61
170289 70
103042 70
72737 75
2496 67
357 77
81537 68
59501 74
101362 55
4890 68
383|7
2436 73
2541 71
2496 67
1584 79
2558 54
1246 84
903 86
384|14
3527 67
1388 48
2683 58
2502 73
4333 53
3098 68
4396 52
457 73
358 48
968 71
2724 50
296 78
3991 54
1204 80
385|20
736 60
1080 72
249 72
1219 73
1036 73
1136 77
282 62
1073 71
1200 74
1228 77
1022 65
1007 52
1201 80
1246 74
344 56
589 73
1023 70
1287 75
594 69
1303 73
386|14
110 60
410 45
112 45
165 54
223 59
648 51
185 44
608 66
485 46
305 36
44 36
585 40
349 54
10 53
387|20
4393 70
5156 70
5780 70
7336 70
26124 70
40966 70
2712 65
5062 66
1247 76
5489 70
4195 60
7132 71
2946 59
1387 75
3000 76
51939 55
4995 76
912 79
7938 70
1783 53
388|6
6158 70
63239 70
33615 64
86298 62
62999 65
8360 72
389|7
17 85
140 73
628 86
762 57
743 60
95 72
32 92
390|17
6344 70
64957 75
4239 79
5220 59
1193 86
2571 87
9010 74
2291 80
5296 58
4226 85
7254 75
6377 88
63062 76
1206 87
2329 90
4014 73
1784 77
391|20
5575 70
500 66
3994 70
1213 84
516 68
199 75
4027 76
150 77
1408 77
4014 67
1527 75
1059 71
2916 72
4973 84
357 70
555 75
5026 80
4936 64
1210 81
3067 65
392|5
3004 52
2858 75
707 56
1198 77
1125 66
393|20
91658 67
102125 72
48394 74
36517 67
8636 76
110102 74
44199 76
5388 66
54259 73
4848 79
5669 75
1291 78
68848 66
86190 72
2571 82
1206 82
122892 68
106642 78
1625 73
106489 67
394|5
588 59
316 51
344 46
225 54
457 64
395|13
329 55
1025 61
296 74
160 48
208 49
173 43
485 53
355 38
520 52
595 63
126 46
48 54
367 54
396|6
1276 68
1597 47
1777 52
44 39
204 40
2081 56
397|5
4017 77
8645 79
1701 72
8228 72
6993 70
398|10
6408 70
1197 93
5971 88
7022 85
1198 92
60069 88
2455 79
1136 91
48516 93
82459 84
399|8
1198 81
110 76
5445 69
1196 80
593 82
480 72
1270 79
2194 77
400|9
608 93
356 91
2571 91
2959 93
7153 91
1221 93
3578 86
858 96
59615 66
401|15
5952 75
6297 61
55768 63
48982 64
166461 65
49274 49
50872 72
32031 61
79091 69
170939 70
38038 71
8360 68
3114 71
33615 60
1136 78
402|10
1084 88
597 75
52 77
329 72
296 91
586 67
315 69
1036 84
434 67
527 90
403|7
110 77
2427 65
3210 72
296 83
61465 52
1663 73
180 68
404|12
204 50
349 66
474 67
34 65
364 76
508 66
105 60
593 78
509 66
277 57
315 57
185 56
405|20
70708 70
293 86
7254 78
37731 78
2959 91
345 83
1213 92
7134 70
64614 84
6023 71
1241 72
2329 93
1247 88
3052 80
68237 85
1199 90
27592 75
27664 67
3418 75
1215 89
406|5
1586 53
135 47
56949 53
46972 54
724 49
407|5
7153 81
2959 83
6539 72
1240 75
54286 72
408|20
1198 95
122904 90
44840 79
165101 67
6618 88
1291 90
1210 95
89745 88
1278 92
7324 86
44 66
8641 86
115210 81
103596 65
68554 77
2571 94
109487 90
63131 80
80489 89
4649 79
409|20
2485 63
2490 73
2028 85
3812 72
1278 83
2997 85
296 88
1078 70
3016 69
1073 80
2683 68
2289 80
3846 67
912 88
2013 64
1911 57
2352 77
1230 83
2541 70
3174 72
410|20
389 70
3224 81
318 96
2302 72
4002 81
1060 81
4297 69
3263 72
1859 82
111 90
58 85
2145 77
3255 79
2321 79
3504 87
3948 76
11 81
4019 84
3 73
597 78
411|20
508 67
261 71
586 56
432 49
353 72
431 68
194 66
318 82
272 73
515 70
356 76
266 66
257 66
349 66
10 65
31 57
344 56
227 51
455 46
122 53
412|20
2828 55
2384 66
2915 74
903 83
608 86
2720 44
2858 83
1883 66
1307 79
1214 81
1784 74
2239 83
1 81
930 87
1136 84
2710 59
915 72
2398 84
17 75
1079 82
413|12
2706 82
1198 95
3753 84
2424 79
593 96
128360 83
4993 93
16 92
5574 79
3948 80
64957 83
2959 97
414|20
4458 70
4666 70
5285 70
5635 70
6033 70
6493 70
6563 70
6628 70
6797 70
48319 70
58879 70
169992 70
3802 50
3599 59
1600 63
8666 42
4975 68
7444 61
4081 51
177593 85
415|19
296 89
1213 89
4321 71
3507 84
4308 78
47 85
1021 57
111 86
2617 68
1276 89
3861 64
4369 66
99114 83
1221 89
63082 85
1234 89
45722 77
1197 89
175 87
416|11
5952 64
5951 42
531 55
1296 55
1199 68
1721 52
830 46
1206 67
7323 56
4848 64
3677 51
417|14
778 91
4995 90
4975 79
7254 80
1198 92
106782 87
27773 85
168250 84
1625 82
7153 91
74458 87
110102 83
48394 83
4878 90
418|19
356 78
296 81
63082 77
104374 78
1276 80
1136 79
117176 71
1573 65
137337 66
1682 72
5816 68
88125 71
74458 74
367 61
89745 72
45672 58
87869 68
7361 79
54001 73
419|20
4093 70
111 82
46976 73
27822 51
2858 82
319 74
6287 61
3578 78
1213 86
64969 73
47 81
79592 65
34319 67
89580 70
60756 69
27704 70
90943 70
2412 47
1240 77
52245 62
420|20
1161 69
4993 80
45499 66
923 79
26693 70
48385 66
1927 75
5608 74
2052 60
6934 63
7022 76
3979 52
59295 70
2329 86
54259 73
1131 76
2762 77
4973 85
5669 74
527 84
421|8
2858 85
909 75
5008 85
953 84
1178 88
2313 82
2478 64
1203 85
422|19
2539 56
2710 53
4947 54
4971 58
5039 71
4925 70
2581 57
4916 53
1265 75
2804 74
3053 69
2665 70
1283 80
4835 61
2908 71
3943 60
1213 80
2670 57
858 83
423|5
1653 78
110 76
2194 77
5349 72
1320 63
424|20
1193 80
141 69
2804 76
40278 76
608 83
108729 66
293 77
69122 71
1092 63
54503 76
58559 82
3186 69
66097 70
778 80
5679 66
3176 68
2288 76
2174 68
71668 66
112556 76
425|20
45517 65
377 71
2329 86
733 71
6 80
1645 68
8368 80
2081 71
4306 77
1680 75
1909 68
367 64
46723 71
1625 73
1036 78
4901 69
750 83
2353 70
1342 59
145 62
426|18
59784 71
150 80
471 75
337 77
54001 79
1197 86
6378 77
72641 76
4886 81
8644 70
37729 78
597 72
5444 76
91325 54
588 77
3247 62
4022 75
79091 75
427|17
4887 53
5463 53
5015 60
110 72
58 71
5528 67
6348 47
5312 56
2710 51
5696 51
4993 75
5266 55
2683 59
5400 57
5816 66
1208 79
5574 60
428|20
2471 37
2762 62
3827 43
1089 64
2953 39
2916 57
1380 51
1997 60
3440 29
4022 57
317 48
4255 32
1208 69
1391 45
6377 67
2581 46
260 67
3285 44
588 59
653 45
429|12
339 80
421 74
150 88
225 80
165 82
266 82
329 76
252 80
279 71
317 74
237 81
204 66
430|12
923 81
2987 72
3745 69
6287 62
2858 82
6365 69
2571 84
4447 72
4014 70
329 68
2076 77
4446 70
431|5
172 37
1625 55
1376 49
3948 49
802 49
432|20
1831 48
5630 69
6870 72
8640 59
6539 72
3916 72
5989 76
84189 70
110 77
35836 69
4886 77
2762 76
1206 81
49272 77
19 54
318 86
58559 82
69481 76
7158 77
33660 78
433|5
91529 69
1089 69
50 73
5299 52
110 67
434|20
1136 82
3147 80
1090 80
1265 79
5989 77
1101 66
1779 57
586 61
344 61
3863 61
1208 85
3160 77
589 78
780 68
6796 77
2791 78
4226 80
2194 79
8665 75
1291 77
435|9
2353 80
44191 88
485 73
3510 77
34405 87
2302 73
158 64
82459 84
48780 88
436|20
204 51
435 45
440 67
432 50
161 70
480 68
377 67
531 65
536 51
502 42
364 77
235 67
371 65
344 56
2 64
585 53
450 54
587 67
437 46
227 52
437|20
748 69
318 90
5 66
640 61
1299 78
1120 74
1396 74
1246 82
454 76
1171 73
1225 84
1183 73
1097 80
1307 80
1268 70
592 71
198 70
155 52
112 66
246 87
438|20
7154 62
2501 74
8966 64
27801 79
1527 77
6711 86
3898 47
1784 73
8644 69
6367 65
2424 67
3889 51
223 77
1517 73
7361 83
2641 61
5009 65
2617 64
3753 72
2393 67
439|5
356 78
4022 69
7153 78
78499 75
1240 72
440|7
8690 70
541 83
29 81
1653 79
1274 75
3174 68
1235 84
441|9
589 89
2683 75
2959 95
4306 88
260 93
296 95
51255 89
47 91
68358 88
442|5
2908 28
2881 18
1186 27
3752 19
4361 26
443|8
2329 89
79132 85
296 87
48394 77
106487 72
108190 64
7153 85
63082 83
444|9
356 82
592 68
208 59
21 70
111 81
110 78
235 72
296 85
344 61
445|16
2028 83
590 78
34405 78
47 81
116897 73
780 69
4011 83
899 80
593 85
33794 78
1080 78
45722 73
17 74
1230 80
306 80
2710 58
446|17
237 65
339 64
300 66
296 79
480 68
368 66
288 62
172 49
17 68
16 74
357 66
150 72
434 55
153 54
648 63
593 78
337 69
447|16
257 78
293 85
337 82
531 77
382 69
589 85
552 73
253 80
362 79
532 69
292 74
31 70
474 80
540 65
442 69
160 66
448|373
2368 70
3284 70
3933 70
6302 70
6476 70
7245 70
48262 70
49688 70
75803 70
75816 70
78116 70
79590 70
86593 70
92198 70
98908 70
100326 70
102819 70
104760 70
108715 70
109191 70
111680 70
113416 70
116207 70
116985 70
129657 70
130083 70
133377 70
136654 70
138546 70
142424 70
151777 70
152658 70
157130 70
158022 70
161290 70
164375 70
53996 61
136778 70
5418 71
288 60
88356 45
2580 68
155358 70
2889 70
4034 72
148888 44
81156 63
2713 47
103335 66
95441 53
34048 56
80126 49
3057 70
1057 62
2794 49
33830 53
8665 67
6059 64
110553 50
90374 59
151501 70
3764 44
6143 59
103819 49
4361 65
104913 63
3986 49
5528 65
1196 73
105351 48
83349 57
3276 70
1090 72
5349 66
587 64
106330 49
4677 52
95508 70
109895 42
110611 70
671 63
2289 68
152077 68
80693 54
111360 43
170 62
87444 49
94323 50
8493 52
3671 70
91653 61
4981 70
2991 65
78034 70
119145 67
5099 48
4299 56
2567 53
6996 31
109864 40
6582 54
73017 71
370 54
543 59
115617 66
590 69
154065 70
5553 54
41569 59
3286 40
6645 63
589 70
1920 49
2857 54
111663 51
78499 71
2657 59
6537 56
1148 71
46974 51
48516 76
80241 56
445 56
4262 69
3689 41
114935 66
6428 58
127194 70
109673 54
127096 54
89388 70
4156 70
3793 64
33679 57
2014 52
64285 64
3968 50
49530 66
3450 61
160563 58
5502 56
8169 62
6314 41
122490 70
3386 62
140725 52
4896 67
2642 41
127136 61
2763 63
2520 70
457 72
48783 65
3263 55
5400 54
5541 53
4011 74
58351 70
127132 70
152091 55
3698 58
435 42
4799 45
84152 71
3401 48
2858 73
3174 61
7076 65
106542 70
6218 56
2860 44
1283 76
3618 62
2616 55
90439 60
2404 39
4660 70
2530 50
26386 70
4327 64
3030 69
71464 57
32 72
91529 72
4158 42
99114 70
98585 54
93326 47
2268 68
80489 69
130576 48
105504 75
2791 70
50601 53
7007 53
4234 48
3623 48
80727 57
78467 37
8641 66
4128 66
106782 70
2537 44
112138 67
3247 51
112818 53
2027 39
3101 55
5779 70
82202 47
1704 74
98296 70
6863 59
89305 62
4203 58
1201 77
6212 40
637 53
84954 54
6814 70
94864 56
67695 59
159077 70
92439 57
6812 46
3156 48
802 59
118354 70
134130 72
138036 64
65135 70
52975 66
4368 39
90717 56
45722 64
79259 70
68157 74
4233 36
74458 70
3258 52
1262 71
3949 71
101025 43
69526 38
1831 42
1083 56
1884 70
1476 64
156609 50
3755 56
111659 48
4734 56
161 67
95201 70
135887 59
2598 51
87232 67
4634 59
5334 48
5459 52
146730 70
72694 70
157432 70
132488 70
4558 48
1375 59
6424 70
71518 55
2716 68
94780 48
3593 28
129354 51
158 46
1409 47
6514 70
2881 57
51662 64
90522 55
68554 57
2126 48
122932 70
93510 65
137857 65
125916 36
2953 47
2090 57
1760 30
480 65
58803 63
2109 62
50792 46
46062 43
85510 52
80864 70
112171 62
122900 64
2587 58
1527 68
117529 56
4993 72
92264 45
5247 55
533 53
912 76
26464 70
2249 58
4678 64
103772 53
114601 61
96861 58
420 48
59615 49
2349 65
109372 50
95207 51
348 66
19 47
136020 52
4502 42
91094 48
138208 49
3511 44
79428 57
2643 34
109183 70
2139 66
4212 70
5942 55
96417 61
112852 73
99728 56
89470 65
142448 55
64983 58
2640 65
2046 56
4881 66
3882 47
3744 49
1032 63
116799 61
5 55
4040 45
157407 70
2115 65
1617 74
4367 49
105254 58
3388 44
3760 54
2146 60
2968 68
6281 55
466 52
96448 53
86332 65
64969 64
115170 70
1036 70
3397 69
2474 62
1408 70
155743 70
106920 74
8542 58
120466 54
2051 35
7143 69
7150 44
89087 49
34150 50
2253 49
2973 73
449|8
1917 55
2502 73
4034 73
1222 74
2770 53
762 39
2011 64
2324 75
450|11
3977 60
589 83
110 83
3363 80
3535 79
3948 72
3409 65
1035 82
3568 70
358 59
1259 83
451|7
733 75
593 87
7 64
5 66
494 72
25 78
17 76
452|20
4025 78
2858 99
2617 81
5292 92
1206 101
1676 85
3219 80
47 99
3101 82
163 89
1092 83
1917 80
2126 74
1356 94
552 84
2628 80
1200 98
608 103
2707 83
3273 70
453|20
208 66
858 94
2335 71
4022 80
3618 77
1617 89
3452 71
1357 81
112 70
2671 76
1884 85
1894 64
2294 69
318 94
1614 64
3534 72
2959 91
798 67
5266 68
780 75
454|9
7361 81
2692 82
7116 55
55820 80
6016 83
27773 75
2160 80
2858 80
26131 77
455|12
272 74
432 50
367 60
590 72
253 68
364 78
555 72
252 66
110 74
225 66
588 71
597 65
456|9
1407 76
634 67
135 69
5 75
724 71
780 80
733 84
260 95
706 70
457|10
329 63
3593 33
2692 80
1356 73
223 74
2394 68
2701 46
3608 58
733 69
2094 60
458|12
597 78
185 70
10 79
380 77
95 69
454 82
300 80
595 82
153 68
587 80
150 86
552 74
459|6
79132 94
5618 94
8961 88
48780 91
50872 88
260 95
460|17
89039 70
4886 86
4703 64
3831 77
1441 81
4878 89
3483 70
8970 77
1 86
49272 86
40815 81
85414 76
68237 85
76093 84
47610 80
63082 88
2571 89
461|6
74458 62
2762 63
1036 63
91500 53
3578 62
539 56
462|20
26838 70
89090 70
164655 70
188189 70
1136 77
1219 73
158966 70
1248 83
508 67
1653 74
1674 69
8917 58
8620 42
3424 74
2146 63
7044 69
3814 73
1213 79
82857 70
26131 72
463|7
6377 91
2028 90
4310 69
3753 79
2006 73
1092 72
5995 90
464|20
1370 69
58025 65
63853 53
296 86
2019 83
3527 76
5254 67
7007 63
1101 68
1779 59
377 73
1653 82
55820 82
648 70
33493 70
1610 79
65088 72
74727 61
1617 84
62374 71
465|20
2941 82
2987 78
1200 86
3448 82
5060 82
1299 83
3703 86
3649 62
1625 80
292 74
904 93
3101 70
1754 79
750 90
1256 83
593 91
3732 74
3740 85
3334 84
377 79
466|20
5418 82
30793 66
79091 76
92259 88
5989 79
5459 63
318 90
63082 83
59784 71
5010 74
74458 80
6281 66
5952 81
8529 69
64716 75
68954 82
4993 83
45447 66
81845 85
55247 83
467|22
41 70
58 70
389 70
466 70
527 70
593 70
780 70
1183 70
1233 70
1357 70
1365 70
1408 70
1721 70
2028 70
2125 70
2324 70
2334 70
2384 70
2390 70
2393 70
2394 70
2493 70
468|7
592 65
349 68
1 75
317 61
296 81
32 77
165 69
469|20
3658 70
3832 70
3507 77
3032 74
2736 68
2132 70
1958 78
910 77
1090 79
1485 58
1388 53
2321 69
1234 83
2081 70
1193 80
36 73
2908 74
909 69
2023 72
3255 69
470|16
253 72
318 87
110 78
588 74
282 67
5 63
597 69
32 80
595 73
592 68
500 67
26 82
356 81
357 71
434 60
300 71
471|6
2571 78
8874 78
527 81
1 75
8360 69
7147 73
472|6
58559 85
3450 71
3298 74
2840 59
1221 86
858 89
473|8
4979 72
2959 82
60 61
7147 74
6281 61
3897 78
48322 71
2596 66
474|422
638 70
2179 70
2697 70
4046 70
5114 70
5311 70
5353 70
5455 70
5601 70
6201 70
6273 70
6382 70
6407 70
6592 70
6912 70
7702 70
7826 70
7832 70
7839 70
8057 70
8446 70
8458 70
8459 70
8611 70
8650 70
8774 70
8938 70
1466 69
6708 71
2940 70
2616 62
2334 56
7139 76
4218 70
371 68
750 82
2935 67
8645 76
5481 55
6370 74
25865 70
2553 75
912 82
2467 73
5548 63
7301 70
52967 63
5945 63
480 71
1983 48
3462 71
1068 70
8600 71
6650 67
8482 70
6791 76
4016 71
1784 70
3668 74
3977 54
8961 74
4160 68
30820 62
6984 70
2750 61
5034 56
7716 70
2612 70
4419 75
1300 71
4187 63
1187 60
6565 74
272 76
5440 70
25937 63
1099 55
3125 70
5826 70
5649 70
7256 77
4912 67
6016 82
1208 83
2083 76
3385 57
2310 65
3360 70
3163 65
1413 68
4081 51
1643 69
968 76
2116 69
26965 56
5954 75
1263 75
5116 70
3536 66
8778 61
63433 57
2952 71
318 86
3394 55
1200 78
3384 68
4356 72
932 71
7698 61
516 67
4873 74
48385 64
39869 75
1902 70
2641 59
7036 54
2181 63
4638 54
31116 70
2455 69
2146 66
628 73
3897 78
1030 56
4022 71
344 59
3196 76
92 47
237 69
6770 62
3259 64
3368 67
26151 70
1293 76
34072 70
3044 72
1639 71
5944 66
6539 72
477 67
7361 80
55687 70
58 75
4014 66
3467 69
8154 72
4191 61
2134 67
4644 65
4293 55
5013 72
1399 62
1196 79
2918 75
5899 59
4465 61
100 54
361 62
3341 70
8921 70
195 66
3789 70
4709 58
1588 64
3468 82
4678 71
2723 65
2118 75
1939 72
7019 52
3147 79
1792 61
33903 67
1682 74
41566 68
1693 66
1957 74
5021 59
2313 75
3870 70
948 72
47099 77
3447 71
6614 56
216 70
5619 60
3987 51
5060 73
3111 69
45950 72
32584 60
5525 70
2567 59
5956 69
7 59
1172 81
3217 68
8331 70
587 70
5238 66
1189 74
2416 60
832 65
3095 75
7386 61
1223 81
7058 70
5246 49
5418 77
27803 75
26 81
4002 70
1135 61
45 69
6945 70
2411 56
2520 70
7347 65
5375 70
5673 72
3039 73
7833 70
33781 56
720 79
2103 53
33154 68
608 83
1327 51
101 74
7061 70
5451 58
5682 56
5434 68
6609 70
31658 78
4578 48
2009 63
4704 70
7572 70
4929 54
3306 61
6334 60
5379 75
5437 60
42418 65
4128 73
7451 76
2786 53
2243 69
27846 74
6197 54
3264 50
3608 59
5603 65
6124 49
1222 79
1663 73
3566 53
3755 63
2628 60
4815 52
2089 71
7102 58
27706 64
7013 73
1348 67
45666 53
5755 50
4055 67
2058 69
4462 45
1544 54
2405 58
4998 70
273 58
1977 59
1732 79
7822 70
7073 70
41527 65
4787 67
1676 65
3708 59
6669 64
317 62
25940 70
971 73
7366 54
3115 72
7026 46
2710 55
50685 72
2114 71
3809 65
3516 61
2770 58
535 59
4878 80
5992 75
41997 72
1083 62
4487 67
7293 69
1016 61
2006 63
1007 55
4993 79
3412 68
5007 70
3929 52
6639 63
8712 70
1876 59
3546 70
34359 70
7579 70
7325 70
6837 70
2634 62
7753 56
8943 48
8385 70
4308 71
3246 79
3745 66
1148 77
42002 65
50740 70
3952 60
1927 73
7581 58
910 77
3948 66
54881 75
1284 74
4007 70
5341 62
3675 78
52975 72
6244 56
965 74
454 72
1247 79
7215 60
1282 75
8207 73
6242 65
6502 76
4509 56
3528 69
2391 73
4262 76
4039 58
42018 40
3271 74
976 70
48394 72
5384 70
5168 70
1358 74
6534 53
8773 70
2384 62
48780 77
1269 70
4600 56
2642 47
111 80
933 84
3578 76
5297 51
944 66
6020 70
2123 57
748 65
4896 73
5380 69
53953 62
3712 67
25996 70
1997 75
4464 71
4085 66
51540 74
2707 63
2069 68
6710 66
1488 62
6378 73
928 77
3038 70
7116 54
44511 70
594 73
1962 68
421 62
4316 44
2761 77
4823 60
892 74
1345 67
5294 75
1408 76
6579 70
3272 60
3421 73
3844 68
6787 77
37736 73
2249 65
1610 76
2468 48
3498 70
4902 72
6268 66
5225 76
5404 67
929 70
25999 70
7835 70
805 73
4126 62
475|20
6539 91
4993 98
87232 93
40815 92
5816 89
8644 85
81564 90
4701 85
81834 101
6564 70
68791 88
111759 94
7153 100
1527 94
71530 73
4896 92
106487 86
112852 98
3578 95
82461 80
476|14
594 75
34 72
380 70
158 55
153 61
586 62
440 72
364 83
378 62
357 72
224 75
165 73
296 85
11 74
477|20
34 72
913 85
3100 80
2105 70
1271 73
1207 85
70687 46
2174 71
45672 63
4571 75
3973 47
4226 83
1103 81
5291 79
348 76
3593 38
1 80
1274 77
6502 79
59615 59
478|5
1917 47
3114 61
594 60
1584 59
1101 51
479|20
5365 70
4488 69
524 68
1025 68
3707 54
1220 71
4010 58
3244 63
3526 66
4092 50
1968 71
4700 63
4003 61
3671 75
2671 66
341 70
2012 66
2542 75
454 71
2384 60
480|20
43914 70
2700 66
8533 65
2193 67
2797 68
3484 57
2571 75
1210 76
2596 62
8866 56
47610 66
6306 69
5379 70
2018 65
7153 75
3911 67
44191 72
38061 76
5673 67
380 62
481|7
1608 53
1687 55
1629 47
1729 60
1620 51
1597 49
1485 47
482|20
2068 65
8985 54
1036 75
474 69
1042 59
4389 45
780 65
27706 62
3211 62
1610 74
4367 54
1374 71
1220 71
1602 44
653 58
592 65
30812 67
4862 47
8361 56
8529 63
483|20
105325 70
783 68
2541 66
2959 84
109971 70
45722 72
1199 83
50872 76
2000 74
4306 78
69757 74
2683 64
2273 64
1588 65
109487 78
66934 77
1721 67
2328 52
68522 70
8972 69
484|20
93320 70
1438 63
6155 76
6944 78
2706 78
33166 85
6874 88
3697 71
1059 80
76293 69
919 85
2762 86
1821 67
837 79
5810 72
1753 77
3254 75
4718 69
2413 76
3646 57
485|5
588 80
161 81
253 78
292 73
231 68
486|12
653 70
47 89
110 87
153 69
474 82
95 70
288 77
329 75
161 84
318 96
292 76
6 89
487|12
27611 59
8961 59
318 71
1198 66
31658 63
1197 67
6539 57
5445 54
116797 63
4027 60
8874 65
86377 63
488|20
720 80
838 71
608 83
1223 82
26 82
5135 71
2109 69
7720 52
7303 72
4014 67
5995 81
457 79
105 65
1136 81
272 77
1269 71
3176 68
1278 79
1125 71
910 78
489|20
79536 70
86000 70
4848 69
736 55
8387 32
4700 56
45666 45
4720 63
2683 54
2021 60
2389 41
1619 59
950 60
58559 73
2236 54
2167 54
1616 50
247 72
376 53
2717 51
490|20
46578 67
89492 64
81591 60
91077 67
60074 48
5816 60
4144 70
54001 65
1 67
1784 61
7153 71
4993 69
89759 59
86320 52
60128 51
76251 59
8368 69
69122 61
2006 54
78499 68
491|13
106782 90
69757 86
7293 83
27808 79
4246 85
3948 79
104374 93
86833 80
140110 82
8529 79
180231 70
4306 90
88405 73
492|20
736 76
784 67
628 85
858 97
852 74
64 65
990 72
830 71
743 59
62 82
52 81
1499 56
66 66
1210 93
881 56
1474 57
1405 68
724 69
1047 74
65 64
493|13
2985 62
4444 59
2916 67
1275 71
2571 76
1527 71
2028 76
3793 66
2167 59
1215 77
4701 62
2924 71
260 77
494|5
1196 76
4498 59
3578 72
2028 76
1210 77
495|20
140523 70
115149 84
1259 85
1721 74
136562 79
80489 83
19 62
50872 82
231 70
102123 70
52319 74
7254 78
7360 78
8528 79
1645 75
46578 85
30810 76
2918 84
148626 86
56775 71
496|6
1221 76
99149 60
858 78
904 77
8865 48
114713 56
497|11
1193 68
112556 64
112290 63
1916 55
92259 72
2329 73
112552 68
1258 70
2762 64
5349 60
111362 64
498|7
344 66
231 67
648 73
10 75
300 76
356 86
316 71
499|6
1202 71
2337 63
38304 70
327 61
56286 63
1304 81
500|18
2599 63
2987 61
543 58
2700 63
2542 69
1265 69
2916 63
356 72
3301 59
1784 62
1914 63
595 64
2355 61
3536 58
1885 55
322 60
838 62
720 71
501|9
6 72
62 64
93 51
45 63
3 57
637 54
11 65
18 63
662 51
502|7
7236 67
1077 74
4412 42
3469 60
2001 61
2520 70
1777 64
503|19
7455 70
7361 76
4878 75
356 75
91500 62
593 77
527 78
858 80
4226 74
1259 72
1342 53
2877 56
92509 60
90866 65
500 61
441 70
48516 78
2858 74
48394 67
504|18
4995 84
5812 71
2321 73
1 81
3556 79
7153 85
6708 76
1288 86
6927 70
4033 81
4700 69
6565 78
342 70
3408 72
6879 73
4361 76
5952 82
5955 68
505|7
1241 72
4105 84
1029 75
74685 63
273 67
6502 85
54999 80
506|9
59258 56
54272 61
37741 68
56782 78
62293 61
51834 49
49286 59
112556 68
61024 63
507|5
165 68
266 68
253 69
377 68
593 80
508|5
2872 49
2011 44
1952 50
1175 54
898 60
509|20
26958 70
130073 70
2028 76
87232 69
33830 55
5313 47
48 59
2090 59
2080 63
6942 69
8907 43
6156 54
5816 66
39 60
3988 55
6807 71
7458 62
1196 75
45447 58
616 68
510|20
1882 27
7026 29
35836 52
494 51
1198 64
514 56
457 61
2935 50
858 68
2699 39
317 45
8949 55
2918 58
145 44
1262 60
6787 60
1208 67
372 40
1242 65
40819 60
511|11
2959 93
53953 72
115149 85
164179 87
6534 63
99114 87
92259 94
318 96
2324 91
1653 88
56757 79
512|10
480 77
150 81
349 75
47 84
350 71
442 65
457 83
50 88
317 67
593 87
513|7
5952 76
318 85
2174 67
235 70
1304 78
1220 72
1080 75
514|20
1335 70
5704 70
62586 70
168358 70
180263 70
1704 80
2005 73
2792 59
2013 58
1673 79
134130 78
76093 74
1333 72
58998 71
68157 80
2406 66
3210 70
54503 75
4855 73
1644 43
515|6
33794 90
2028 95
527 97
91529 93
58559 96
2959 97
516|26
260 70
457 70
480 70
647 70
708 70
1042 70
1090 70
1197 70
1198 70
1954 70
1958 70
2021 70
2259 70
2268 70
3052 70
3471 70
4027 70
4291 70
4306 70
4321 70
4322 70
4333 70
4337 70
4349 70
4361 70
4429 70
517|20
4306 54
53125 44
1265 56
165489 70
97938 51
88744 49
86880 42
4148 37
26761 70
3398 48
1293 54
3988 37
2858 58
4963 54
1204 63
1704 59
47629 49
7669 54
1206 59
46578 55
518|5
3101 58
2657 61
783 62
1876 56
6365 62
519|6
1704 89
356 89
140110 77
6378 82
7445 77
1968 81
520|20
7266 70
318 90
1049 73
59315 77
4995 84
32 83
2716 80
4333 62
1291 81
1732 83
4085 71
2723 70
3081 71
3994 74
33493 72
135 60
2393 69
60516 55
2406 72
1584 77
521|8
661 69
112 65
86 77
104 70
58 79
79 60
52 73
852 66
522|20
99114 80
81932 74
89492 77
63113 69
2959 86
1193 83
1375 69
4993 82
223 78
27611 77
76060 67
180 70
59315 75
1617 84
10 72
67255 77
2023 74
6187 79
318 89
127098 80
523|15
168252 97
8970 82
5989 89
318 99
91529 92
1721 79
293 91
65261 89
4270 72
3147 93
27731 83
134130 93
31696 76
527 96
101962 80
524|20
1356 72
150 73
552 61
748 62
344 57
442 57
253 69
1225 77
20 48
589 74
1242 79
544 56
173 49
1302 64
380 65
457 76
1020 61
788 51
193 47
466 56
525|20
120807 70
317 61
6863 64
8622 69
33004 66
7147 74
2396 72
40815 72
137337 67
1639 70
1968 72
91869 70
45880 64
2100 59
339 67
4886 76
50872 73
86332 71
8983 71
3996 72
526|12
593 87
55247 85
46578 82
176415 70
1295 65
90430 76
4014 72
2352 78
176413 70
215 82
81845 87
51255 82
527|20
2137 80
3114 85
3210 82
3016 74
2161 81
4571 82
2118 86
3421 84
455 61
2867 84
2450 55
1909 78
1214 88
4299 74
736 75
2477 66
588 84
4016 82
1259 88
2533 69
528|15
4886 73
2278 63
80906 71
4037 69
1240 71
64614 71
3821 40
150 72
1291 72
80463 72
593 78
99813 69
85342 66
48516 79
58559 78
529|5
653 55
135 51
65 48
62 66
733 65
530|6
292 68
500 68
300 72
586 62
593 85
11 74
531|5
593 85
590 78
919 78
480 75
1215 84
532|10
1721 75
4863 75
457 87
290 84
1245 91
1242 91
2023 80
2329 93
1304 88
517 71
533|8
1200 85
6502 83
79132 88
46578 84
93840 81
4973 91
2455 76
66934 83
534|20
116724 70
97913 86
94953 73
2003 77
2167 73
7569 83
153 69
1485 68
65514 83
104218 72
344 70
2571 91
5445 79
95875 74
112818 69
82461 71
96610 79
2987 79
138036 81
1566 78
535|6
2571 72
2581 52
2700 63
2688 55
2583 67
2882 43
536|8
232 71
272 74
356 77
335 70
225 66
150 73
434 56
589 74
537|10
80906 79
367 68
7153 86
53322 71
104218 67
97304 80
6539 77
318 91
89745 79
105504 87
538|8
595 88
3671 93
80549 88
4039 75
69757 88
5047 91
44889 70
66934 92
539|8
4306 80
6753 71
5218 73
50872 78
88 65
3301 72
4886 81
69122 75
540|9
2598 67
2959 92
1073 85
8874 89
1681 64
2183 79
2841 80
2747 66
1196 89
541|18
590 76
457 79
413 58
15 59
110 77
595 73
597 69
480 73
356 81
203 69
529 76
357 71
22 68
345 75
546 46
586 60
281 75
350 67
542|20
6539 70
30793 59
5299 59
2542 74
34319 61
33679 61
4963 73
5481 53
1997 72
4025 55
3623 52
924 75
4369 57
6378 71
2571 78
7254 67
41566 66
37733 70
7361 78
45517 61
543|16
73881 81
1702 72
595 86
3301 82
231 75
2378 75
2379 60
86882 85
6377 96
588 87
377 84
48385 78
2571 94
4526 66
4388 66
92259 98
544|22
1 70
3 70
14 70
32 70
40 70
62 70
68 70
95 70
116 70
619 70
626 70
648 70
650 70
694 70
736 70
780 70
839 70
1042 70
1047 70
1059 70
1105 70
1356 70
545|5
1438 56
1267 81
2763 73
1367 64
44 55
546|13
1270 79
3328 78
480 72
1970 58
2456 48
1976 51
589 77
2657 65
1673 80
3941 70
3959 70
3566 53
1977 59
547|5
1211 71
2859 70
2917 71
1394 78
1288 81
548|26
69 70
260 70
356 70
733 70
1196 70
1393 70
1477 70
1621 70
2571 70
2716 70
3263 70
3578 70
3916 70
4776 70
4899 70
5955 70
6874 70
7458 70
8531 70
49910 70
58559 70
74532 70
80862 70
122904 70
125916 70
168712 70
549|5
2571 72
2028 71
4226 70
1210 72
589 68
550|6
167296 70
102125 76
106782 82
116797 84
112852 85
122882 80
551|20
5010 71
34162 69
60069 78
1544 54
45186 69
103772 60
51935 76
4226 80
2353 70
7153 81
5989 76
135569 68
115149 76
88129 74
134130 80
6934 63
47 80
4701 67
2959 84
98809 74
552|20
2916 64
3317 71
1405 50
2953 47
2245 54
2944 69
2890 66
2125 67
508 64
3948 59
5349 65
2959 76
2857 54
173 46
2991 65
2871 71
2628 53
4308 65
4878 73
3101 55
553|17
55765 87
3481 85
1923 82
2571 92
4011 92
50 95
3949 89
1089 91
44199 86
5513 70
2231 88
2395 81
3052 83
61257 70
1221 95
33166 87
2959 95
554|18
1196 86
1022 76
2820 70
1207 88
1517 77
1282 81
1210 87
1760 43
2282 61
1225 86
907 63
1358 80
2096 72
1028 84
593 89
608 89
953 84
2324 87
555|20
790 70
3664 70
1 79
3111 72
3395 63
104 68
1334 67
2506 65
2072 67
4002 73
1266 80
2641 61
2256 65
2791 79
2701 49
1333 75
1320 65
337 75
1393 71
3526 70
556|7
162600 74
122890 76
3081 77
88125 82
588 83
72998 77
74789 69
557|6
648 65
231 59
1291 74
260 79
1210 79
150 74
558|12
5329 71
5064 81
4903 75
2297 78
2568 76
4993 88
4306 85
367 73
5283 70
1097 85
4164 65
5294 84
559|20
552 62
608 81
355 45
329 62
544 56
1527 73
173 50
377 68
745 76
174 50
529 73
350 64
349 68
533 58
836 56
1210 79
420 52
786 61
227 53
253 69
560|20
5839 70
91535 59
136018 54
67997 65
79132 80
3253 68
142558 70
2355 68
39435 62
1527 74
40414 63
64614 74
48744 63
56587 71
593 81
76251 68
84944 66
109313 70
5878 74
40819 76
561|20
168174 70
5308 58
78469 58
3703 74
60069 74
91535 56
2105 63
73017 74
5445 65
2000 69
83134 71
79132 77
79592 59
80463 72
89745 71
527 79
8972 64
353 73
33162 64
68157 77
562|20
27140 70
6870 81
6377 91
2580 83
1249 91
4776 82
36529 80
1259 86
1982 80
2268 84
2133 78
83134 84
3210 80
48394 82
30707 87
33836 60
2692 91
88163 85
99191 70
1240 84
563|20
61071 70
70932 70
80858 70
919 75
74450 55
588 73
5943 52
118997 55
86833 67
1197 82
128832 70
85397 60
45221 51
33499 54
7380 70
96821 77
81784 60
95307 48
65585 65
55250 46
564|20
50942 70
356 84
31685 66
131013 67
61024 75
79224 59
87869 74
500 70
108156 65
81784 64
93270 54
6188 73
106918 79
65230 74
67087 67
80693 65
94677 68
8984 69
73266 68
2671 72
565|6
590 76
231 63
19 55
21 69
50 84
539 71
566|15
648 66
10 68
231 60
329 63
342 64
141 68
203 67
345 73
39 63
497 74
265 74
588 72
708 65
353 75
2 66
567|20
8189 70
26743 70
92681 70
109897 70
152071 70
5690 56
136602 41
122888 70
6333 55
1274 52
122922 52
153070 70
151687 70
117877 70
108928 37
954 56
122924 47
27773 53
648 46
135887 44
568|23
50 70
147 70
296 70
356 70
480 70
593 70
765 70
1103 70
1104 70
1257 70
1298 70
1895 70
2313 70
2359 70
2863 70
3053 70
3148 70
3261 70
3363 70
8169 70
46723 70
63853 70
65088 70
569|5
231 75
50 97
380 81
588 87
592 80
570|20
208 54
8636 72
48516 79
1225 76
586 56
2683 60
457 75
1196 77
110 73
4993 76
7361 78
1198 78
1079 76
10 66
3793 67
1391 57
589 74
380 64
527 80
185 58
571|20
1331 70
2982 70
2366 60
1128 47
610 60
2902 47
1998 30
3696 52
1980 70
1987 70
70 57
1924 50
2279 38
1327 40
3732 54
1972 38
1278 67
1644 32
2327 59
1978 36
572|20
1961 83
2570 65
2788 90
2321 77
111 88
904 93
2987 77
2302 70
1834 81
2539 67
2917 80
1307 84
1 85
161 82
3421 81
838 79
1356 82
2006 72
3167 78
1953 81
573|20
89745 88
72998 81
3752 79
356 94
7293 83
6754 80
8665 87
32587 87
1073 89
88744 85
1127 83
68954 91
98809 87
2640 85
48516 96
71535 91
59369 80
60069 91
88140 84
1562 60
574|23
47 70
110 70
150 70
153 70
161 70
185 70
225 70
231 70
292 70
296 70
300 70
316 70
318 70
329 70
339 70
344 70
380 70
410 70
434 70
588 70
592 70
593 70
595 70
575|8
2566 53
2580 71
296 80
2581 57
2572 67
2542 74
2574 47
2598 54
576|5
849 51
1321 58
1373 48
1479 56
2289 65
577|20
2415 70
1183 68
1288 80
1129 69
2944 75
2194 76
733 69
1213 82
2076 73
2020 76
1262 76
1931 72
1391 59
2987 68
952 75
1909 66
260 80
919 74
2248 71
1270 77
578|6
6751 70
52668 70
45668 71
830 67
72407 55
75446 70
579|15
3174 74
2485 65
1022 76
2018 77
838 77
1917 67
1391 67
596 74
1573 74
2965 70
1653 85
2599 78
892 81
2687 75
595 79
580|20
5767 70
6583 70
480 71
8844 70
6989 63
3809 64
41569 65
3699 64
4041 64
33166 74
356 80
508 70
8376 65
3578 75
608 82
3785 61
3089 80
1320 62
54286 71
1201 83
581|8
7153 86
5995 86
4973 89
116797 84
3949 83
4306 82
109487 82
6377 88
582|12
91529 83
2959 88
116797 83
4993 84
5618 85
2571 85
76251 73
69844 79
104841 78
48516 87
97752 71
76093 80
583|12
8533 67
88405 56
2706 65
117590 72
317 60
60756 63
6942 71
595 69
46578 74
104 64
2694 59
7451 74
584|17
288 82
22 83
203 83
315 77
500 81
316 80
539 85
234 69
296 98
257 85
434 74
586 75
338 78
349 85
282 81
480 87
590 90
585|13
3173 70
1228 88
54503 83
2959 90
428 80
1405 64
7254 76
441 82
1805 68
296 90
27373 70
5325 77
79132 88
586|20
34332 72
4016 86
111659 70
106002 77
149406 79
167036 88
45499 80
136556 70
5445 84
117851 75
1291 91
71264 84
106489 80
135436 79
3753 84
2640 86
3147 94
122916 92
3793 85
101362 63
587|20
1234 92
628 82
2012 77
534 77
2002 70
1641 83
236 79
1376 75
2622 80
1541 64
3260 85
497 85
3082 75
445 72
3448 82
2574 59
765 71
691 68
329 74
3406 71
588|12
50 77
16 72
20 45
356 74
350 60
198 60
593 76
364 75
163 64
253 65
223 69
3 57
589|8
1092 69
318 92
590 81
373 76
586 66
587 76
527 89
337 80
590|20
924 74
8807 70
2371 61
38061 78
81834 79
40815 70
4890 58
903 77
5 59
3624 62
555 72
4047 69
51662 68
2085 65
419 52
595 69
329 61
2376 63
3635 67
2398 77
591|11
2908 70
2706 64
2712 65
2355 65
3615 55
3578 72
2394 66
3798 59
356 76
223 71
2724 51
592|19
514 78
2 73
153 64
415 58
110 82
177 62
420 60
380 73
44 58
788 59
588 79
163 75
204 60
610 76
39 70
419 60
253 77
432 58
240 59
593|20
1196 70
1073 66
1086 67
1617 71
4034 69
41566 59
1197 73
344 50
8368 70
339 59
2959 73
8961 64
5816 61
2797 64
4896 64
588 64
595 62
5952 68
377 60
141 60
594|20
7031 70
2671 82
7115 76
1616 73
5943 67
1188 89
2269 76
1733 81
4902 87
6996 53
780 81
1429 80
6140 75
7046 74
39 79
595 87
799 85
2028 95
8482 70
7169 84
595|5
265 85
50 92
1186 81
1199 90
1966 66
596|20
33649 70
43744 70
182793 70
129397 52
128908 70
1 76
142488 79
122922 73
4310 59
71838 60
4025 57
2501 71
110102 71
149406 63
2774 70
5502 61
8665 72
6537 62
2571 79
345 73
597|20
1799 72
490 70
3040 72
2529 83
2858 88
903 88
3039 82
2000 82
1291 85
357 79
1228 90
1845 87
2411 66
1580 77
1148 87
1198 90
2723 74
485 71
592 76
2692 90
598|5
56367 77
8360 75
593 86
114265 70
103543 56
599|496
26142 70
26567 70
26590 70
26676 70
26854 70
27595 70
34800 70
53450 70
60803 70
69131 70
74696 70
79895 70
84523 70
87960 70
92674 70
98799 70
102735 70
102852 70
104017 70
105020 70
122433 70
157865 70
158874 70
160978 70
161044 70
174727 70
179053 70
1801 57
6035 58
3387 41
33437 59
112 49
5995 68
167706 70
4394 70
836 46
7235 53
8809 54
102749 70
89087 44
42011 39
432 41
471 58
5628 51
1015 50
2 55
2269 49
69 61
3947 40
79091 59
104837 70
4037 60
7587 56
6881 58
1449 62
7225 55
81229 54
68952 59
4728 47
5081 47
33966 70
1779 44
3669 70
87197 70
170297 70
79057 56
95965 70
55207 70
4007 57
1220 61
80831 63
46723 58
71282 66
7757 57
3259 52
92309 52
1376 53
7192 43
4654 44
101423 70
53468 58
62662 70
3174 55
3698 53
2882 40
2359 59
1183 57
2792 48
1095 63
8387 28
53125 54
115713 64
2949 58
2471 39
3 51
1231 64
3861 45
240 41
1480 58
2301 59
1445 36
8045 70
586 47
2942 42
1185 60
4594 70
2474 57
3671 64
3196 64
64839 62
98697 70
2606 40
1777 54
5309 41
7022 62
4873 62
541 70
27311 55
43921 55
67734 49
4240 70
5026 67
168 48
33493 55
4125 38
7354 48
207 58
1094 52
742 55
1609 43
1042 49
3362 66
4553 59
4632 52
2278 54
468 55
122904 64
75416 70
42718 60
4285 39
79274 57
1794 70
45081 48
108192 70
3489 54
3503 64
89804 54
163809 70
577 41
3071 53
1204 73
3981 35
95771 70
45382 54
6548 49
59387 61
166528 61
168492 64
6691 70
605 44
424 33
2991 59
248 48
97950 70
3865 49
1216 59
342 53
35836 57
27772 41
176419 44
151781 70
277 50
6320 40
39381 59
5111 70
4090 50
2450 32
2676 46
2356 42
79702 59
1597 49
410 49
1721 53
3702 51
183301 70
1387 67
2072 53
26729 59
2393 52
4247 35
4591 43
1032 57
3087 51
1895 54
634 41
210 51
2074 58
51575 43
3505 61
5247 49
481 50
4215 37
1355 33
2657 53
2028 68
4011 68
420 42
552 52
1196 67
2395 57
5303 58
1752 35
3186 57
4310 48
1784 58
3200 61
7254 57
688 41
473 35
1079 66
1552 47
1148 65
1544 41
63113 54
2325 52
26649 56
6804 70
161 61
4109 47
34332 45
1653 66
4808 41
7707 70
3468 70
502 33
1221 71
1792 49
68319 46
6787 65
2119 28
3884 41
4254 32
3973 31
103609 70
8934 70
5377 63
42632 63
55290 57
4506 45
7840 52
5568 46
1689 47
7005 70
103228 61
59947 70
786 51
4351 50
172253 70
4679 52
1411 69
117630 70
1590 51
112623 52
3146 42
8984 52
1920 44
519 36
179817 58
3979 39
3741 65
44020 37
26630 70
7285 66
3030 63
1021 39
8638 63
87 49
7153 68
2877 49
2018 58
3173 50
5198 70
7101 47
7701 36
3213 66
26159 47
2339 70
33896 56
2000 61
4006 47
136562 58
37382 46
6645 58
171763 63
8528 59
27008 70
4017 62
4167 50
86142 57
1249 69
3255 57
736 52
2779 51
84414 52
27773 62
2083 64
98499 37
4034 66
119828 70
1993 43
94864 51
6631 32
2321 56
26242 57
3703 66
41566 56
2529 62
1968 61
8914 57
3257 48
159403 70
1036 65
76093 63
5103 58
6947 59
1952 64
2124 51
4084 42
6016 70
778 68
81 47
2171 55
1253 58
4275 48
7982 48
3723 53
849 49
2681 47
6565 61
39414 52
122916 64
6440 60
8917 50
72011 59
1605 47
1240 63
923 65
68157 68
5961 70
5053 70
3571 50
2403 59
3871 65
44238 70
72226 66
7004 41
2054 42
62970 50
5159 50
354 59
122924 56
48774 63
1394 66
3763 53
70286 63
1904 50
3969 57
81562 59
102590 70
233 59
4155 51
1031 54
76 53
459 43
1097 63
1178 69
60291 55
3328 66
1232 54
3036 56
5283 48
4327 58
610 59
2726 70
4732 33
5970 55
2396 60
594 61
1247 67
45499 53
3476 55
2399 41
137218 70
1997 62
3271 62
27801 64
6365 53
1799 51
580 47
122900 59
2803 51
80219 51
466 46
110882 57
3997 28
26176 70
2378 49
117895 35
26662 66
90603 53
119218 70
44 40
809 40
1960 58
4519 51
1959 62
414 46
1073 63
61236 47
1479 54
4019 62
1245 69
37857 64
161032 70
371 56
3020 62
88593 70
6774 61
2005 62
90405 46
26285 70
6793 31
627 48
1617 68
6734 32
108090 70
2427 53
51024 52
122922 61
3440 31
6874 66
4919 48
338 51
81591 58
1704 68
1499 32
357 58
62155 55
144 52
34148 55
53519 49
4504 70
2796 43
216 58
6827 34
1429 53
7445 56
1385 45
90471 57
8425 70
10 57
26542 56
7387 61
72998 55
89470 59
3629 62
1297 62
3424 66
1672 60
44761 65
196 40
70703 70
2383 34
180 55
4040 40
6333 64
4440 51
5291 63
88235 53
1639 59
4580 32
153236 70
86190 58
4477 36
103027 70
32291 54
34811 70
5171 44
122260 70
8784 62
5954 63
8798 60
707 47
880 40
314 57
61323 56
600|20
3269 50
1394 71
3785 54
2717 52
5569 54
4306 69
1206 73
56775 55
2015 61
7 51
2013 51
262 67
1210 73
1060 63
2431 58
2077 61
2423 64
4641 64
527 75
5076 50
601|20
141846 70
68157 92
1262 89
106782 88
60069 89
49272 89
5445 81
1193 92
1207 93
79132 92
904 96
166024 78
1917 72
7153 92
2324 92
170697 71
31658 89
5989 87
88810 87
2571 92
602|20
161 68
19 47
350 60
494 61
14 60
471 65
125 60
434 53
235 64
481 56
315 55
371 62
474 65
527 77
21 62
349 64
440 64
339 62
480 66
163 63
603|20
602 70
803 70
2008 70
2577 70
3459 70
4787 69
2912 77
1769 61
485 64
4420 70
920 77
1 79
2706 70
1844 75
3787 76
1222 81
190 65
2716 77
3983 80
101 76
604|20
220 70
292 71
151 75
329 69
410 67
426 69
435 54
316 70
22 73
235 75
181 52
332 65
273 63
637 65
285 70
173 57
588 78
23 64
553 80
1 82
605|20
35347 70
6787 73
1197 78
5667 70
42738 53
51662 66
7373 62
596 63
780 62
4571 68
2316 61
7454 46
150 72
60040 58
8977 49
3269 54
72982 70
1210 77
62376 51
60937 43
606|20
263 70
563 70
583 70
3808 70
4671 70
4840 70
5856 70
6111 70
6573 70
8685 70
32728 70
55805 70
3147 83
4392 66
2311 72
6308 50
50842 71
6591 74
8270 67
2025 80
607|20
891 61
1610 80
448 75
3147 83
1094 69
1307 80
592 71
204 58
1552 64
527 87
3476 71
296 87
2313 80
3440 47
423 57
1518 67
2118 79
2193 77
380 72
2028 85
608|20
52245 55
2997 76
3793 66
2763 66
174 47
2000 69
1214 73
919 71
2700 67
4161 61
5146 55
1639 67
541 78
473 43
2529 70
522 67
4343 55
1909 63
2431 61
1220 69
609|8
296 80
833 43
356 77
339 65
454 69
318 83
208 55
292 63
610|20
5953 70
58975 70
70206 70
78626 70
82765 70
97988 70
107447 70
107462 70
110591 70
110746 70
118082 70
139655 70
160341 70
86644 59
56801 58
61024 78
77561 75
4816 74
62434 79
3972 82
