1|20
260 89
1927 93
804 83
3 85
1009 72
2406 85
1587 83
3671 89
2617 71
3053 89
2571 89
1222 93
2137 85
1377 79
2395 88
2761 93
2641 74
2872 87
1258 94
2700 86
2|6
333 71
122882 73
71535 73
46970 67
58559 80
80489 71
3|8
5764 70
647 41
6835 70
5919 36
2851 34
2288 48
5048 28
4518 44
4|20
106 70
1291 71
3408 65
265 59
52 59
4347 61
2467 75
908 81
345 59
1304 79
1923 70
2959 68
368 58
1219 75
4765 71
1199 73
4166 39
1732 68
21 68
2858 71
5|9
515 79
1 79
364 77
608 86
290 78
261 76
34 73
318 92
21 72
6|20
349 74
318 85
775 70
141 66
348 65
104 73
327 57
410 64
165 71
87 63
366 76
17 67
1084 77
222 73
16 73
416 50
277 65
460 69
867 46
316 67
7|20
8528 67
3623 44
8636 67
8360 65
1517 60
466 51
8373 37
1220 70
7155 50
8808 45
6863 60
31878 66
1610 65
1219 74
4700 59
45668 65
8970 69
27741 73
6333 69
8865 41
8|10
356 81
47 82
231 57
318 91
454 68
292 69
32 84
141 70
380 68
252 67
9|10
5451 55
923 78
5890 53
2901 48
922 76
6044 70
1987 70
5378 56
3735 70
5447 62
10|20
597 67
33679 66
8533 69
8969 61
72720 65
88810 77
136020 57
6377 75
5943 59
109374 64
113394 70
61250 50
82167 52
140110 69
5377 69
77841 70
6942 72
1028 71
72330 70
66203 48
11|13
733 76
1584 79
1210 86
170 71
1438 68
648 75
1918 71
493 76
10 78
457 82
1693 76
150 81
1923 78
12|7
2717 73
2100 83
838 89
2072 75
1876 78
2581 78
6942 94
13|7
3717 67
3624 69
3798 68
2174 74
47 85
3893 74
305 68
14|10
344 55
477 70
110 74
540 56
597 72
153 59
592 67
4 46
539 67
105 64
15|20
91529 71
7438 68
111759 75
2329 78
1 73
1909 59
1240 66
115713 67
1200 67
293 66
2571 74
3949 75
120466 63
1198 78
2028 73
2011 67
158 48
160980 66
4306 82
4022 70
16|20
1230 70
78499 72
913 76
1136 74
1299 71
1617 73
1203 74
3429 76
2858 74
608 77
3683 73
4002 66
1199 73
912 78
2707 58
5782 71
1260 66
319 63
27773 72
2109 63
17|20
260 89
64839 79
296 88
5952 82
527 87
1193 86
3681 85
1240 80
2717 69
2858 84
1093 72
81932 77
5618 84
50 87
5971 79
2959 89
1201 84
541 86
82459 78
1 82
18|20
8117 70
65596 70
88094 70
145283 70
157110 70
166015 70
171023 70
103253 61
60684 73
44199 72
2 68
86628 75
59784 64
2918 77
109374 76
4226 79
53129 78
139385 74
47 77
1291 79
19|20
3692 70
3662 43
54 45
2733 36
1702 50
1240 66
1270 67
3712 47
1881 50
216 54
3 58
1834 67
2184 56
3017 55
2044 32
2354 39
2005 64
3146 38
3387 53
2694 44
20|20
1566 66
5419 65
4014 72
2140 79
586 67
661 70
3189 74
5014 83
1333 77
4161 67
3784 64
1030 54
5313 47
2804 83
2054 61
34 83
1097 90
6358 70
4519 72
1722 55
21|20
107013 70
117922 70
140301 70
57640 70
2985 55
2990 68
2717 49
5418 75
31433 57
112175 75
7153 74
30793 66
4446 65
52973 75
45186 61
2023 66
79185 64
1721 65
102125 69
5459 62
22|20
8961 55
2723 41
60950 45
64575 41
1193 64
70286 47
4993 58
2160 62
39183 45
7147 47
3996 56
3481 52
55765 55
48780 55
7361 63
51540 52
6711 59
2968 54
3949 57
48394 53
23|20
6234 70
3996 68
293 73
1206 71
1136 73
1960 66
7587 66
3424 73
3181 72
2467 69
1248 78
1617 72
6807 72
1952 70
6440 68
1258 73
1243 69
1080 68
8228 64
1711 58
24|20
1784 69
2617 64
111759 75
134853 74
58998 73
1265 76
1198 82
3147 77
1197 81
1220 74
2424 59
5418 72
72011 69
54286 68
27773 76
64957 66
356 77
44191 75
1682 74
68358 74
25|6
58559 99
60069 95
74458 95
79132 97
527 97
260 99
26|21
10 70
34 70
47 70
150 70
153 70
165 70
185 70
208 70
225 70
288 70
296 70
300 70
344 70
349 70
356 70
380 70
434 70
454 70
457 70
592 70
593 70
27|20
1196 74
2478 64
2640 68
3508 80
3555 71
1201 76
3519 66
969 74
2080 75
673 61
2886 26
2529 73
1387 75
1101 68
1947 71
1250 78
1276 80
3114 72
1083 65
3809 66
28|20
27450 70
60943 70
61011 70
63033 70
5617 66
59369 58
60046 70
507 51
3300 58
55094 49
59018 70
26695 70
2951 68
3006 60
2231 57
5418 63
26812 50
2058 51
353 55
61167 70
29|17
98961 84
7379 73
1250 88
1201 86
111362 78
48516 86
1100 57
26554 88
3441 71
4327 74
2872 76
2301 78
1617 85
3681 85
55820 80
4223 74
99114 78
30|7
5952 94
108932 91
1200 93
91529 97
116823 91
112852 96
1198 100
31|10
1198 89
1200 81
648 76
1363 71
1073 80
1036 83
1197 88
377 77
1246 83
1270 82
32|20
236 65
314 77
1356 78
357 75
224 74
627 71
1079 83
1084 83
318 92
761 63
1197 84
849 68
912 84
880 63
1198 86
58 81
203 68
608 86
497 79
410 64
33|20
110 80
17 77
2396 76
2272 66
448 70
428 80
265 73
1280 83
1177 80
1617 83
50 83
261 75
11 71
452 54
345 75
608 82
150 75
1188 68
800 78
2690 76
34|18
780 63
2273 62
3717 63
26606 69
45499 61
3996 66
4310 56
3624 64
31685 64
1721 60
5146 62
7090 75
70 67
2006 62
3000 71
4306 76
27728 35
3997 36
35|5
11 82
185 72
595 84
21 80
300 81
36|12
5171 41
3066 61
552 43
4025 41
1262 58
2735 42
2359 54
1372 46
1278 60
2194 55
3347 65
1704 60
37|5
344 77
356 91
661 76
329 78
457 86
38|16
434 54
39 57
223 65
161 67
246 76
168 51
273 47
480 65
356 71
457 72
364 69
50 72
500 59
300 59
551 57
21 65
39|20
2571 85
2391 74
1921 81
1862 47
1219 82
1907 75
2081 72
2459 67
924 79
2529 79
1729 77
47 85
260 85
2080 68
592 72
296 94
3213 82
610 76
589 82
596 70
40|20
440 78
454 78
588 84
339 77
158 61
432 59
431 79
186 62
616 78
514 80
21 78
592 75
1 86
223 84
585 61
216 79
104 75
371 79
111 85
267 64
41|20
96829 62
64839 63
122882 67
6287 53
1569 59
106920 67
86781 74
3160 71
1721 54
2028 66
6763 43
5418 66
53519 54
122904 55
55247 69
924 68
4011 73
2324 73
35836 66
5995 71
42|20
3869 76
4654 59
1021 59
2423 80
3248 52
4477 52
2500 46
1431 54
195 73
3326 78
2407 71
1090 78
2735 61
3693 57
1020 73
4545 76
4132 56
2263 69
3535 83
2805 56
43|20
225 88
296 92
596 87
588 91
587 96
420 78
158 85
631 80
5 81
597 91
168 86
355 80
47 95
367 88
519 77
594 92
236 87
1 97
60 82
259 82
44|10
36 71
663 68
12 39
661 66
94 75
1 79
104 68
112 63
494 65
889 70
45|20
2718 75
1036 83
2028 94
1653 82
1682 89
2396 81
3249 72
261 84
4308 68
329 75
1367 70
2890 82
593 87
1127 76
2431 76
6377 88
569 69
1197 86
1060 82
2858 84
46|9
590 79
588 79
315 70
208 65
1 84
432 66
225 75
434 72
339 76
47|20
508 57
68932 48
72395 60
2420 56
597 59
148626 67
5989 66
96588 66
69122 61
6155 57
4975 55
30749 61
106100 67
45950 59
2028 62
4018 51
1259 62
6373 53
33166 61
2407 45
48|7
4886 85
1320 72
1527 79
1193 90
3793 81
48 72
1653 87
49|5
2028 85
1214 82
139385 79
318 91
527 83
50|20
8143 70
114335 70
136564 70
142074 70
171759 70
175693 70
179073 70
175707 70
71264 48
82848 70
1377 37
44555 67
8157 53
6807 62
95543 46
8253 41
96610 54
924 66
32875 70
4896 49
51|20
7040 70
5620 56
2613 68
4437 86
2023 79
1500 86
522 77
858 90
4508 80
2951 88
1014 85
1407 67
2282 75
2420 86
3388 50
260 84
3186 84
3994 76
3501 64
2371 73
52|20
152081 87
51255 87
74458 89
1923 86
7438 86
40583 84
59784 80
55765 86
112852 92
86892 87
55363 91
112138 82
49272 89
52245 75
69481 90
50794 74
1704 94
54736 88
44665 87
47200 75
53|5
481 98
1100 87
249 102
1125 100
916 113
54|7
296 62
593 64
639 37
1 62
205 49
161 59
500 53
55|5
2407 41
673 30
3275 65
2890 48
4011 64
56|10
786 70
253 80
165 79
110 84
589 85
370 73
434 69
410 68
69 81
185 70
57|20
2140 66
942 79
920 75
3175 63
1784 63
3429 81
933 82
1193 90
3446 32
160 41
1499 27
2640 69
892 69
11 60
2947 76
6 74
2478 56
2291 71
1688 62
2301 72
58|20
588 79
282 73
185 66
419 63
367 68
277 64
48 71
280 83
337 86
345 79
3 74
357 78
527 86
587 81
218 74
500 74
508 82
368 76
364 86
353 81
59|20
1696 57
6460 99
3489 79
1188 79
1222 85
2076 82
3448 80
1263 84
1247 86
527 84
1244 87
904 92
903 90
965 80
2616 67
1953 80
608 92
105 74
912 96
3471 80
60|5
832 62
58559 74
805 65
455 46
858 72
61|8
266 65
1101 67
7438 81
173 52
555 77
2012 72
4878 78
3949 79
62|20
99114 85
176371 85
3793 79
56757 81
73017 82
30793 71
179819 70
68554 75
185135 93
168248 86
5903 83
4878 87
2028 93
5502 71
6058 69
344 66
1721 73
45499 79
41566 80
78105 67
63|20
5669 72
4246 62
48780 73
500 58
6016 73
31658 72
2858 74
64285 76
85414 64
1221 79
106696 63
4963 69
50 78
1097 66
260 85
110 80
1222 80
4979 70
5952 76
77561 64
64|20
5878 84
3101 63
2640 72
2959 85
8784 76
2054 58
4239 77
4025 58
5026 82
40819 79
266 68
2699 67
27266 77
3969 75
1805 63
6296 77
4776 74
3148 75
4262 77
356 78
65|7
1246 80
33660 81
7458 71
2329 80
4993 78
91542 74
3147 81
66|20
593 90
47 89
5418 84
922 88
2139 81
2956 64
3745 76
1956 83
4581 70
5349 75
1210 83
1094 74
2001 69
380 72
6539 81
671 76
1 82
6378 81
7766 85
296 95
67|8
99114 76
4306 78
27193 73
79132 81
60069 79
2012 71
4886 79
4993 77
68|20
47978 70
95218 70
6534 47
48696 61
67267 71
30825 56
1799 60
3556 59
8622 55
4351 58
63113 69
58295 54
7151 58
2413 68
6287 62
653 55
41566 79
5541 56
260 57
48043 53
69|10
4370 82
4848 93
3671 94
2476 84
1193 99
356 95
553 89
4022 87
260 98
3994 83
70|13
1193 90
1097 83
1914 82
1269 87
4995 86
318 96
8949 81
1968 80
1210 90
89492 83
1250 90
1235 90
2366 80
71|7
494 72
647 68
736 70
95 71
733 71
589 76
7 56
72|9
1047 70
150 81
858 90
2490 77
1357 85
260 87
50 91
1198 90
1196 88
73|20
1193 79
45720 77
105037 59
6333 77
59315 81
76293 63
138204 74
2706 74
152081 76
45221 43
68135 69
150 74
8376 63
93510 76
59784 70
116823 78
106072 69
1682 76
52245 61
35836 69
74|20
31522 70
2594 81
2908 83
30749 80
6870 82
3006 80
52281 78
49772 86
55118 82
2997 87
6305 78
608 93
4546 82
41863 82
27773 88
6001 83
1251 89
6552 78
46976 79
44555 90
75|14
5445 61
1240 70
5952 70
2193 56
6870 63
2529 70
168 49
541 72
3176 63
1962 65
2078 64
1889 68
1266 72
1374 69
76|20
48877 38
5956 57
2918 56
58803 56
1247 65
74458 66
7669 64
79132 62
8957 50
858 76
55820 62
1258 67
63436 39
1201 68
1208 66
48 36
288 47
34405 58
1 57
1196 66
77|6
3996 73
4973 83
7361 75
8636 73
3578 76
33794 75
78|13
296 77
165 70
3809 64
589 78
546 43
27904 70
260 81
590 68
480 67
68791 62
344 55
44974 69
380 67
79|13
3266 96
3029 75
589 85
1916 80
307 86
4005 74
260 93
1189 87
1345 77
2000 82
1374 81
2659 70
2076 83
80|20
7445 81
96691 75
84189 70
91630 80
49530 86
8950 87
6539 86
4223 81
5630 79
3527 80
76251 80
80363 70
52604 83
6502 86
34048 78
1221 87
60684 85
6952 73
5989 88
77561 79
81|26
10 70
32 70
47 70
110 70
150 70
153 70
161 70
165 70
208 70
231 70
288 70
296 70
316 70
318 70
329 70
344 70
356 70
364 70
367 70
377 70
380 70
457 70
480 70
588 70
589 70
592 70
82|20
6886 70
2381 52
2378 63
6566 55
368 66
6536 72
3253 71
4310 60
1608 69
1372 69
145 64
356 72
6708 72
1485 63
4369 62
6564 58
6888 52
5803 49
4015 53
364 70
83|20
56367 72
7143 66
7323 64
6539 64
161 67
586 53
2115 67
1270 74
6874 69
2324 76
1537 71
7153 69
68954 72
48774 64
30749 67
8014 73
1222 72
3753 60
1223 75
64983 60
84|20
55 70
987 70
912 87
1096 75
420 48
1227 80
113 52
580 54
5060 73
1293 76
900 74
1097 78
62 70
368 68
1305 73
1247 80
1296 81
11 72
1073 74
1094 68
85|7
1519 70
1624 49
1140 70
1694 51
1643 67
1747 68
1635 75
86|14
4993 81
4310 64
6947 73
2411 61
457 78
5418 78
3996 77
4901 75
1835 73
33794 79
1196 82
3555 73
1097 76
2687 69
87|5
4023 64
2009 72
3504 84
671 71
2139 76
88|12
7312 70
74795 70
4993 89
68157 87
5952 85
1193 90
223 83
8665 79
4262 81
56782 91
8677 50
58559 88
89|104
26645 70
32060 70
44851 70
53280 70
53578 70
67888 70
69211 70
81087 70
84246 70
103602 70
108078 70
109596 70
118894 70
121007 70
128089 70
128944 70
131098 70
131439 70
134847 70
140481 70
146684 70
148632 70
150554 70
164226 70
30793 49
169912 47
87869 55
1923 63
4015 43
950 62
173253 70
2324 57
27826 70
92259 66
11 72
3977 61
86298 48
8154 60
77688 70
2997 59
170837 70
49274 42
157775 70
1 75
142196 70
99117 47
62008 70
72624 70
108156 48
3752 47
2059 51
128520 59
3175 65
133879 70
48649 70
126088 70
5529 45
65588 70
99130 70
40962 47
1732 45
68659 66
91666 70
2683 30
3751 60
750 66
6650 76
149508 70
2395 56
51575 46
65230 59
171751 70
85881 59
139157 70
6863 51
4246 65
108949 50
1230 46
160567 61
73319 61
177185 70
130520 44
5220 52
121338 70
153386 70
50872 62
149566 70
145491 70
4890 52
129354 58
32243 70
84944 61
6402 70
1288 63
140133 70
119141 42
947 81
176621 70
4973 69
158398 70
69469 70
54503 57
141928 70
102481 68
90|11
1137 70
1144 70
581 89
81 72
892 80
1073 88
116 68
896 52
17 80
7 70
613 68
91|20
3013 70
6395 70
8147 70
7153 78
3360 66
2791 71
3897 68
1080 71
4850 67
3429 76
7000 59
2060 61
2916 70
1391 68
2100 49
318 82
2146 66
1225 71
1246 68
8501 61
92|5
2572 83
2114 87
1015 73
2454 78
1801 83
93|20
736 80
1917 80
552 78
1721 81
539 83
480 87
1372 83
368 82
2355 86
1923 86
2193 83
2006 81
339 84
1097 88
1591 72
260 95
2968 90
1676 84
593 94
558 76
94|12
231 49
377 63
367 57
364 70
288 49
19 46
10 61
586 52
590 65
380 63
589 72
318 79
95|20
18 81
4878 89
6979 78
4732 56
3019 90
5246 49
32 91
2952 79
1247 89
1198 92
5283 70
3361 84
1513 69
2009 76
539 74
122 67
1584 80
1240 87
4262 83
5349 76
96|16
527 80
1094 64
272 74
3819 89
150 81
2021 68
2571 83
1214 81
2058 62
1220 77
733 69
2340 57
1721 66
2396 76
367 63
1291 80
97|8
4701 76
4306 89
3578 90
4993 90
4963 85
4299 80
3981 68
4161 83
98|19
81845 85
8961 82
122912 76
5299 69
63992 60
187541 61
56152 80
134853 85
69644 62
6863 73
5618 86
56801 55
3499 82
134130 82
74789 65
82461 68
1258 83
88810 84
79132 79
99|11
318 101
161 85
420 68
592 84
196 67
122 67
145 75
150 89
316 81
236 77
588 86
100|20
497 79
296 71
1393 78
95 77
592 71
605 62
6059 75
28 86
2245 70
62 80
4308 72
1777 74
838 83
2125 84
1288 83
234 62
1197 89
2005 78
4014 71
4623 77
101|13
2580 77
3285 62
2723 64
2700 77
2908 77
2390 74
3175 71
2395 72
358 47
2702 59
3394 50
2997 80
2502 80
102|12
158 54
588 73
150 74
592 70
253 75
480 71
344 62
539 67
553 76
593 81
586 61
223 77
103|20
86014 70
1954 80
60040 68
1968 78
77206 70
2161 76
1732 89
81834 77
608 92
2384 57
4254 49
104 64
139642 66
56782 90
2096 72
101 83
6534 60
374 54
60069 81
30793 67
104|20
4740 70
743 51
5218 73
8643 67
1288 72
47997 67
468 63
76251 67
8533 77
4018 69
38038 69
1566 67
7361 73
6060 53
3034 65
1641 76
4641 65
108190 64
616 72
7034 67
105|20
4788 70
69685 70
95311 70
95313 70
110586 70
141816 70
141818 70
170597 70
172587 70
172793 70
173351 70
173535 70
6433 68
4974 63
70286 80
108981 70
95175 70
69122 82
1243 77
3916 84
106|7
69844 86
72998 81
59501 80
86880 77
5349 82
53125 83
59784 79
107|7
231 66
253 77
590 82
165 78
434 75
208 66
318 93
108|16
800 79
6022 61
4995 86
2585 78
5316 68
4975 74
3978 65
5349 72
2926 72
4246 77
4878 85
4994 75
1968 83
1684 67
497 83
5380 80
109|20
380 61
1033 66
231 57
364 70
589 67
480 63
62 62
31 56
587 67
1032 64
586 58
778 70
540 54
256 51
163 64
252 61
223 67
553 71
537 56
168 56
110|11
26171 59
2468 44
1198 76
1089 76
1222 75
1208 77
4881 71
47 73
527 79
1193 78
2428 43
111|20
100194 70
162602 70
171251 70
2145 65
96588 72
65088 57
66203 40
84772 63
2081 76
91529 79
6365 71
45666 57
3255 70
1282 71
6539 79
86833 70
122882 74
59143 66
86911 60
5283 68
112|13
788 55
161 72
1917 62
16 76
21 70
208 55
434 61
39 67
3717 64
19 52
110 80
32 78
70286 75
113|20
4083 70
39 58
3168 68
932 80
2331 54
3359 76
1086 78
3504 82
1339 69
904 81
3546 70
4063 45
4062 59
1077 77
1589 70
2475 65
3831 74
46 55
1733 82
4007 70
114|7
141718 70
54001 67
2291 65
167732 70
122886 66
8961 67
3147 70
115|20
1580 75
2804 79
1387 83
2792 69
3146 53
3273 50
3052 77
2841 75
2719 50
595 74
2700 79
383 65
2027 46
2148 68
2770 61
3785 64
2916 74
3175 73
588 79
1377 67
116|18
2716 65
858 68
1299 72
62383 56
1339 63
1276 75
597 67
1029 63
1101 62
2797 68
2657 60
1961 68
1407 59
5995 70
1704 79
165 69
2115 75
8360 67
117|20
708 63
587 69
589 72
151 63
36 69
1036 73
595 74
288 58
596 65
48 60
315 60
454 66
353 67
474 70
10 65
60 59
805 68
491 63
616 69
485 57
118|5
1221 81
1625 66
153 50
1961 71
1810 67
119|20
95441 77
117176 88
1092 73
91529 90
74458 87
4387 83
79132 93
168252 90
44022 80
78499 87
122904 88
106782 89
442 73
4993 89
31685 76
6365 79
141004 67
4148 67
88744 82
8644 78
120|5
260 84
32 80
5 56
631 52
52 72
121|12
497 68
440 63
161 67
527 77
292 61
344 54
186 51
316 58
1 69
19 49
163 63
337 70
122|20
27660 86
69784 82
7022 94
148652 74
4816 83
56174 84
94959 90
81591 88
71535 88
30810 85
2997 92
1732 95
108932 89
780 76
1090 91
3253 82
106782 94
72226 96
1200 95
1214 94
123|12
68554 67
115569 80
79132 79
109487 78
1196 81
4226 82
296 81
7153 80
143458 70
47 79
96829 76
2858 82
124|10
56145 78
2161 77
260 88
175 82
1358 79
6377 82
4226 86
3147 83
608 88
1223 89
125|20
5088 70
86721 70
110330 70
54503 80
72011 73
162578 81
119145 78
176371 81
55247 80
1240 78
86332 68
68157 89
112623 78
4082 57
160567 77
3342 70
109487 77
88140 70
98607 70
81562 74
126|8
364 74
349 69
231 50
380 67
410 55
300 63
253 63
457 77
127|5
2915 51
903 61
55276 54
5060 53
272 56
128|7
904 87
965 76
926 82
1066 85
1721 71
1080 77
1198 87
129|20
4370 75
480 76
3698 68
2692 82
2138 83
1968 78
8368 83
653 70
7143 81
316 69
6874 80
239 64
2916 74
733 76
4896 83
2028 85
3977 67
3000 82
1907 79
31658 85
130|6
208 60
316 66
292 68
110 80
590 73
296 84
131|14
2273 57
6947 60
58559 72
908 71
4878 68
89745 68
7256 67
68237 66
2722 45
2028 70
48516 72
3178 62
64614 69
969 69
132|20
6251 70
3275 66
4995 65
2987 54
7444 53
3262 54
4168 33
31658 65
44191 66
1089 64
3967 64
5502 52
50 68
58559 63
5992 62
2108 54
1844 64
2657 53
47 61
2470 51
133|7
454 54
356 68
589 67
150 65
153 46
380 57
527 66
134|7
442 65
595 77
349 73
380 70
367 66
509 72
296 88
135|20
592 71
4084 53
893 61
3994 67
2004 70
608 86
1358 79
3852 64
3489 68
1614 55
1198 84
4128 75
1883 61
2302 61
1291 78
410 60
1261 89
4022 68
4881 74
1077 80
136|20
161 69
193 49
585 61
338 62
277 57
380 69
181 43
337 78
437 50
165 68
611 57
151 73
340 67
252 70
432 57
552 66
350 73
280 77
273 59
150 77
137|20
6787 79
2716 76
1198 85
750 87
919 79
1270 80
318 89
150 75
2997 82
1200 78
6986 70
7153 82
1242 81
110 77
33493 63
1197 87
2959 85
1237 87
903 81
7762 81
138|5
2707 61
1960 72
1959 73
849 54
3996 70
139|20
4025 35
7445 43
60684 51
4865 42
68319 28
7090 48
5502 40
260 53
8371 35
53953 32
58025 32
106782 44
6957 38
7163 22
3827 33
3624 35
52722 33
54259 41
4367 32
115617 49
140|20
5699 70
5299 69
1393 74
356 73
609 61
32596 61
4795 66
34072 64
1617 73
5256 49
5943 53
1084 73
4337 70
3108 67
43396 76
4719 57
1005 43
4321 64
5812 71
4259 66
141|20
5418 71
54503 69
4963 73
2478 60
71535 72
317 59
68954 72
54286 70
6365 65
54272 66
4447 58
5502 62
6377 75
6373 63
1265 70
91529 74
2502 73
441 72
1517 68
48516 77
142|8
434 64
384 73
588 74
50 82
527 84
356 81
337 75
377 72
143|15
1721 71
61250 51
6942 76
7169 71
8533 70
106696 67
3421 67
87232 68
78316 63
69069 68
59421 52
2144 63
96821 70
7173 54
500 68
144|20
589 71
541 78
8368 77
597 67
590 72
410 60
1246 75
527 79
356 79
500 64
19 51
2700 71
434 60
733 70
780 63
1036 73
5377 76
552 62
586 57
2081 70
145|5
344 55
339 62
380 63
318 85
588 69
146|7
7293 65
3257 59
32 70
1367 52
3686 54
410 54
47610 70
147|5
1234 82
168 65
552 67
555 78
2395 67
148|10
88125 70
5618 77
108932 71
81847 74
72998 67
5816 69
8368 72
7153 73
81834 75
4993 73
149|12
1097 58
1374 56
1831 37
1527 56
260 64
173 38
1206 64
1200 66
2021 56
1580 56
1391 45
1375 45
150|6
3 67
1356 74
5 61
95 62
733 71
1073 75
151|12
786 77
562 83
780 82
837 75
747 66
1265 87
828 74
1073 83
1 88
648 79
1393 84
1359 66
152|13
50 80
2959 83
116897 81
89492 71
1193 81
69481 75
85774 68
115713 73
111 77
92259 81
1234 76
79132 78
318 86
153|20
134853 51
1732 57
8533 40
4014 39
81456 32
106782 51
8528 40
6863 38
87194 27
2617 15
1246 57
106100 42
1954 36
7458 31
4226 53
89904 52
72998 32
133780 70
586 28
36535 48
154|7
114662 80
119145 88
81834 93
122904 85
106072 78
76093 92
77561 81
155|10
153 65
3286 40
1200 76
260 81
141 71
2355 74
2384 66
2948 74
432 60
2959 79
156|20
26313 70
31038 70
1230 77
1711 65
3341 75
6296 74
762 42
2361 66
2076 74
4784 59
661 68
2926 68
8571 70
47 78
3176 68
58 78
848 61
866 76
1485 59
923 80
157|5
785 65
3617 63
2720 40
2770 59
527 83
158|6
1093 69
2605 65
2872 73
2723 69
2428 60
66320 70
159|20
2959 61
60069 69
45720 66
597 68
4022 64
89864 67
49286 64
140110 69
84954 63
4447 66
1197 78
68954 71
6942 76
1961 65
106696 69
480 68
539 67
166643 65
40819 69
63082 75
160|20
126 33
1371 44
1198 71
196 39
3408 58
5349 50
3213 70
2408 42
839 41
3593 36
2748 24
533 51
1975 38
1676 63
3745 60
2011 50
733 53
3826 34
778 81
2840 33
161|8
4980 63
7247 70
47610 74
1223 85
38038 76
3429 83
2144 74
2336 73
162|8
150 86
225 80
168 69
50 96
300 81
266 74
31 74
62 79
163|5
1608 60
1810 66
1747 63
1777 63
1837 50
164|8
1036 83
2916 76
110 81
589 83
3527 80
1101 76
1201 84
2167 75
165|13
2353 66
3624 62
110 71
5505 64
5527 67
3256 69
5956 63
5418 69
5530 46
5450 64
1127 64
3409 55
5881 55
166|20
33794 81
1721 72
4011 86
5378 74
3481 80
49530 80
2353 77
47644 69
54272 77
8961 83
1198 88
2542 87
1036 79
608 83
434 66
5219 69
5418 79
2396 82
349 76
2324 83
167|20
33493 62
4886 73
778 75
3052 63
7147 70
6857 66
45501 55
6480 70
1682 71
2231 67
784 53
33794 70
2083 71
2413 66
6333 67
8961 76
2139 69
150 68
6773 69
35836 64
168|19
3730 90
1248 96
1201 93
1089 92
296 93
923 91
1222 90
5291 80
3543 83
1302 81
3362 89
1148 89
3101 70
57669 92
2076 84
1729 80
908 90
85354 68
80463 87
169|20
3536 80
2028 93
364 91
953 93
4886 89
5400 77
8644 83
524 83
2795 85
1022 86
3114 85
3967 93
1517 83
1035 91
8641 84
6365 84
661 76
457 93
3287 59
1416 82
170|10
318 81
296 73
586 59
377 63
34 63
592 61
277 53
500 61
266 59
588 67
171|17
485 78
1220 89
1025 88
801 76
1259 92
1079 92
828 77
317 79
869 87
380 83
1136 93
1225 93
661 78
318 101
47 93
1198 97
1208 96
172|6
3087 66
3578 76
7438 77
2072 62
3793 72
2762 72
173|5
10 67
329 65
586 60
597 69
588 74
174|14
553 77
520 64
224 71
648 73
161 76
317 73
158 66
780 75
315 68
485 65
282 66
440 72
350 74
10 75
175|5
531 68
8911 70
43904 44
38388 69
8362 70
176|8
165 75
434 71
39 77
368 76
380 77
780 79
47 82
471 75
177|20
42002 63
91542 71
6332 73
3668 75
45672 59
783 68
27706 56
2657 57
114662 63
1206 70
83132 73
5218 71
508 65
3114 54
1321 59
2176 76
8798 67
88140 64
2012 59
339 67
178|16
7361 86
527 85
2329 85
5995 81
6502 78
4235 82
1198 86
208 56
6539 77
296 92
349 73
10 69
4226 86
1240 77
2579 75
318 92
179|14
367 71
589 80
161 80
231 65
288 68
743 55
1061 79
317 73
786 69
592 70
671 73
296 80
434 68
364 83
180|5
1261 78
260 78
1748 73
1242 73
2140 66
181|20
157 57
593 66
596 55
353 57
539 66
516 59
132 59
169 39
25 58
31 59
542 48
6 67
707 48
185 54
464 49
502 40
415 50
480 69
592 54
344 49
182|20
4879 70
6969 70
3911 81
2728 75
4313 66
8042 85
1291 72
3113 50
3578 65
1590 59
161 67
4452 58
224 68
4980 66
4262 75
2353 54
2890 62
1127 68
541 93
6041 68
183|12
480 74
380 67
1196 82
2951 74
2534 50
4085 68
1287 77
2194 74
3247 60
1233 81
2662 66
1408 78
184|20
158035 70
181413 70
193565 70
97304 80
74754 56
168250 71
191005 70
106072 67
166291 76
127152 82
86332 69
80463 83
5816 76
122898 57
81845 84
5810 65
170813 61
174479 70
112852 87
148626 80
185|10
1685 70
2396 73
5377 77
1721 63
5952 75
1393 68
595 73
2085 64
4995 78
899 77
186|20
2605 74
1214 83
1291 89
3745 76
1269 83
2527 74
2532 69
4361 74
1307 79
2968 81
4306 87
2541 80
1702 70
480 86
1097 81
3977 69
919 82
3527 83
593 84
1196 87
187|20
26122 70
3949 75
49272 71
231 50
1206 81
6874 87
1729 71
1209 81
48394 74
6502 68
2701 41
4027 79
288 71
2542 82
7153 75
39427 35
6890 72
1222 81
8949 75
1748 77
188|10
2346 80
1212 93
594 84
1282 85
3469 83
2396 87
1091 68
3341 89
1264 80
2206 91
189|5
48516 80
4993 78
79132 76
2959 81
58559 79
190|14
6711 83
4776 75
8784 78
4995 81
5630 69
4306 78
30749 77
1221 84
4975 70
8961 81
858 82
8464 77
69844 79
7438 81
191|17
496 70
21 72
72 65
175 85
494 67
417 78
17 72
6 77
85 73
292 69
314 75
58 79
235 77
213 65
161 74
160 50
162 78
192|5
356 87
288 68
316 70
349 80
432 71
193|7
44555 76
55442 71
4878 67
6016 73
307 66
1270 70
5618 76
194|5
163 72
1396 71
1500 72
1288 82
5060 75
195|20
3424 76
2770 50
1041 81
1653 76
1923 65
3160 69
4723 43
1863 43
2336 72
2166 53
4308 64
1909 58
260 82
2028 85
3252 67
2908 66
1392 65
1365 64
70 70
190 69
196|7
70286 71
3578 75
59315 75
58559 80
364 81
1214 71
110 73
197|7
1513 64
1240 82
1882 50
786 67
2167 67
153 61
1784 74
198|20
3894 70
3499 70
920 66
1213 80
3949 75
1994 73
1485 62
2572 62
4019 67
1089 84
110 79
593 78
4128 67
1270 75
4886 71
1079 75
2117 70
912 80
1573 69
1682 68
199|20
5464 64
2165 67
2280 43
736 45
5673 74
349 59
5502 64
482 72
8532 70
1172 70
300 64
50068 70
4881 70
3175 63
7445 54
2973 72
34338 59
41997 69
1956 72
377 59
200|20
3809 69
7022 78
50802 66
3968 70
2485 65
500 71
5610 55
590 76
1029 65
53996 68
2572 78
4993 84
4041 70
57640 80
1302 73
1784 72
6383 57
1653 79
1569 75
1517 76
201|20
1748 83
1527 81
1584 81
2858 91
339 77
589 89
2717 68
994 88
788 67
1196 89
2797 87
733 78
1259 89
2174 83
1198 92
2455 76
1569 76
1213 90
160 63
24 73
202|20
3329 70
924 80
29 78
2289 78
1197 86
1196 82
2966 80
161 74
608 87
1209 87
1296 75
3194 69
1784 76
469 72
923 82
2000 72
1587 70
1719 85
3147 81
32 81
203|9
56174 74
8665 77
2407 67
5952 82
590 77
49272 81
40815 77
333 77
296 79
204|17
1136 86
3949 82
33794 82
48394 79
27075 70
1080 78
79008 76
6104 85
8874 82
81591 76
4878 82
91658 78
711 53
2313 76
86320 73
55820 84
5218 74
205|6
912 80
99114 74
91542 72
5816 73
95167 68
96079 77
206|5
36 82
608 92
733 78
140 75
141 77
207|5
2991 69
2428 40
2707 55
3740 73
100 47
208|6
1210 78
2628 59
380 62
2353 61
2278 66
2762 73
209|7
60684 79
1291 83
68157 85
74458 82
185029 82
122886 76
88125 75
210|20
123553 70
34405 88
166203 70
3147 88
31696 74
7649 71
58559 89
2105 74
6365 81
34397 70
4625 58
84772 81
122926 86
76093 89
62836 70
33493 78
1584 83
47610 82
108932 81
122918 86
211|18
58559 85
63113 73
90405 69
57669 86
60684 80
7153 81
73017 75
2105 68
4367 64
356 85
2642 54
1556 44
318 92
44665 77
85414 74
1198 86
1136 82
260 83
212|20
170697 65
122920 65
122892 62
2571 70
5218 69
48394 68
3578 74
1196 72
135143 64
74795 63
179401 61
79132 73
77800 73
108932 67
110102 69
96821 71
8874 69
65261 73
59784 61
2291 67
213|17
3285 66
87520 60
80363 64
76251 78
8957 68
2860 66
1234 84
5419 70
51935 78
69844 83
39446 64
4132 59
858 85
69526 60
4558 60
49530 80
58559 86
214|5
83 70
628 59
743 42
1363 55
802 57
215|20
1172 78
4973 84
63082 83
1291 79
2028 80
3252 74
3210 67
1968 71
1247 77
49272 77
1089 81
72407 54
5650 75
318 91
1208 80
2000 71
1197 87
1196 82
1297 72
4019 77
216|20
104 59
21 74
3996 75
3946 54
2946 62
3993 63
3897 71
2599 75
34 69
3994 64
4034 77
3363 69
1965 71
3422 68
3555 64
3253 63
2087 69
3986 53
2018 67
1923 65
217|20
1867 70
3434 70
1275 66
2468 45
3197 53
1912 67
2302 51
1876 53
380 64
1221 61
2471 57
1918 67
1385 55
3165 63
1590 47
1562 49
1703 54
2056 70
1831 52
160 55
218|6
2657 63
2692 70
1380 59
1198 75
6934 55
5349 61
219|20
60072 50
2115 68
59315 70
6539 67
442 53
30707 76
1704 77
180 70
1219 75
1005 39
27773 80
56156 53
6188 67
6721 65
30825 58
2997 76
1552 49
1500 59
2890 66
1921 75
220|20
3996 82
733 77
1198 91
3994 75
6539 83
1258 84
1917 64
4545 74
33794 81
165 80
71264 77
4623 75
53464 53
5218 79
6365 76
3751 77
32 84
1036 82
5502 73
1591 61
221|20
4338 70
7013 83
8529 69
1080 79
3246 83
2871 84
1208 86
7063 88
2702 64
4029 78
5954 77
2352 73
922 88
2997 85
1278 83
2858 83
1212 86
1959 79
1961 78
3671 80
222|20
81831 70
100498 43
48516 74
1249 69
99813 74
91529 68
59900 50
93287 67
1721 54
2706 64
3273 44
2411 54
64622 65
7143 65
87869 64
778 70
30825 54
42011 43
673 54
64839 66
223|15
55854 70
6711 69
1 68
736 54
1961 63
457 70
2716 60
48394 62
608 67
8784 63
48516 71
3863 56
4306 69
260 68
2683 48
224|11
3496 70
3044 78
356 85
2915 77
289 67
3668 81
1270 83
2797 80
1721 74
2716 78
1259 88
225|15
2423 76
1285 74
588 74
1717 63
2791 77
1321 76
1136 79
1197 82
1753 74
2004 72
2371 69
1407 66
785 68
1060 73
3024 70
226|20
6938 70
32666 70
3552 78
542 54
1240 82
3098 70
2804 77
3668 74
3653 74
2231 73
145 63
2253 49
3052 69
2628 64
762 42
53129 78
4816 75
16 79
2144 80
46948 55
227|19
46976 79
52319 75
81845 82
109487 82
134130 84
215 81
48738 84
47099 82
1196 83
32587 81
912 87
55721 87
1682 80
750 87
778 83
40629 74
97913 77
70286 78
150 78
228|5
2571 83
1373 64
362 73
318 88
3113 64
229|13
34 73
589 76
377 76
45 72
587 74
5 66
475 84
442 69
597 75
364 81
213 68
110 78
527 81
230|20
34330 70
52715 70
47 65
7438 61
527 57
3147 66
45499 55
6537 55
2291 58
1387 60
6863 58
1485 54
595 59
4022 57
2096 52
588 60
4034 64
1676 54
8644 57
2641 47
231|5
92259 77
858 76
593 74
1198 78
109487 73
232|20
31867 70
41769 70
57526 70
70336 51
8644 74
1586 59
44972 47
4019 75
43928 40
30883 35
65802 53
8376 57
39292 69
1035 72
66198 58
66097 73
32011 49
6564 54
7451 73
33164 41
233|20
48394 66
3751 63
48516 74
1721 55
356 73
106100 65
162600 57
608 77
7153 71
134214 63
57669 75
122920 61
2329 74
4239 68
7371 72
3977 38
3147 69
3948 60
49272 68
5418 65
234|20
2616 67
2140 73
172 62
126 55
1562 61
4519 76
153 64
2710 57
3624 68
3483 72
1391 62
438 71
1460 73
2987 75
65 57
260 82
1359 62
3175 74
588 80
2080 75
235|13
480 73
736 61
500 68
454 67
592 66
235 68
595 75
32 78
527 81
648 67
223 72
588 74
377 69
236|30
1214 70
1278 70
1345 70
1350 70
1387 70
1388 70
1982 70
1997 70
1998 70
2447 70
2459 70
2490 70
2496 70
2502 70
2505 70
2542 70
2572 70
2580 70
2596 70
2598 70
2606 70
2657 70
2683 70
2694 70
2718 70
2770 70
2806 70
2858 70
3024 70
3052 70
237|10
32 71
4254 37
94959 65
293 70
1371 53
1193 73
7361 72
7980 68
43936 52
1374 66
238|9
4954 77
3528 75
4265 61
4901 73
4238 73
593 85
4499 81
4957 56
1193 83
239|20
58559 86
5459 68
4085 72
380 74
95 63
7445 78
608 82
7147 79
6378 79
2115 81
4896 80
36529 76
3994 76
33679 76
47 86
590 83
4022 76
208 64
733 76
51662 83
240|20
368 77
543 74
480 85
367 78
810 53
500 81
546 59
110 83
173 65
1 88
542 71
104 76
34 79
174 68
204 67
225 82
383 74
262 86
434 76
420 72
241|16
81786 70
71899 79
527 77
1206 74
1193 77
99114 72
100714 59
8981 71
53123 79
116897 80
56367 74
3910 72
106782 75
115569 75
4235 78
48780 75
242|7
39 64
380 65
231 63
457 73
592 70
454 66
111 82
243|8
112 77
353 83
62 84
588 85
193 65
586 76
181 61
376 77
244|19
3090 80
1049 67
110 80
257 71
165 72
151 68
1090 76
3755 68
2278 71
648 67
1580 72
1957 79
1610 76
1196 82
3256 74
1573 68
1242 82
3753 69
2243 70
245|5
3196 52
2739 58
3114 53
3274 43
1361 56
246|20
1304 82
616 77
1680 85
6016 90
3081 75
44191 87
60684 85
4973 88
1732 80
1298 82
53125 80
2291 84
2692 85
293 85
4011 91
5013 85
60069 87
48082 85
82202 68
95167 81
247|20
48516 77
593 75
2858 73
49272 74
1961 68
44191 76
527 73
116797 72
68358 69
122886 71
480 68
223 71
1265 70
2078 67
1198 80
1682 69
6377 72
1089 75
953 71
919 68
248|11
4886 78
1198 83
166528 77
176371 76
316 62
147374 71
102903 73
189333 77
122912 75
58559 81
5218 74
249|20
110350 70
102903 73
2167 77
94959 78
84601 69
2395 71
97306 72
3408 77
89047 70
91500 71
91542 76
40815 79
69844 75
904 83
46723 75
3826 63
68791 74
88812 68
67695 67
50 86
250|6
1282 85
2407 72
318 100
1597 70
1246 91
8880 80
251|5
142115 96
293 90
356 91
318 100
1089 94
252|8
164179 81
89745 82
6377 87
164909 77
1682 81
166643 77
143355 74
78499 85
253|10
44555 90
916 90
608 90
2300 82
7099 85
4217 82
26366 70
1192 91
4642 89
3363 80
254|20
46578 80
44195 80
207 69
49278 69
6333 72
780 61
110 79
1210 79
49272 77
27846 79
32587 76
2571 82
44929 76
47 78
293 78
1580 66
5995 80
32 82
592 67
48394 78
255|9
1270 63
4467 60
2023 52
3501 40
1663 57
1394 57
3392 45
2542 59
2915 52
256|20
3247 66
88744 77
377 82
4973 81
53972 75
118696 72
95441 75
104841 78
71535 82
2953 64
81229 79
53121 70
30707 82
2571 87
68791 77
170 73
6942 86
90405 71
6537 73
33493 76
257|5
1500 65
594 67
2502 74
494 66
2406 65
258|5
4995 81
7147 80
72641 71
76093 78
47099 81
259|6
508 66
5945 54
1784 62
4886 68
1356 61
1584 63
260|20
7361 72
3556 72
162 78
903 75
5690 78
6337 69
4878 75
5617 79
342 66
5219 63
2997 73
8011 74
1206 73
3317 75
6709 62
8874 74
2348 73
3822 70
2959 83
8645 77
261|11
3897 74
16 76
2060 65
296 84
2723 65
1682 72
4085 66
2194 73
7361 78
4238 66
58559 80
262|12
708 60
539 58
457 68
322 59
339 57
85 61
26 66
17 65
213 52
273 52
593 74
728 61
263|20
223 72
150 77
500 68
2987 66
2953 51
110 76
4226 80
8370 76
1197 83
7458 69
708 68
1111 77
2125 71
6942 77
5013 75
163 68
457 76
8636 73
1967 72
2085 67
264|12
7841 87
1376 74
151 71
5816 79
1907 74
1320 60
1917 67
150 79
3578 79
1090 71
253 67
1876 63
265|20
3807 70
316 64
253 67
1302 71
724 59
1240 77
3504 77
230 66
3831 72
1956 72
3098 72
529 72
1270 77
3791 63
1177 76
2322 57
1488 59
2474 66
1198 84
1962 69
266|20
476 70
2812 70
2700 81
2278 64
24 57
2770 50
2702 46
64 35
1405 50
2580 75
1527 80
2167 56
457 71
1580 58
2300 77
1923 71
2094 52
132 61
2571 80
2097 46
267|12
2858 84
593 87
1175 89
3006 82
1302 80
3999 62
3113 71
1093 76
589 87
2571 89
923 83
3996 82
268|20
1641 70
587 61
1125 60
1911 44
2802 60
1036 65
1370 58
50 82
2064 76
1784 60
1912 68
1966 60
454 58
1234 71
2247 62
1394 75
2829 53
802 57
260 66
2858 81
269|6
724 67
743 53
95 64
1 78
63 60
648 68
270|8
661 55
62 64
79 42
628 62
14 64
1356 68
141 62
25 63
271|9
3897 66
32 72
2791 67
969 71
6787 68
2858 71
55765 66
1320 56
2288 68
272|7
177765 68
1240 75
51662 71
122922 71
49272 76
158238 73
6365 67
273|11
440 77
593 88
500 77
608 90
223 84
111 85
150 85
21 80
466 69
235 81
520 74
274|20
50147 70
2947 67
3037 66
1645 62
4951 58
2036 55
1359 60
35957 62
553 72
76293 57
3918 68
1503 51
45431 61
4816 71
54999 64
5667 70
4876 49
56805 70
1921 74
54004 58
275|20
1784 67
2289 88
5884 70
1171 78
357 89
1912 83
2539 79
235 76
4886 75
2572 75
2355 74
3253 72
1192 92
926 82
111 87
2100 75
3089 86
1393 74
1719 91
1392 71
276|9
673 76
356 96
466 77
104 80
631 70
648 84
2 83
1367 79
344 80
277|6
637 68
736 70
656 67
1 85
780 74
260 86
278|5
2371 70
1347 68
4002 77
318 96
2369 64
279|20
134130 72
1101 64
166528 71
90405 61
61132 69
79132 73
56782 80
97913 70
1608 61
4226 79
59315 68
88129 72
54286 68
1258 78
8665 67
58559 77
4993 77
8376 61
107406 66
1200 78
280|20
92535 80
344 61
262 83
3146 53
4239 79
4447 75
8638 83
919 82
72641 76
86817 64
8368 85
49530 79
6863 76
35836 76
55052 79
54503 81
4246 82
48516 83
1911 63
3916 80
281|5
46578 72
8361 53
35836 65
3897 71
3861 53
282|20
5995 83
3977 61
3263 71
25 75
6708 77
2683 70
4718 69
6711 87
5481 69
6863 74
5669 79
3752 71
588 80
80463 85
1921 80
1193 89
4369 65
48322 85
1194 85
784 67
283|7
1580 63
39 61
1704 75
356 75
586 58
2082 55
805 64
284|18
474 79
173 60
2 70
296 86
15 72
348 77
248 65
318 94
47 83
353 75
275 49
44 60
339 74
367 72
276 69
165 75
637 66
235 73
285|8
1193 83
949 72
1247 80
6978 60
113207 70
4447 63
441 76
296 79
286|20
454 69
778 79
5989 81
1333 75
165 73
500 63
7438 80
2294 67
4993 81
4995 80
7361 83
70 74
4980 66
1258 81
4963 79
1097 71
4848 79
539 67
377 69
110 78
287|20
3160 65
3578 56
223 67
2633 51
1059 60
586 43
3005 16
532 44
1193 81
2599 62
2028 61
1485 30
3826 17
2081 53
8949 58
2012 59
101 66
4034 57
2422 20
2115 53
288|20
4473 70
4966 70
1008 70
2867 62
42015 58
141 63
2571 74
13 64
53519 63
2407 59
5418 66
3916 51
2347 52
2528 53
30810 68
575 38
32587 73
587 48
2517 47
8361 56
289|24
3 70
16 70
235 70
266 70
594 70
708 70
750 70
1080 70
1101 70
1208 70
1220 70
1258 70
1917 70
2012 70
2174 70
2710 70
2797 70
4322 70
6125 70
6327 70
6453 70
7025 70
7028 70
26704 70
290|20
1228 86
1299 81
2494 82
2739 86
608 89
2130 76
908 88
341 70
1447 71
342 69
1056 67
1719 90
953 87
928 88
1394 84
2648 76
475 88
2731 87
1357 84
2385 56
291|7
40815 87
122892 82
106489 79
134853 87
7153 87
88125 90
1 85
292|20
520 55
103339 69
122900 70
4896 76
2291 67
474 73
85056 64
46972 58
95167 67
164909 62
3176 59
3476 66
1608 70
31221 39
1101 77
3985 62
3984 70
1017 64
69844 77
231 55
293|5
1682 59
1673 66
344 47
1617 63
1097 57
294|20
416 33
3869 57
1064 61
2794 44
610 59
2133 48
1391 57
3868 61
1129 57
520 50
3387 36
355 26
2378 48
3693 40
785 41
2193 56
2367 52
2458 36
348 57
3501 45
295|9
1221 84
3198 72
1287 76
1213 81
4351 65
1198 79
858 84
318 88
2329 82
296|6
160848 70
2028 82
169034 70
4144 80
50 86
2324 85
297|15
832 45
543 51
1645 52
111 68
454 50
1089 67
6 62
1249 64
1047 48
1370 50
1488 44
150 54
170 51
1092 51
866 65
298|20
57640 55
95510 41
6811 47
8370 55
8807 52
63131 41
6881 41
3785 25
122900 54
103042 34
6294 16
2167 51
2005 63
6006 38
653 26
55995 27
3018 52
69757 44
103772 43
3825 16
299|5
3793 77
1387 80
188 71
1198 84
1214 79
300|32
318 70
356 70
527 70
593 70
1172 70
1704 70
2028 70
2324 70
2329 70
2571 70
2762 70
2858 70
2959 70
4848 70
4973 70
5995 70
6016 70
6711 70
7361 70
8950 70
48394 70
56174 70
63082 70
79132 70
81591 70
92259 70
99114 70
109487 70
112183 70
112290 70
112552 70
112556 70
301|20
21 65
357 62
2490 63
6711 75
589 66
8949 65
837 59
3948 64
364 70
527 74
5989 70
4963 68
608 79
292 56
3578 71
3897 74
4226 77
3753 56
1393 61
1792 53
302|7
480 74
14 75
3 69
25 74
648 72
707 66
110 84
303|11
5378 63
3703 84
1127 69
5544 72
1196 83
3471 71
1580 76
1394 75
2683 57
920 71
1358 68
304|20
314 82
2571 83
2433 65
10 75
1376 82
480 81
1373 64
1777 72
1270 86
1517 74
151 73
356 80
208 63
474 79
1214 83
1375 75
640 59
1722 73
185 64
2701 56
305|20
74624 70
140627 70
87869 72
919 76
1197 84
106100 78
138210 69
788 61
7482 79
80590 65
103075 69
903 78
6537 71
93840 80
54736 80
592 69
2288 79
58803 70
55276 80
1272 85
306|20
5784 52
68954 74
69644 49
6377 72
95543 59
81847 74
111743 59
85367 63
168418 67
167018 66
72998 64
122904 63
69406 61
85788 48
4963 67
115664 62
134368 63
112852 75
161634 59
133419 65
307|20
2190 70
4181 70
31424 70
49314 70
5010 47
7845 41
3392 53
1220 53
6793 29
6483 14
2332 23
56003 43
1991 48
3273 32
4876 34
3421 59
1409 36
413 37
4447 46
52867 70
308|20
2959 39
45517 44
96821 53
72998 44
318 55
2 40
904 55
589 45
8961 51
56152 45
56367 49
5618 47
36 43
410 33
79132 49
4993 46
8464 48
1221 46
2248 46
6 42
309|20
2202 77
1645 64
898 84
1682 68
296 77
1089 79
1269 74
7153 75
6947 67
8340 70
1104 87
7218 70
25886 74
1219 76
8154 77
971 75
1944 74
6365 59
1262 80
2762 70
310|13
6863 67
6947 69
1101 66
6503 50
2524 71
2457 65
5899 65
733 69
246 82
3254 56
1223 84
1080 77
2671 69
311|6
6561 70
5992 47
1517 44
6461 48
1407 37
2706 42
312|20
5816 70
1375 64
3499 77
589 80
2454 65
1358 76
4878 82
4103 77
3793 69
2028 80
1371 63
4121 63
2366 76
2747 51
4105 72
5446 68
2699 55
2529 77
1350 76
1356 75
313|20
4980 56
170 70
3917 74
2455 64
5544 72
541 71
2193 64
2000 69
6 76
1968 67
1089 75
1301 73
1240 75
3175 60
4865 65
2005 61
2167 65
1375 51
2087 67
2530 66
314|20
7 56
1042 54
44 41
165 58
457 72
293 67
597 58
329 57
442 49
26 65
830 58
728 60
618 70
107 55
536 43
10 58
1376 64
153 52
208 45
150 67
315|7
1262 71
2729 63
2529 68
2067 72
2553 58
909 66
902 68
316|11
1748 66
253 61
3968 52
158 45
5445 63
3751 59
7438 67
6874 69
48 53
3882 49
2572 63
317|20
133115 70
73321 59
91529 74
74545 67
7445 61
1213 80
48774 75
4262 74
1884 78
5989 71
3578 75
4011 79
68358 70
1208 80
72011 67
3897 72
3499 71
96829 69
116797 74
56782 80
318|20
26713 70
81191 70
90245 70
111817 70
127180 70
145080 70
150696 70
7445 72
1090 64
116799 70
82459 66
48385 59
2294 65
64839 72
88125 75
109487 69
4021 79
33794 70
54286 71
89753 74
319|7
115617 84
6377 88
356 91
136864 61
1221 91
122904 83
110 89
320|5
72998 62
71535 70
31184 66
59315 67
1013 62
321|12
587 73
356 81
160 67
592 70
597 73
780 77
339 74
355 59
410 66
3 70
500 73
457 80
322|20
2882 40
1968 66
2542 73
58559 74
2788 70
2146 62
2617 59
2918 66
778 71
2599 62
4027 64
4993 70
1230 64
51540 66
1 69
1617 71
1923 66
4010 54
11 68
1035 71
323|20
377 63
480 63
356 72
1094 57
161 63
115569 68
1198 76
29 65
551 63
22 58
318 77
112183 57
253 58
111659 50
3257 52
260 74
150 70
329 59
342 54
266 55
324|5
2764 76
3972 68
3864 32
3949 72
3897 69
325|20
2848 70
235 76
2986 51
262 69
1573 62
2596 64
1584 63
1217 78
1676 72
4714 36
3770 50
3261 60
2894 70
2155 66
1279 77
1614 52
3994 64
2268 66
2915 65
5008 81
326|20
8665 74
47610 79
20 45
2858 80
86882 79
5418 74
4973 86
133771 73
48774 79
2324 83
1293 82
2692 79
72605 63
70159 62
54286 72
5446 70
6591 85
4226 83
105844 78
31410 79
327|10
3301 82
150 87
858 87
1923 87
51255 87
48516 91
1304 85
765 75
6888 64
2706 85
328|20
2687 56
112852 65
70286 61
1196 77
457 65
364 63
80463 69
3489 57
318 81
595 65
5349 60
2542 74
1219 67
35836 55
3751 64
79091 63
7153 76
596 55
2398 65
1148 75
329|5
130482 70
136850 70
858 50
1884 48
750 57
330|20
5378 57
316 54
1639 74
2918 71
919 70
3949 80
3535 78
5349 67
380 61
1676 64
2502 78
3703 78
1682 75
2683 66
1206 83
1721 58
2791 72
2081 67
8874 79
592 71
331|20
8874 80
6157 50
88125 66
6539 68
3897 77
4446 65
7361 85
50872 72
4995 75
4306 68
6874 86
5502 62
3911 74
608 85
4447 55
593 82
3751 72
8665 67
4367 56
2959 88
332|20
47 76
1653 76
1258 74
316 57
8983 74
431 72
97757 70
2291 74
1835 66
356 79
5502 68
4308 68
1203 76
1682 75
1249 75
76251 71
2905 73
318 86
2294 63
32 76
333|5
3785 44
3752 51
3616 54
3615 44
3646 27
334|20
55820 67
1196 72
1580 61
1291 71
3996 64
589 67
30810 59
4027 67
1 68
64957 62
1625 65
50601 52
44195 72
27416 66
6867 71
2997 67
293 68
480 64
5378 57
51935 64
335|6
780 58
592 72
356 82
296 86
2699 57
2001 64
336|12
1267 88
1 87
38798 73
33660 88
1784 81
2001 73
2268 82
293 86
1625 79
4886 85
50 90
150 84
337|16
318 96
47 86
16 87
805 87
1393 88
266 79
667 64
168 80
784 72
65 70
110 86
708 83
25 78
1356 90
277 76
786 85
338|8
189111 70
190207 70
190215 70
190219 70
7153 68
593 70
187541 36
185029 65
339|20
72641 75
5445 80
84152 85
96079 77
106072 73
69122 79
5617 84
41285 77
56869 70
48322 82
65216 81
91630 79
86504 85
91529 80
83613 67
4993 86
3470 87
102407 74
2028 86
5952 83
340|28
10 70
110 70
150 70
153 70
161 70
165 70
185 70
208 70
253 70
288 70
292 70
296 70
316 70
318 70
329 70
344 70
349 70
356 70
454 70
457 70
480 70
589 70
590 70
592 70
595 70
648 70
780 70
1356 70
341|11
2335 70
3624 72
130087 68
1370 73
135137 63
117529 70
5459 66
45672 68
1 80
47099 80
4025 64
342|14
2683 53
2598 58
2881 56
2369 54
1268 64
2605 54
2599 64
1198 76
3157 50
3826 49
2428 50
2827 48
3863 57
1959 72
343|12
858 84
3000 79
48394 75
4226 80
4878 80
3993 71
2571 82
1617 83
31658 81
55363 84
55820 80
296 78
344|14
111362 77
380 70
316 65
2628 68
4226 77
2571 78
4014 72
2012 69
4034 75
260 78
2541 70
4973 81
5418 71
2712 67
345|13
1019 78
2539 64
926 80
5902 76
8810 62
344 59
5707 64
2366 72
56949 65
3649 56
6658 60
3489 73
412 71
346|20
3174 62
778 75
608 82
6711 76
6286 71
306 76
7323 68
307 72
3535 70
1212 80
357 68
3949 76
714 70
7937 79
7396 77
5878 78
1120 67
1131 76
3627 76
7115 63
347|9
434 62
590 72
39 68
150 76
454 70
380 71
587 71
317 66
457 77
348|11
318 100
2324 93
4368 64
1213 95
6016 92
2959 95
6893 89
4973 96
1221 94
1960 87
2019 96
349|8
10 73
161 77
589 77
381 71
349 72
231 63
588 75
509 70
350|8
852 63
7 59
637 57
648 66
733 68
12 44
858 76
661 60
351|20
88932 70
87222 62
73344 80
52579 57
2231 74
88744 70
43836 56
79132 78
597 67
58559 80
12 42
8914 72
8950 76
63082 78
6214 77
90376 72
84152 79
480 69
4878 75
1193 80
352|20
72998 73
71745 61
1801 75
34319 70
2600 80
65682 74
1080 75
79695 63
110730 50
38038 77
130490 68
97752 72
1214 78
94864 68
41566 71
56587 73
44191 87
114935 75
59315 81
47610 80
353|18
552 63
25 73
267 59
216 74
367 66
288 70
144 69
186 55
333 73
266 66
112 66
198 74
234 55
145 64
293 81
158 54
163 74
296 92
354|20
1610 75
4306 80
2692 77
3147 83
47 82
903 76
733 73
3977 58
1225 79
35836 72
648 72
44191 80
8665 76
1917 66
7147 76
1923 72
589 79
2959 84
4718 65
1196 83
355|6
316 68
1580 74
3035 89
3175 75
317 70
916 90
356|20
2248 79
52435 84
52975 73
7122 70
44889 70
1641 82
2706 75
4011 89
802 72
7323 73
2502 84
56367 79
1223 88
55118 83
3949 84
3996 83
1246 84
1466 79
223 80
7153 87
357|20
4354 70
8998 70
27329 70
2804 78
595 83
529 77
4663 68
4091 71
1224 81
1242 80
34 73
208 60
58559 81
6296 78
30793 71
1042 74
2100 69
551 76
471 75
2067 86
358|9
26095 70
605 58
5066 73
52328 77
2226 70
42728 66
7361 76
69844 76
36525 47
359|15
405 37
1092 56
1101 64
51412 52
648 61
296 67
1097 71
2396 70
2424 59
593 73
2701 37
2942 52
1682 71
2530 53
4995 74
360|5
1422 61
1620 60
1488 64
1711 63
1414 62
361|20
47099 69
1580 61
377 68
1552 56
49272 73
1263 59
53125 69
589 60
49822 54
8360 60
318 68
2529 65
5218 69
6188 62
2422 31
3082 68
1732 55
1370 63
46972 62
7458 62
362|20
1945 88
592 76
6539 82
51540 84
5989 84
637 66
70 79
7153 90
1252 87
44665 81
407 73
6874 88
2959 93
1196 90
1208 90
8961 85
48516 90
7438 87
356 86
1201 89
363|6
1552 54
1732 64
1517 63
296 64
653 52
318 77
364|5
858 83
9 74
783 74
376 73
1 84
365|20
59315 56
81229 54
128975 43
6874 54
90345 56
158872 53
129354 51
103075 53
135536 43
70286 60
112852 62
76077 54
112818 58
1777 47
6502 60
155820 31
541 54
95720 40
93270 28
135569 64
366|7
116797 79
59315 74
33794 78
91529 80
2028 82
122882 76
7438 78
367|20
926 88
3061 80
1270 87
1287 86
486 66
3536 74
3824 60
2384 68
3072 76
898 91
3618 77
3225 68
2248 81
3157 69
3969 76
3717 74
1259 82
4023 67
1196 88
1258 82
368|20
3753 52
2112 50
1944 66
2986 43
3869 61
1214 66
2947 67
415 40
3035 72
832 53
50 74
2819 64
1801 58
2490 61
1917 48
1391 48
2193 58
225 53
161 60
2881 52
369|20
1256 70
785 59
47 76
2706 63
839 55
377 61
52973 68
743 44
4214 55
5418 69
3863 59
1372 60
27904 67
60069 72
2857 55
1967 71
150 66
2011 62
1580 62
3174 63
370|19
4011 77
4878 73
8961 71
6377 73
2628 56
1748 68
2116 58
589 69
2329 74
7438 71
3977 47
1676 59
593 71
4973 73
4226 74
1240 72
1089 73
8636 67
2716 65
371|9
2571 92
112512 70
1258 93
4090 84
56715 96
3000 90
4226 92
4993 92
1748 89
372|20
335 70
924 75
318 86
1603 48
1479 65
589 77
81 59
387 40
616 67
337 76
1220 69
1201 77
165 65
1243 74
1258 72
377 70
1401 68
450 55
1206 74
1306 58
373|20
216 66
60 52
169 33
350 56
585 49
44 36
371 58
163 68
616 68
198 68
265 70
25 74
6 74
733 66
47 81
2 57
736 45
305 56
357 70
141 66
374|7
296 86
208 62
1219 79
480 72
592 69
1258 83
1339 71
375|7
344 66
1027 67
32 90
2628 68
3256 73
4226 90
500 70
376|20
91535 64
2002 66
1214 76
1101 73
2916 69
33794 79
1198 87
349 74
1371 66
376 68
1240 81
1375 68
4993 78
858 82
457 80
4226 80
5952 79
344 64
2763 76
2797 75
377|20
4942 70
2793 55
1262 87
2791 81
748 72
1345 73
5027 69
5113 72
27692 70
3421 83
6021 70
3364 71
2072 66
8641 81
2163 56
92760 70
2858 88
1503 65
2124 74
2015 71
378|10
33794 76
7153 82
48516 82
3114 74
858 81
68954 79
91529 80
71535 75
90600 72
364 77
379|8
318 89
377 72
19 53
292 70
480 73
367 63
597 73
344 59
380|20
60818 70
172875 70
172881 70
172887 70
355 46
6979 73
5476 38
2735 70
68194 88
63433 69
72356 86
105731 51
1833 66
551 77
6731 75
27831 85
1665 69
393 58
140956 76
2791 78
381|20
2085 66
1088 77
3253 70
185 60
317 65
27808 63
1240 71
19 47
3753 69
4321 64
72011 76
3082 66
333 74
2140 68
1385 61
2273 64
1208 71
457 77
104 68
2716 67
382|20
1204 94
142372 51
135532 66
1201 95
112171 76
1198 92
912 92
81847 83
4638 55
63540 46
1681 52
170289 70
103042 74
72737 73
2496 73
357 84
81537 66
59501 80
101362 55
4890 70
383|7
2436 82
2541 71
2496 66
1584 76
2558 53
1246 78
903 79
384|14
3527 69
1388 47
2683 50
2502 77
4333 47
3098 71
4396 48
457 74
358 39
968 72
2724 48
296 72
3991 54
1204 82
385|20
736 55
1080 73
249 68
1219 70
1036 75
1136 80
282 56
1073 72
1200 72
1228 72
1022 62
1007 55
1201 73
1246 72
344 55
589 73
1023 66
1287 72
594 67
1303 67
386|14
110 64
410 43
112 47
165 54
223 59
648 51
185 47
608 65
485 45
305 44
44 36
585 41
349 52
10 52
387|20
4393 70
5156 70
5780 70
7336 70
26124 70
40966 70
2712 77
5062 66
1247 68
5489 70
4195 64
7132 76
2946 59
1387 71
3000 80
51939 56
4995 68
912 72
7938 70
1783 56
388|6
6158 70
63239 70
33615 68
86298 69
62999 70
8360 78
389|7
17 82
140 77
628 84
762 65
743 63
95 78
32 92
390|17
6344 70
64957 63
4239 73
5220 46
1193 81
2571 78
9010 74
2291 71
5296 39
4226 80
7254 71
6377 74
63062 69
1206 82
2329 79
4014 65
1784 65
391|20
5575 70
500 55
3994 60
1213 84
516 61
199 65
4027 82
150 64
1408 74
4014 75
1527 77
1059 76
2916 72
4973 87
357 74
555 81
5026 73
4936 61
1210 76
3067 70
392|5
3004 52
2858 76
707 56
1198 79
1125 67
393|20
91658 73
102125 71
48394 71
36517 73
8636 76
110102 75
44199 72
5388 67
54259 70
4848 76
5669 71
1291 81
68848 69
86190 65
2571 77
1206 75
122892 68
106642 86
1625 74
106489 68
394|5
588 62
316 51
344 52
225 57
457 66
395|13
329 61
1025 66
296 68
160 57
208 58
173 48
485 56
355 52
520 56
595 68
126 43
48 57
367 62
396|6
1276 72
1597 53
1777 60
44 41
204 38
2081 63
397|5
4017 73
8645 79
1701 81
8228 70
6993 74
398|10
6408 70
1197 90
5971 85
7022 80
1198 84
60069 81
2455 74
1136 88
48516 85
82459 73
399|8
1198 81
110 76
5445 68
1196 81
593 75
480 68
1270 76
2194 73
400|9
608 88
356 85
2571 89
2959 93
7153 87
1221 89
3578 85
858 91
59615 67
401|15
5952 70
6297 68
55768 60
48982 70
166461 65
49274 51
50872 73
32031 60
79091 69
170939 70
38038 72
8360 72
3114 70
33615 63
1136 75
402|10
1084 86
597 79
52 78
329 76
296 78
586 71
315 73
1036 83
434 71
527 84
403|7
110 79
2427 64
3210 69
296 80
61465 58
1663 72
180 68
404|12
204 50
349 65
474 68
34 63
364 72
508 67
105 61
593 73
509 62
277 55
315 58
185 56
405|20
70708 70
293 81
7254 75
37731 77
2959 85
345 76
1213 84
7134 70
64614 79
6023 65
1241 80
2329 85
1247 81
3052 75
68237 79
1199 83
27592 79
27664 67
3418 73
1215 82
406|5
1586 64
135 57
56949 65
46972 64
724 60
407|5
7153 82
2959 84
6539 76
1240 77
54286 72
408|20
1198 93
122904 83
44840 72
165101 69
6618 86
1291 89
1210 89
89745 83
1278 89
7324 75
44 65
8641 81
115210 83
103596 64
68554 79
2571 88
109487 85
63131 77
80489 82
4649 85
409|20
2485 51
2490 73
2028 85
3812 61
1278 86
2997 83
296 88
1078 68
3016 57
1073 81
2683 61
2289 78
3846 66
912 92
2013 61
1911 49
2352 80
1230 81
2541 71
3174 69
410|20
389 70
3224 95
318 89
2302 72
4002 77
1060 78
4297 77
3263 68
1859 79
111 86
58 83
2145 71
3255 72
2321 72
3504 86
3948 74
11 76
4019 78
3 72
597 72
411|20
508 68
261 66
586 59
432 54
353 66
431 65
194 69
318 83
272 65
515 72
356 77
266 62
257 69
349 71
10 68
31 59
344 56
227 50
455 45
122 59
412|20
2828 41
2384 64
2915 71
903 84
608 84
2720 47
2858 81
1883 68
1307 79
1214 76
1784 70
2239 94
1 78
930 86
1136 84
2710 67
915 79
2398 81
17 72
1079 81
413|12
2706 86
1198 96
3753 87
2424 80
593 88
128360 83
4993 92
16 85
5574 82
3948 84
64957 79
2959 89
414|20
4458 70
4666 70
5285 70
5635 70
6033 70
6493 70
6563 70
6628 70
6797 70
48319 70
58879 70
169992 70
3802 44
3599 57
1600 69
8666 19
4975 63
7444 52
4081 39
177593 91
415|19
296 89
1213 86
4321 72
3507 79
4308 76
47 84
1021 54
111 83
2617 64
1276 87
3861 64
4369 61
99114 80
1221 89
63082 81
1234 82
45722 74
1197 86
175 84
416|11
5952 61
5951 42
531 50
1296 57
1199 64
1721 51
830 44
1206 61
7323 53
4848 58
3677 58
417|14
778 88
4995 84
4975 77
7254 81
1198 90
106782 85
27773 86
168250 82
1625 80
7153 89
74458 85
110102 80
48394 82
4878 84
418|19
356 76
296 84
63082 79
104374 74
1276 81
1136 83
117176 73
1573 62
137337 74
1682 73
5816 66
88125 69
74458 76
367 61
89745 73
45672 56
87869 70
7361 76
54001 70
419|20
4093 70
111 78
46976 77
27822 54
2858 84
319 71
6287 63
3578 82
1213 86
64969 74
47 80
79592 66
34319 65
89580 70
60756 70
27704 70
90943 70
2412 46
1240 76
52245 64
420|20
1161 81
4993 81
45499 70
923 80
26693 70
48385 70
1927 82
5608 81
2052 63
6934 63
7022 78
3979 51
59295 70
2329 82
54259 71
1131 79
2762 79
4973 84
5669 75
527 83
421|8
2858 85
909 81
5008 90
953 82
1178 90
2313 77
2478 68
1203 85
422|19
2539 62
2710 47
4947 72
4971 58
5039 69
4925 70
2581 57
4916 50
1265 78
2804 75
3053 71
2665 70
1283 78
4835 63
2908 73
3943 67
1213 81
2670 77
858 82
423|5
1653 76
110 76
2194 74
5349 70
1320 64
424|20
1193 76
141 68
2804 72
40278 68
608 75
108729 71
293 74
69122 71
1092 65
54503 73
58559 81
3186 69
66097 76
778 74
5679 63
3176 68
2288 74
2174 64
71668 69
112556 72
425|20
45517 67
377 67
2329 76
733 65
6 70
1645 65
8368 69
2081 67
4306 72
1680 71
1909 62
367 58
46723 66
1625 68
1036 70
4901 67
750 77
2353 64
1342 54
145 61
426|18
59784 62
150 73
471 58
337 69
54001 82
1197 74
6378 70
72641 75
4886 76
8644 68
37729 63
597 71
5444 71
91325 44
588 72
3247 57
4022 66
79091 67
427|17
4887 47
5463 45
5015 62
110 75
58 77
5528 65
6348 47
5312 58
2710 51
5696 47
4993 79
5266 60
2683 57
5400 49
5816 68
1208 80
5574 63
428|20
2471 38
2762 59
3827 43
1089 70
2953 42
2916 55
1380 42
1997 64
3440 26
4022 55
317 41
4255 33
1208 70
1391 49
6377 58
2581 44
260 69
3285 46
588 47
653 42
429|12
339 81
421 76
150 90
225 80
165 81
266 78
329 77
252 81
279 73
317 80
237 80
204 70
430|12
923 79
2987 71
3745 69
6287 57
2858 83
6365 67
2571 80
4447 61
4014 67
329 62
2076 73
4446 71
431|5
172 41
1625 61
1376 55
3948 54
802 49
432|20
1831 56
5630 72
6870 69
8640 58
6539 73
3916 75
5989 76
84189 70
110 69
35836 66
4886 79
2762 76
1206 76
49272 72
19 46
318 87
58559 79
69481 74
7158 70
33660 79
433|5
91529 67
1089 70
50 74
5299 52
110 69
434|20
1136 91
3147 79
1090 84
1265 87
5989 76
1101 57
1779 51
586 53
344 56
3863 55
1208 89
3160 75
589 84
780 49
6796 69
2791 77
4226 89
2194 76
8665 66
1291 82
435|9
2353 79
44191 88
485 73
3510 79
34405 89
2302 75
158 66
82459 82
48780 87
436|20
204 52
435 50
440 68
432 56
161 70
480 68
377 66
531 61
536 51
502 52
364 73
235 66
371 61
344 51
2 66
585 56
450 58
587 72
437 50
227 54
437|20
748 66
318 90
5 58
640 64
1299 81
1120 74
1396 69
1246 80
454 72
1171 75
1225 85
1183 78
1097 76
1307 80
1268 74
592 70
198 73
155 55
112 66
246 88
438|20
7154 54
2501 71
8966 59
27801 80
1527 71
6711 74
3898 38
1784 68
8644 70
6367 61
2424 63
3889 37
223 70
1517 64
7361 71
2641 65
5009 62
2617 72
3753 77
2393 69
439|5
356 80
4022 72
7153 79
78499 77
1240 75
440|7
8690 70
541 85
29 79
1653 80
1274 78
3174 71
1235 86
441|9
589 90
2683 79
2959 94
4306 84
260 90
296 93
51255 90
47 92
68358 88
442|5
2908 27
2881 17
1186 27
3752 18
4361 24
443|8
2329 87
79132 82
296 79
48394 81
106487 76
108190 64
7153 85
63082 86
444|9
356 80
592 69
208 53
21 72
111 82
110 81
235 74
296 85
344 61
445|16
2028 79
590 70
34405 74
47 81
116897 78
780 57
4011 78
899 71
593 78
33794 74
1080 74
45722 66
17 66
1230 74
306 72
2710 49
446|17
237 60
339 61
300 61
296 73
480 63
368 59
288 49
172 49
17 64
16 68
357 65
150 71
434 53
153 46
648 61
593 74
337 63
447|16
257 76
293 81
337 83
531 74
382 70
589 83
552 74
253 80
362 78
532 72
292 76
31 71
474 79
540 66
442 73
160 70
448|373
2368 70
3284 70
3933 70
6302 70
6476 70
7245 70
48262 70
49688 70
75803 70
75816 70
78116 70
79590 70
86593 70
92198 70
98908 70
100326 70
102819 70
104760 70
108715 70
109191 70
111680 70
113416 70
116207 70
116985 70
129657 70
130083 70
133377 70
136654 70
138546 70
142424 70
151777 70
152658 70
157130 70
158022 70
161290 70
164375 70
53996 49
136778 70
5418 73
288 58
88356 33
2580 72
155358 70
2889 66
4034 65
148888 40
81156 73
2713 49
103335 46
95441 58
34048 50
80126 52
3057 70
1057 62
2794 55
33830 73
8665 61
6059 62
110553 31
90374 74
151501 70
3764 43
6143 65
103819 29
4361 70
104913 72
3986 54
5528 57
1196 90
105351 49
83349 54
3276 70
1090 81
5349 65
587 40
106330 32
4677 60
95508 70
109895 43
110611 70
671 67
2289 61
152077 65
80693 54
111360 54
170 49
87444 55
94323 47
8493 56
3671 80
91653 54
4981 70
2991 56
78034 70
119145 78
5099 32
4299 46
2567 53
6996 22
109864 30
6582 45
73017 56
370 66
543 53
115617 58
590 60
154065 70
5553 56
41569 57
3286 37
6645 69
589 75
1920 47
2857 59
111663 51
78499 65
2657 71
6537 58
1148 78
46974 38
48516 82
80241 56
445 46
4262 68
3689 31
114935 72
6428 59
127194 70
109673 47
127096 68
89388 70
4156 70
3793 59
33679 51
2014 53
64285 76
3968 64
49530 66
3450 54
160563 50
5502 53
8169 63
6314 36
122490 70
3386 64
140725 57
4896 46
2642 33
127136 68
2763 73
2520 70
457 69
48783 62
3263 58
5400 39
5541 64
4011 76
58351 70
127132 70
152091 56
3698 55
435 39
4799 47
84152 68
3401 48
2858 75
3174 67
7076 64
106542 70
6218 48
2860 41
1283 75
3618 62
2616 48
90439 65
2404 46
4660 70
2530 53
26386 70
4327 65
3030 80
71464 49
32 77
91529 74
4158 29
99114 73
98585 60
93326 39
2268 55
80489 67
130576 39
105504 62
2791 64
50601 37
7007 63
4234 65
3623 37
80727 66
78467 30
8641 70
4128 73
106782 73
2537 26
112138 62
3247 55
112818 60
2027 49
3101 58
5779 70
82202 33
1704 59
98296 70
6863 47
89305 54
4203 57
1201 89
6212 31
637 38
84954 46
6814 70
94864 60
67695 53
159077 70
92439 78
6812 32
3156 54
802 67
118354 70
134130 70
138036 66
65135 70
52975 52
4368 25
90717 62
45722 66
79259 70
68157 80
4233 36
74458 56
3258 52
1262 62
3949 80
101025 45
69526 24
1831 27
1083 55
1884 71
1476 59
156609 50
3755 47
111659 41
4734 60
161 57
95201 70
135887 55
2598 52
87232 69
4634 80
5334 41
5459 47
146730 70
72694 70
157432 70
132488 70
4558 50
1375 56
6424 70
71518 57
2716 80
94780 43
3593 19
129354 47
158 46
1409 41
6514 70
2881 57
51662 69
90522 53
68554 54
2126 41
122932 70
93510 62
137857 46
125916 11
2953 49
2090 52
1760 16
480 71
58803 64
2109 65
50792 38
46062 35
85510 52
80864 70
112171 59
122900 70
2587 52
1527 76
117529 54
4993 92
92264 54
5247 53
533 55
912 67
26464 70
2249 57
4678 74
103772 50
114601 63
96861 48
420 57
59615 57
2349 75
109372 49
95207 58
348 57
19 58
136020 64
4502 37
91094 59
138208 58
3511 41
79428 47
2643 29
109183 70
2139 72
4212 70
5942 54
96417 57
112852 69
99728 64
89470 57
142448 61
64983 51
2640 60
2046 65
4881 67
3882 48
3744 50
1032 61
116799 67
5 53
4040 48
157407 70
2115 74
1617 80
4367 43
105254 65
3388 47
3760 68
2146 67
2968 77
6281 54
466 57
96448 49
86332 57
64969 69
115170 70
1036 89
3397 66
2474 63
1408 75
155743 70
106920 70
8542 67
120466 63
2051 33
7143 72
7150 44
89087 51
34150 44
2253 43
2973 60
449|8
1917 43
2502 72
4034 74
1222 77
2770 45
762 30
2011 61
2324 75
450|11
3977 67
589 82
110 86
3363 83
3535 82
3948 78
3409 71
1035 85
3568 70
358 62
1259 85
451|7
733 75
593 86
7 67
5 66
494 72
25 77
17 77
452|20
4025 82
2858 96
2617 87
5292 90
1206 95
1676 87
3219 85
47 95
3101 82
163 88
1092 85
1917 86
2126 76
1356 91
552 82
2628 87
1200 96
608 92
2707 84
3273 76
453|20
208 63
858 86
2335 75
4022 83
3618 78
1617 90
3452 72
1357 85
112 70
2671 75
1884 83
1894 65
2294 75
318 90
1614 69
3534 65
2959 93
798 68
5266 73
780 71
454|9
7361 75
2692 74
7116 42
55820 72
6016 74
27773 74
2160 77
2858 75
26131 80
455|12
272 68
432 48
367 61
590 73
253 67
364 76
555 71
252 66
110 77
225 64
588 74
597 68
456|9
1407 73
634 41
135 69
5 67
724 68
780 78
733 81
260 89
706 70
457|10
329 62
3593 29
2692 79
1356 72
223 73
2394 65
2701 41
3608 54
733 61
2094 60
458|12
597 80
185 73
10 80
380 79
95 74
454 78
300 76
595 86
153 70
587 78
150 86
552 70
459|6
79132 90
5618 92
8961 88
48780 88
50872 87
260 88
460|17
89039 70
4886 84
4703 77
3831 82
1441 79
4878 86
3483 69
8970 79
1 84
49272 87
40815 82
85414 76
68237 83
76093 85
47610 82
63082 89
2571 87
461|6
74458 64
2762 60
1036 57
91500 56
3578 62
539 54
462|20
26838 70
89090 70
164655 70
188189 70
1136 64
1219 79
158966 74
1248 71
508 63
1653 70
1674 65
8917 48
8620 6
3424 79
2146 53
7044 58
3814 67
1213 68
82857 70
26131 72
463|7
6377 83
2028 84
4310 66
3753 74
2006 69
1092 69
5995 83
464|20
1370 74
58025 66
63853 51
296 87
2019 85
3527 74
5254 69
7007 67
1101 72
1779 59
377 73
1653 82
55820 81
648 69
33493 71
1610 81
65088 66
74727 78
1617 85
62374 73
465|20
2941 81
2987 78
1200 84
3448 76
5060 81
1299 80
3703 85
3649 63
1625 74
292 72
904 89
3101 67
1754 78
750 93
1256 81
593 91
3732 71
3740 82
3334 86
377 71
466|20
5418 80
30793 72
79091 77
92259 86
5989 81
5459 71
318 87
63082 85
59784 73
5010 80
74458 81
6281 67
5952 80
8529 75
64716 84
68954 81
4993 79
45447 74
81845 80
55247 82
467|22
41 70
58 70
389 70
466 70
527 70
593 70
780 70
1183 70
1233 70
1357 70
1365 70
1408 70
1721 70
2028 70
2125 70
2324 70
2334 70
2384 70
2390 70
2393 70
2394 70
2493 70
468|7
592 66
349 68
1 76
317 65
296 79
32 77
165 69
469|20
3658 70
3832 70
3507 82
3032 74
2736 74
2132 79
1958 73
910 86
1090 87
1485 53
1388 47
2321 67
1234 80
2081 74
1193 92
36 66
2908 81
909 74
2023 67
3255 68
470|16
253 66
318 86
110 75
588 75
282 61
5 59
597 71
32 72
595 76
592 63
500 72
26 72
356 82
357 67
434 64
300 65
471|6
2571 80
8874 76
527 80
1 76
8360 71
7147 72
472|6
58559 86
3450 69
3298 80
2840 64
1221 82
858 84
473|8
4979 72
2959 80
60 56
7147 71
6281 60
3897 75
48322 73
2596 68
474|422
638 70
2179 70
2697 70
4046 70
5114 70
5311 70
5353 70
5455 70
5601 70
6201 70
6273 70
6382 70
6407 70
6592 70
6912 70
7702 70
7826 70
7832 70
7839 70
8057 70
8446 70
8458 70
8459 70
8611 70
8650 70
8774 70
8938 70
1466 74
6708 71
2940 70
2616 52
2334 49
7139 70
4218 70
371 51
750 74
2935 78
8645 67
5481 46
6370 76
25865 70
2553 65
912 85
2467 70
5548 61
7301 69
52967 64
5945 62
480 57
1983 45
3462 66
1068 70
8600 72
6650 81
8482 70
6791 76
4016 77
1784 62
3668 69
3977 49
8961 72
4160 70
30820 58
6984 70
2750 55
5034 56
7716 70
2612 70
4419 75
1300 68
4187 70
1187 56
6565 76
272 74
5440 70
25937 59
1099 45
3125 70
5826 70
5649 70
7256 69
4912 68
6016 72
1208 67
2083 57
3385 61
2310 62
3360 73
3163 60
1413 67
4081 34
1643 56
968 61
2116 59
26965 69
5954 63
1263 69
5116 70
3536 59
8778 58
63433 58
2952 60
318 87
3394 46
1200 65
3384 73
4356 70
932 79
7698 68
516 53
4873 75
48385 62
39869 73
1902 70
2641 59
7036 58
2181 60
4638 39
31116 79
2455 65
2146 65
628 53
3897 68
1030 36
4022 66
344 57
3196 74
92 44
237 57
6770 65
3259 58
3368 59
26151 66
1293 63
34072 58
3044 61
1639 57
5944 45
6539 70
477 64
7361 70
55687 70
58 69
4014 67
3467 69
8154 72
4191 54
2134 50
4644 65
4293 55
5013 66
1399 51
1196 76
2918 72
5899 61
4465 55
100 53
361 55
3341 70
8921 70
195 71
3789 70
4709 54
1588 53
3468 79
4678 58
2723 54
2118 74
1939 88
7019 48
3147 80
1792 66
33903 71
1682 71
41566 57
1693 68
1957 62
5021 66
2313 69
3870 70
948 73
47099 69
3447 71
6614 65
216 48
5619 62
3987 47
5060 71
3111 83
45950 67
32584 51
5525 70
2567 53
5956 62
7 57
1172 64
3217 62
8331 70
587 62
5238 65
1189 73
2416 58
832 56
3095 76
7386 69
1223 78
7058 70
5246 30
5418 65
27803 69
26 66
4002 64
1135 60
45 61
6945 92
2411 38
2520 70
7347 72
5375 70
5673 67
3039 61
7833 70
33781 59
720 81
2103 44
33154 77
608 70
1327 43
101 61
7061 70
5451 58
5682 59
5434 65
6609 70
31658 76
4578 46
2009 59
4704 70
7572 70
4929 44
3306 62
6334 58
5379 77
5437 57
42418 66
4128 62
7451 70
2786 33
2243 58
27846 74
6197 47
3264 38
3608 50
5603 74
6124 56
1222 67
1663 60
3566 55
3755 59
2628 57
4815 49
2089 58
7102 52
27706 61
7013 72
1348 58
45666 48
5755 40
4055 89
2058 58
4462 29
1544 58
2405 46
4998 70
273 42
1977 44
1732 66
7822 70
7073 70
41527 65
4787 67
1676 63
3708 53
6669 71
317 57
25940 70
971 69
7366 58
3115 67
7026 51
2710 59
50685 70
2114 71
3809 55
3516 60
2770 41
535 59
4878 54
5992 72
41997 63
1083 57
4487 67
7293 82
1016 61
2006 55
1007 43
4993 68
3412 64
5007 70
3929 51
6639 55
8712 70
1876 62
3546 70
34359 70
7579 63
7325 59
6837 70
2634 66
7753 60
8943 19
8385 70
4308 73
3246 74
3745 63
1148 81
42002 62
50740 71
3952 54
1927 77
7581 61
910 78
3948 62
54881 71
1284 73
4007 64
5341 60
3675 71
52975 70
6244 61
965 64
454 54
1247 68
7215 63
1282 70
8207 78
6242 71
6502 61
4509 60
3528 61
2391 62
4262 73
4039 52
42018 25
3271 71
976 70
48394 67
5384 70
5168 70
1358 62
6534 41
8773 70
2384 64
48780 72
1269 72
4600 69
2642 34
111 70
933 79
3578 74
5297 41
944 64
6020 70
2123 44
748 65
4896 67
5380 65
53953 63
3712 53
25996 70
1997 73
4464 69
4085 57
51540 59
2707 57
2069 72
6710 69
1488 49
6378 66
928 82
3038 76
7116 32
44511 70
594 71
1962 67
421 61
4316 33
2761 74
4823 49
892 64
1345 66
5294 66
1408 62
6579 74
3272 71
3421 71
3844 62
6787 62
37736 65
2249 59
1610 70
2468 41
3498 67
4902 65
6268 66
5225 68
5404 79
929 70
25999 70
7835 70
805 59
4126 62
475|20
6539 92
4993 95
87232 86
40815 90
5816 91
8644 83
81564 83
4701 79
81834 94
6564 75
68791 82
111759 94
7153 97
1527 87
71530 79
4896 90
106487 82
112852 95
3578 95
82461 80
476|14
594 78
34 76
380 70
158 52
153 57
586 63
440 69
364 82
378 65
357 77
224 77
165 70
296 90
11 74
477|20
34 70
913 81
3100 79
2105 71
1271 75
1207 84
70687 28
2174 73
45672 60
4571 76
3973 41
4226 87
1103 78
5291 71
348 80
3593 40
1 79
1274 90
6502 80
59615 68
478|5
1917 45
3114 60
594 60
1584 60
1101 54
479|20
5365 70
4488 60
524 67
1025 73
3707 49
1220 66
4010 54
3244 70
3526 65
4092 45
1968 72
4700 69
4003 55
3671 74
2671 70
341 70
2012 65
2542 82
454 60
2384 53
480|20
43914 70
2700 68
8533 70
2193 63
2797 79
3484 43
2571 73
1210 84
2596 70
8866 45
47610 77
6306 71
5379 76
2018 68
7153 84
3911 73
44191 76
38061 78
5673 77
380 49
481|7
1608 55
1687 54
1629 51
1729 59
1620 46
1597 51
1485 50
482|20
2068 87
8985 61
1036 78
474 78
1042 65
4389 74
780 82
27706 67
3211 70
1610 75
4367 65
1374 80
1220 77
1602 52
653 61
592 68
30812 66
4862 55
8361 70
8529 63
483|20
105325 70
783 66
2541 68
2959 94
109971 70
45722 59
1199 81
50872 73
2000 69
4306 69
69757 79
2683 68
2273 59
1588 64
109487 80
66934 73
1721 63
2328 54
68522 70
8972 70
484|20
93320 70
1438 69
6155 74
6944 76
2706 81
33166 79
6874 72
3697 61
1059 75
76293 75
919 85
2762 73
1821 63
837 69
5810 71
1753 77
3254 74
4718 76
2413 76
3646 56
485|5
588 82
161 82
253 74
292 76
231 65
486|12
653 72
47 87
110 88
153 71
474 83
95 75
288 70
329 75
161 82
318 98
292 78
6 83
487|12
27611 56
8961 61
318 73
1198 67
31658 63
1197 69
6539 58
5445 56
116797 62
4027 59
8874 60
86377 68
488|20
720 80
838 68
608 84
1223 85
26 71
5135 70
2109 63
7720 61
7303 73
4014 73
5995 81
457 71
105 66
1136 85
272 76
1269 78
3176 68
1278 80
1125 74
910 81
489|20
79536 70
86000 70
4848 71
736 35
8387 6
4700 63
45666 42
4720 69
2683 49
2021 65
2389 31
1619 57
950 68
58559 70
2236 47
2167 53
1616 47
247 72
376 54
2717 54
490|20
46578 66
89492 60
81591 65
91077 69
60074 46
5816 59
4144 69
54001 60
1 67
1784 61
7153 69
4993 72
89759 79
86320 58
60128 50
76251 60
8368 67
69122 58
2006 46
78499 66
491|13
106782 89
69757 90
7293 79
27808 77
4246 85
3948 79
104374 91
86833 83
140110 87
8529 81
180231 70
4306 88
88405 76
492|20
736 88
784 73
628 84
858 89
852 74
64 65
990 81
830 83
743 67
62 81
52 85
1499 61
66 69
1210 86
881 65
1474 64
1405 62
724 76
1047 82
65 70
493|13
2985 63
4444 58
2916 66
1275 70
2571 75
1527 66
2028 75
3793 65
2167 62
1215 73
4701 60
2924 76
260 79
494|5
1196 86
4498 61
3578 79
2028 84
1210 84
495|20
140523 70
115149 84
1259 85
1721 71
136562 74
80489 81
19 64
50872 81
231 69
102123 76
52319 77
7254 72
7360 78
8528 82
1645 72
46578 86
30810 78
2918 85
148626 83
56775 69
496|6
1221 73
99149 65
858 75
904 76
8865 52
114713 56
497|11
1193 74
112556 67
112290 63
1916 63
92259 73
2329 71
112552 68
1258 71
2762 66
5349 58
111362 64
498|7
344 66
231 66
648 78
10 79
300 77
356 90
316 72
499|6
1202 75
2337 65
38304 84
327 63
56286 72
1304 77
500|18
2599 63
2987 66
543 56
2700 72
2542 78
1265 69
2916 64
356 73
3301 60
1784 68
1914 66
595 62
2355 59
3536 62
1885 54
322 58
838 62
720 72
501|9
6 72
62 69
93 60
45 59
3 56
637 57
11 70
18 64
662 65
502|7
7236 71
1077 72
4412 33
3469 73
2001 67
2520 70
1777 66
503|19
7455 70
7361 76
4878 73
356 74
91500 58
593 75
527 76
858 80
4226 74
1259 73
1342 55
2877 47
92509 60
90866 66
500 55
441 70
48516 76
2858 76
48394 70
504|18
4995 78
5812 79
2321 72
1 78
3556 77
7153 84
6708 74
1288 81
6927 70
4033 79
4700 71
6565 78
342 68
3408 74
6879 72
4361 74
5952 82
5955 72
505|7
1241 83
4105 84
1029 74
74685 78
273 67
6502 84
54999 75
506|9
59258 55
54272 67
37741 72
56782 80
62293 69
51834 49
49286 53
112556 68
61024 67
507|5
165 63
266 58
253 61
377 63
593 70
508|5
2872 44
2011 44
1952 48
1175 54
898 51
509|20
26958 70
130073 70
2028 69
87232 60
33830 72
5313 42
48 55
2090 60
2080 63
6942 66
8907 44
6156 58
5816 72
39 57
3988 50
6807 77
7458 64
1196 75
45447 62
616 66
510|20
1882 20
7026 36
35836 54
494 48
1198 65
514 53
457 59
2935 62
858 67
2699 38
317 39
8949 56
2918 60
145 39
1262 64
6787 63
1208 68
372 37
1242 62
40819 60
511|11
2959 91
53953 72
115149 80
164179 82
6534 60
99114 82
92259 89
318 95
2324 87
1653 85
56757 77
512|10
480 74
150 77
349 76
47 85
350 72
442 65
457 79
50 89
317 64
593 85
513|7
5952 79
318 89
2174 71
235 73
1304 78
1220 75
1080 77
514|20
1335 70
5704 70
62586 70
168358 70
180263 70
1704 84
2005 69
2792 67
2013 59
1673 78
134130 78
76093 78
1333 68
58998 69
68157 76
2406 65
3210 65
54503 70
4855 73
1644 44
515|6
33794 91
2028 94
527 92
91529 94
58559 96
2959 95
516|26
260 70
457 70
480 70
647 70
708 70
1042 70
1090 70
1197 70
1198 70
1954 70
1958 70
2021 70
2259 70
2268 70
3052 70
3471 70
4027 70
4291 70
4306 70
4321 70
4322 70
4333 70
4337 70
4349 70
4361 70
4429 70
517|20
4306 57
53125 42
1265 45
165489 70
97938 58
88744 48
86880 51
4148 16
26761 70
3398 41
1293 53
3988 43
2858 60
4963 50
1204 60
1704 61
47629 51
7669 62
1206 47
46578 51
518|5
3101 54
2657 56
783 61
1876 51
6365 56
519|6
1704 93
356 91
140110 85
6378 85
7445 83
1968 87
520|20
7266 70
318 88
1049 70
59315 77
4995 80
32 81
2716 77
4333 57
1291 83
1732 80
4085 71
2723 69
3081 68
3994 71
33493 67
135 62
2393 68
60516 52
2406 71
1584 78
521|8
661 65
112 68
86 77
104 71
58 82
79 58
52 75
852 68
522|20
99114 77
81932 71
89492 72
63113 65
2959 89
1193 80
1375 60
4993 79
223 75
27611 73
76060 64
180 69
59315 73
1617 74
10 67
67255 72
2023 67
6187 71
318 84
127098 78
523|15
168252 95
8970 87
5989 93
318 101
91529 95
1721 83
293 93
65261 95
4270 80
3147 96
27731 87
134130 93
31696 81
527 91
101962 86
524|20
1356 76
150 75
552 60
748 62
344 61
442 62
253 64
1225 74
20 43
589 73
1242 76
544 62
173 52
1302 71
380 72
457 75
1020 68
788 51
193 42
466 58
525|20
120807 70
317 62
6863 71
8622 71
33004 72
7147 75
2396 75
40815 75
137337 76
1639 66
1968 71
91869 70
45880 65
2100 63
339 65
4886 72
50872 71
86332 69
8983 71
3996 68
526|12
593 80
55247 80
46578 83
176415 70
1295 70
90430 79
4014 74
2352 77
176413 70
215 84
81845 81
51255 81
527|20
2137 77
3114 84
3210 76
3016 69
2161 77
4571 78
2118 79
3421 80
455 61
2867 91
2450 52
1909 74
1214 87
4299 74
736 73
2477 75
588 80
4016 81
1259 82
2533 71
528|15
4886 66
2278 64
80906 74
4037 65
1240 71
64614 71
3821 32
150 72
1291 69
80463 72
593 76
99813 76
85342 71
48516 74
58559 74
529|5
653 55
135 49
65 44
62 65
733 66
530|6
292 70
500 72
300 74
586 66
593 82
11 75
531|5
593 84
590 80
919 80
480 75
1215 82
532|10
1721 73
4863 90
457 84
290 84
1245 88
1242 87
2023 78
2329 87
1304 83
517 75
533|8
1200 92
6502 89
79132 94
46578 90
93840 87
4973 98
2455 82
66934 91
534|20
116724 70
97913 82
94953 74
2003 72
2167 73
7569 76
153 61
1485 71
65514 81
104218 65
344 68
2571 80
5445 72
95875 69
112818 78
82461 68
96610 75
2987 76
138036 80
1566 77
535|6
2571 69
2581 49
2700 62
2688 46
2583 71
2882 33
536|8
232 74
272 73
356 78
335 70
225 65
150 71
434 55
589 69
537|10
80906 89
367 69
7153 83
53322 75
104218 67
97304 81
6539 82
318 86
89745 81
105504 86
538|8
595 83
3671 88
80549 85
4039 72
69757 86
5047 72
44889 70
66934 84
539|8
4306 73
6753 67
5218 73
50872 75
88 63
3301 71
4886 77
69122 74
540|9
2598 70
2959 91
1073 83
8874 83
1681 53
2183 81
2841 78
2747 60
1196 91
541|18
590 76
457 80
413 55
15 67
110 77
595 78
597 68
480 74
356 80
203 64
529 74
357 69
22 67
345 70
546 46
586 59
281 73
350 69
542|20
6539 72
30793 65
5299 60
2542 78
34319 63
33679 60
4963 70
5481 52
1997 72
4025 55
3623 59
924 74
4369 54
6378 71
2571 82
7254 74
41566 68
37733 72
7361 79
45517 67
543|16
73881 90
1702 74
595 94
3301 80
231 72
2378 78
2379 72
86882 81
6377 95
588 88
377 91
48385 75
2571 94
4526 74
4388 72
92259 93
544|22
1 70
3 70
14 70
32 70
40 70
62 70
68 70
95 70
116 70
619 70
626 70
648 70
650 70
694 70
736 70
780 70
839 70
1042 70
1047 70
1059 70
1105 70
1356 70
545|5
1438 62
1267 80
2763 76
1367 63
44 57
546|13
1270 77
3328 74
480 71
1970 60
2456 58
1976 49
589 74
2657 63
1673 81
3941 70
3959 73
3566 55
1977 55
547|5
1211 76
2859 76
2917 78
1394 79
1288 84
548|26
69 70
260 70
356 70
733 70
1196 70
1393 70
1477 70
1621 70
2571 70
2716 70
3263 70
3578 70
3916 70
4776 70
4899 70
5955 70
6874 70
7458 70
8531 70
49910 70
58559 70
74532 70
80862 70
122904 70
125916 70
168712 70
549|5
2571 77
2028 76
4226 77
1210 71
589 74
550|6
167296 70
102125 77
106782 86
116797 85
112852 86
122882 82
551|20
5010 72
34162 69
60069 77
1544 66
45186 68
103772 63
51935 77
4226 74
2353 71
7153 74
5989 79
135569 74
115149 74
88129 62
134130 77
6934 65
47 69
4701 64
2959 75
98809 83
552|20
2916 65
3317 76
1405 49
2953 43
2245 51
2944 68
2890 65
2125 60
508 67
3948 60
5349 61
2959 85
2857 55
173 41
2991 68
2871 75
2628 50
4308 65
4878 76
3101 53
553|17
55765 82
3481 79
1923 80
2571 91
4011 89
50 89
3949 85
1089 89
44199 82
5513 70
2231 82
2395 77
3052 79
61257 70
1221 89
33166 82
2959 93
554|18
1196 83
1022 76
2820 70
1207 85
1517 74
1282 80
1210 79
1760 40
2282 64
1225 81
907 66
1358 74
2096 73
1028 84
593 84
608 80
953 84
2324 82
555|20
790 70
3664 70
1 69
3111 93
3395 73
104 71
1334 70
2506 73
2072 65
4002 79
1266 77
2641 63
2256 60
2791 70
2701 48
1333 78
1320 66
337 82
1393 68
3526 65
556|7
162600 78
122890 81
3081 77
88125 84
588 83
72998 81
74789 70
557|6
648 71
231 61
1291 78
260 77
1210 79
150 76
558|12
5329 73
5064 84
4903 80
2297 81
2568 70
4993 93
4306 90
367 75
5283 77
1097 87
4164 86
5294 88
559|20
552 60
608 79
355 48
329 67
544 62
1527 72
173 51
377 72
745 77
174 48
529 73
350 67
349 72
533 61
836 54
1210 86
420 52
786 57
227 50
253 70
560|20
5839 70
91535 59
136018 59
67997 83
79132 77
3253 69
142558 70
2355 68
39435 60
1527 70
40414 73
64614 75
48744 73
56587 65
593 79
76251 70
84944 67
109313 70
5878 74
40819 70
561|20
168174 70
5308 60
78469 53
3703 79
60069 71
91535 52
2105 63
73017 65
5445 59
2000 75
83134 69
79132 77
79592 49
80463 74
89745 76
527 70
8972 52
353 69
33162 63
68157 77
562|20
27140 70
6870 80
6377 88
2580 86
1249 84
4776 82
36529 79
1259 84
1982 77
2268 85
2133 77
83134 83
3210 77
48394 79
30707 84
33836 60
2692 85
88163 86
99191 70
1240 83
563|20
61071 70
70932 70
80858 70
919 72
74450 58
588 71
5943 54
118997 60
86833 69
1197 81
128832 70
85397 61
45221 43
33499 52
7380 65
96821 74
81784 58
95307 51
65585 62
55250 50
564|20
50942 70
356 75
31685 63
131013 69
61024 73
79224 60
87869 72
500 63
108156 67
81784 62
93270 48
6188 69
106918 80
65230 66
67087 67
80693 63
94677 68
8984 65
73266 66
2671 72
565|6
590 77
231 59
19 57
21 73
50 86
539 69
566|15
648 65
10 70
231 57
329 66
342 62
141 68
203 64
345 72
39 64
497 74
265 72
588 74
708 65
353 69
2 64
567|20
8189 70
26743 70
92681 70
109897 70
152071 70
5690 59
136602 42
122888 70
6333 50
1274 60
122922 60
153070 70
151687 70
117877 70
108928 39
954 52
122924 46
27773 64
648 49
135887 33
568|23
50 70
147 70
296 70
356 70
480 70
593 70
765 70
1103 70
1104 70
1257 70
1298 70
1895 70
2313 70
2359 70
2863 70
3053 70
3148 70
3261 70
3363 70
8169 70
46723 70
63853 70
65088 70
569|5
231 75
50 96
380 86
588 86
592 83
570|20
208 48
8636 69
48516 76
1225 72
586 54
2683 50
457 72
1196 75
110 70
4993 71
7361 73
1198 78
1079 72
10 65
3793 72
1391 56
589 72
380 67
527 71
185 54
571|20
1331 70
2982 70
2366 62
1128 52
610 63
2902 48
1998 31
3696 62
1980 70
1987 70
70 56
1924 52
2279 48
1327 47
3732 55
1972 46
1278 73
1644 37
2327 76
1978 39
572|20
1961 82
2570 69
2788 88
2321 73
111 88
904 93
2987 77
2302 70
1834 87
2539 69
2917 84
1307 86
1 82
161 79
3421 82
838 80
1356 80
2006 63
3167 71
1953 81
573|20
89745 89
72998 79
3752 75
356 85
7293 78
6754 81
8665 85
32587 88
1073 82
88744 82
1127 80
68954 85
98809 86
2640 83
48516 92
71535 85
59369 81
60069 85
88140 81
1562 59
574|23
47 70
110 70
150 70
153 70
161 70
185 70
225 70
231 70
292 70
296 70
300 70
316 70
318 70
329 70
339 70
344 70
380 70
410 70
434 70
588 70
592 70
593 70
595 70
575|8
2566 55
2580 77
296 85
2581 61
2572 69
2542 83
2574 44
2598 62
576|5
849 47
1321 61
1373 47
1479 57
2289 65
577|20
2415 70
1183 70
1288 74
1129 65
2944 69
2194 71
733 70
1213 78
2076 68
2020 74
1262 75
1931 77
1391 58
2987 66
952 74
1909 66
260 75
919 76
2248 69
1270 75
578|6
6751 70
52668 88
45668 82
830 78
72407 64
75446 70
579|15
3174 75
2485 69
1022 75
2018 72
838 83
1917 79
1391 67
596 72
1573 76
2965 70
1653 78
2599 76
892 82
2687 75
595 83
580|20
5767 70
6583 70
480 64
8844 70
6989 66
3809 58
41569 62
3699 58
4041 60
33166 69
356 71
508 73
8376 56
3578 80
608 72
3785 64
3089 70
1320 66
54286 77
1201 78
581|8
7153 83
5995 82
4973 86
116797 82
3949 80
4306 83
109487 80
6377 84
582|12
91529 84
2959 84
116797 82
4993 80
5618 80
2571 83
76251 74
69844 80
104841 75
48516 86
97752 73
76093 83
583|12
8533 69
88405 58
2706 65
117590 73
317 59
60756 66
6942 73
595 73
46578 71
104 64
2694 55
7451 74
584|17
288 73
22 84
203 80
315 80
500 85
316 80
539 85
234 69
296 81
257 88
434 78
586 75
338 79
349 86
282 76
480 90
590 85
585|13
3173 71
1228 88
54503 81
2959 92
428 83
1405 64
7254 82
441 86
1805 69
296 90
27373 70
5325 79
79132 86
586|20
34332 75
4016 89
111659 72
106002 80
149406 83
167036 86
45499 78
136556 70
5445 83
117851 79
1291 92
71264 87
106489 83
135436 79
3753 90
2640 82
3147 93
122916 90
3793 89
101362 73
587|20
1234 85
628 79
2012 80
534 76
2002 68
1641 86
236 77
1376 80
2622 73
1541 68
3260 83
497 80
3082 78
445 70
3448 79
2574 56
765 69
691 73
329 77
3406 73
588|12
50 78
16 72
20 40
356 73
350 57
198 63
593 76
364 67
163 63
253 66
223 69
3 58
589|8
1092 73
318 93
590 80
373 76
586 68
587 75
527 83
337 82
590|20
924 79
8807 58
2371 60
38061 77
81834 68
40815 72
4890 58
903 74
5 49
3624 57
555 75
4047 69
51662 65
2085 64
419 40
595 71
329 65
2376 57
3635 59
2398 71
591|11
2908 64
2706 69
2712 56
2355 65
3615 59
3578 75
2394 64
3798 62
356 75
223 68
2724 51
592|19
514 74
2 75
153 64
415 60
110 81
177 66
420 59
380 75
44 56
788 58
588 81
163 74
204 57
610 77
39 72
419 56
253 73
432 58
240 62
593|20
1196 70
1073 68
1086 72
1617 74
4034 70
41566 58
1197 77
344 50
8368 72
339 57
2959 77
8961 68
5816 68
2797 68
4896 68
588 63
595 68
5952 70
377 57
141 61
594|20
7031 70
2671 86
7115 81
1616 80
5943 73
1188 83
2269 81
1733 95
4902 83
6996 45
780 80
1429 83
6140 86
7046 72
39 87
595 90
799 80
2028 82
8482 70
7169 85
595|5
265 82
50 93
1186 83
1199 88
1966 79
596|20
33649 70
43744 70
182793 70
129397 49
128908 70
1 74
142488 76
122922 71
4310 55
71838 60
4025 59
2501 69
110102 71
149406 65
2774 70
5502 59
8665 68
6537 58
2571 71
345 67
597|20
1799 82
490 64
3040 78
2529 85
2858 91
903 89
3039 77
2000 79
1291 86
357 78
1228 89
1845 86
2411 50
1580 72
1148 91
1198 86
2723 71
485 58
592 77
2692 95
598|5
56367 74
8360 69
593 77
114265 70
103543 55
599|496
26142 70
26567 70
26590 70
26676 70
26854 70
27595 70
34800 70
53450 70
60803 70
69131 70
74696 70
79895 70
84523 70
87960 70
92674 70
98799 70
102735 70
102852 70
104017 70
105020 70
122433 70
157865 70
158874 70
160978 70
161044 70
174727 70
179053 70
1801 50
6035 53
3387 40
33437 58
112 44
5995 68
167706 70
4394 70
836 33
7235 56
8809 62
102749 70
89087 42
42011 39
432 36
471 56
5628 62
1015 42
2 46
2269 47
69 63
3947 50
79091 52
104837 70
4037 53
7587 56
6881 52
1449 59
7225 62
81229 52
68952 54
4728 51
5081 50
33966 70
1779 39
3669 70
87197 70
170297 70
79057 47
95965 70
55207 70
4007 55
1220 72
80831 54
46723 45
71282 55
7757 62
3259 51
92309 57
1376 48
7192 42
4654 37
101423 70
53468 50
62662 70
3174 62
3698 49
2882 29
2359 53
1183 51
2792 47
1095 57
8387 8
53125 44
115713 61
2949 56
2471 38
3 49
1231 58
3861 33
240 44
1480 51
2301 54
1445 38
8045 70
586 49
2942 36
1185 59
4594 70
2474 54
3671 68
3196 54
64839 62
98697 70
2606 41
1777 53
5309 47
7022 69
4873 66
541 73
27311 58
43921 56
67734 54
4240 70
5026 64
168 32
33493 49
4125 20
7354 50
207 51
1094 50
742 42
1609 40
1042 49
3362 65
4553 51
4632 52
2278 58
468 40
122904 60
75416 70
42718 52
4285 41
79274 56
1794 70
45081 47
108192 70
3489 49
3503 60
89804 55
163809 70
577 35
3071 52
1204 72
3981 27
95771 70
45382 60
6548 33
59387 62
166528 52
168492 74
6691 70
605 40
424 20
2991 51
248 47
97950 70
3865 54
1216 49
342 42
35836 55
27772 45
176419 60
151781 70
277 35
6320 16
39381 58
5111 70
4090 56
2450 19
2676 47
2356 40
79702 57
1597 50
410 48
1721 52
3702 64
183301 70
1387 75
2072 51
26729 63
2393 55
4247 48
4591 47
1032 50
3087 64
1895 64
634 16
210 45
2074 63
51575 44
3505 55
5247 48
481 53
4215 38
1355 26
2657 62
2028 75
4011 68
420 50
552 47
1196 80
2395 52
5303 60
1752 40
3186 61
4310 52
1784 58
3200 69
7254 40
688 36
473 37
1079 64
1552 29
1148 69
1544 29
63113 44
2325 39
26649 66
6804 70
161 51
4109 46
34332 35
1653 58
4808 33
7707 70
3468 64
502 32
1221 80
1792 44
68319 49
6787 59
2119 21
3884 17
4254 17
3973 28
103609 70
8934 70
5377 57
42632 56
55290 53
4506 49
7840 59
5568 40
1689 33
7005 70
103228 58
59947 70
786 38
4351 44
172253 70
4679 56
1411 53
117630 70
1590 38
112623 55
3146 35
8984 41
1920 45
519 34
179817 67
3979 44
3741 59
44020 40
26630 70
7285 53
3030 56
1021 38
8638 48
87 48
7153 86
2877 42
2018 50
3173 49
5198 70
7101 50
7701 27
3213 63
26159 54
2339 70
33896 58
2000 56
4006 51
136562 55
37382 41
6645 62
171763 67
8528 67
27008 70
4017 51
4167 41
86142 65
1249 68
3255 62
736 40
2779 48
84414 61
27773 73
2083 62
98499 39
4034 57
119828 70
1993 32
94864 42
6631 31
2321 41
26242 54
3703 71
41566 43
2529 57
1968 52
8914 69
3257 34
159403 70
1036 58
76093 52
5103 60
6947 64
1952 64
2124 50
4084 51
6016 71
778 76
81 51
2171 58
1253 69
4275 47
7982 50
3723 63
849 40
2681 48
6565 62
39414 46
122916 58
6440 63
8917 54
72011 50
1605 37
1240 67
923 75
68157 75
5961 70
5053 70
3571 58
2403 60
3871 73
44238 70
72226 58
7004 39
2054 53
62970 45
5159 43
354 52
122924 51
48774 67
1394 65
3763 52
70286 69
1904 45
3969 61
81562 55
102590 70
233 54
4155 44
1031 62
76 44
459 41
1097 64
1178 76
60291 64
3328 63
1232 76
3036 60
5283 45
4327 54
610 61
2726 60
4732 24
5970 49
2396 67
594 51
1247 67
45499 61
3476 49
2399 41
137218 70
1997 57
3271 51
27801 59
6365 56
1799 56
580 39
122900 54
2803 49
80219 58
466 58
110882 60
3997 20
26176 70
2378 56
117895 28
26662 67
90603 64
119218 70
44 38
809 29
1960 65
4519 51
1959 61
414 37
1073 70
61236 41
1479 47
4019 58
1245 67
37857 60
161032 70
371 42
3020 58
88593 70
6774 52
2005 61
90405 52
26285 70
6793 25
627 55
1617 61
6734 27
108090 70
2427 39
51024 49
122922 54
3440 30
6874 78
4919 49
338 47
81591 65
1704 57
1499 30
357 55
62155 46
144 49
34148 56
53519 52
4504 70
2796 47
216 51
6827 21
1429 54
7445 39
1385 41
90471 51
8425 70
10 48
26542 51
7387 62
72998 51
89470 46
3629 59
1297 60
3424 64
1672 59
44761 63
196 29
70703 70
2383 32
180 64
4040 30
6333 55
4440 66
5291 52
88235 54
1639 55
4580 -1
153236 70
86190 50
4477 24
103027 70
32291 51
34811 70
5171 30
122260 70
8784 54
5954 64
8798 59
707 43
880 39
314 49
61323 58
600|20
3269 53
1394 76
3785 35
2717 58
5569 57
4306 53
1206 77
56775 49
2015 54
7 57
2013 54
262 62
1210 74
1060 63
2431 52
2077 51
2423 68
4641 68
527 79
5076 46
601|20
141846 70
68157 88
1262 86
106782 83
60069 86
49272 84
5445 81
1193 87
1207 86
79132 85
904 89
166024 83
1917 69
7153 87
2324 86
170697 78
31658 84
5989 83
88810 86
2571 89
602|20
161 66
19 52
350 62
494 64
14 66
471 63
125 58
434 58
235 65
481 60
315 57
371 61
474 68
527 73
21 58
349 67
440 61
339 64
480 70
163 66
603|20
602 70
803 70
2008 70
2577 70
3459 70
4787 72
2912 77
1769 59
485 55
4420 70
920 84
1 68
2706 62
1844 74
3787 78
1222 63
190 63
2716 52
3983 73
101 75
604|20
220 70
292 74
151 71
329 70
410 65
426 72
435 55
316 67
22 73
235 73
181 54
332 66
273 64
637 69
285 70
173 60
588 78
23 69
553 79
1 83
605|20
35347 70
6787 74
1197 78
5667 70
42738 61
51662 68
7373 62
596 60
780 74
4571 67
2316 65
7454 54
150 67
60040 57
8977 51
3269 57
72982 70
1210 77
62376 53
60937 49
606|20
263 70
563 70
583 70
3808 70
4671 70
4840 70
5856 70
6111 70
6573 70
8685 70
32728 70
55805 70
3147 83
4392 72
2311 72
6308 47
50842 76
6591 80
8270 71
2025 82
607|20
891 67
1610 75
448 73
3147 84
1094 67
1307 79
592 66
204 62
1552 69
527 77
3476 69
296 69
2313 75
3440 50
423 65
1518 69
2118 70
2193 65
380 73
2028 81
608|20
52245 54
2997 60
3793 75
2763 71
174 40
2000 66
1214 62
919 60
2700 64
4161 70
5146 63
1639 71
541 67
473 45
2529 74
522 66
4343 52
1909 59
2431 61
1220 71
609|8
296 70
833 39
356 75
339 61
454 64
318 80
208 54
292 61
610|20
5953 70
58975 70
70206 70
78626 70
82765 70
97988 70
107447 70
107462 70
110591 70
110746 70
118082 70
139655 70
160341 70
86644 62
56801 52
61024 78
77561 66
4816 82
62434 68
3972 85
