1|20
260 90
1927 93
804 81
3 83
1009 80
2406 86
1587 86
3671 90
2617 81
3053 89
2571 93
1222 92
2137 87
1377 81
2395 86
2761 92
2641 80
2872 87
1258 92
2700 88
2|6
333 75
122882 78
71535 78
46970 67
58559 83
80489 77
3|8
5764 70
647 46
6835 70
5919 45
2851 37
2288 56
5048 34
4518 41
4|20
106 70
1291 80
3408 65
265 70
52 71
4347 61
2467 74
908 78
345 74
1304 74
1923 70
2959 85
368 62
1219 78
4765 62
1199 81
4166 44
1732 79
21 65
2858 78
5|9
515 74
1 77
364 76
608 83
290 76
261 75
34 71
318 88
21 67
6|20
349 74
318 88
775 70
141 70
348 76
104 72
327 65
410 69
165 75
87 68
366 66
17 77
1084 83
222 72
16 78
416 58
277 65
460 65
867 61
316 68
7|20
8528 68
3623 48
8636 70
8360 66
1517 64
466 52
8373 47
1220 69
7155 50
8808 58
6863 61
31878 64
1610 73
1219 75
4700 56
45668 58
8970 69
27741 74
6333 71
8865 51
8|10
356 82
47 75
231 60
318 87
454 69
292 65
32 80
141 67
380 65
252 68
9|10
5451 53
923 76
5890 52
2901 51
922 79
6044 70
1987 70
5378 50
3735 66
5447 52
10|20
597 67
33679 62
8533 70
8969 65
72720 69
88810 77
136020 62
6377 78
5943 53
109374 78
113394 70
61250 54
82167 58
140110 71
5377 74
77841 70
6942 74
1028 76
72330 70
66203 61
11|13
733 73
1584 72
1210 85
170 69
1438 56
648 71
1918 61
493 79
10 76
457 84
1693 73
150 80
1923 78
12|7
2717 81
2100 81
838 87
2072 82
1876 80
2581 79
6942 87
13|7
3717 71
3624 71
3798 73
2174 74
47 81
3893 78
305 67
14|10
344 62
477 69
110 79
540 57
597 69
153 53
592 68
4 54
539 72
105 65
15|20
91529 74
7438 75
111759 73
2329 81
1 75
1909 62
1240 75
115713 77
1200 74
293 75
2571 76
3949 75
120466 63
1198 82
2028 79
2011 64
158 52
160980 71
4306 75
4022 70
16|20
1230 71
78499 78
913 75
1136 77
1299 73
1617 75
1203 76
3429 73
2858 74
608 78
3683 71
4002 69
1199 77
912 77
2707 61
5782 71
1260 70
319 68
27773 71
2109 68
17|20
260 82
64839 83
296 86
5952 85
527 86
1193 86
3681 83
1240 83
2717 73
2858 83
1093 78
81932 80
5618 87
50 88
5971 83
2959 89
1201 88
541 86
82459 83
1 82
18|20
8117 70
65596 70
88094 70
145283 70
157110 70
166015 70
171023 70
103253 62
60684 77
44199 77
2 65
86628 69
59784 68
2918 78
109374 82
4226 83
53129 72
139385 77
47 78
1291 83
19|20
3692 70
3662 44
54 42
2733 42
1702 46
1240 66
1270 71
3712 42
1881 43
216 57
3 50
1834 69
2184 53
3017 50
2044 38
2354 42
2005 62
3146 37
3387 45
2694 51
20|20
1566 74
5419 64
4014 64
2140 78
586 55
661 67
3189 76
5014 76
1333 76
4161 60
3784 54
1030 58
5313 49
2804 83
2054 52
34 76
1097 75
6358 70
4519 63
1722 61
21|20
107013 70
117922 70
140301 70
57640 72
2985 65
2990 64
2717 59
5418 70
31433 59
112175 70
7153 77
30793 62
4446 64
52973 70
45186 65
2023 66
79185 61
1721 63
102125 65
5459 53
22|20
8961 54
2723 42
60950 43
64575 47
1193 64
70286 55
4993 63
2160 63
39183 49
7147 54
3996 54
3481 49
55765 56
48780 57
7361 66
51540 50
6711 59
2968 56
3949 56
48394 51
23|20
6234 70
3996 73
293 75
1206 79
1136 79
1960 70
7587 69
3424 75
3181 76
2467 74
1248 82
1617 77
6807 75
1952 74
6440 76
1258 78
1243 79
1080 75
8228 71
1711 62
24|20
1784 69
2617 58
111759 73
134853 74
58998 75
1265 75
1198 81
3147 80
1197 80
1220 71
2424 60
5418 71
72011 69
54286 73
27773 73
64957 67
356 79
44191 74
1682 71
68358 75
25|6
58559 95
60069 92
74458 90
79132 93
527 95
260 91
26|21
10 70
34 70
47 70
150 70
153 70
165 70
185 70
208 70
225 70
288 70
296 70
300 70
344 70
349 70
356 70
380 70
434 70
454 70
457 70
592 70
593 70
27|20
1196 84
2478 64
2640 75
3508 83
3555 70
1201 84
3519 67
969 82
2080 69
673 58
2886 55
2529 78
1387 80
1101 70
1947 76
1250 82
1276 85
3114 75
1083 67
3809 68
28|20
27450 70
60943 70
61011 70
63033 70
5617 65
59369 58
60046 70
507 49
3300 59
55094 53
59018 70
26695 70
2951 67
3006 67
2231 68
5418 63
26812 57
2058 55
353 65
61167 70
29|17
98961 84
7379 70
1250 88
1201 90
111362 84
48516 90
1100 63
26554 77
3441 77
4327 77
2872 79
2301 81
1617 86
3681 85
55820 84
4223 77
99114 84
30|7
5952 96
108932 94
1200 93
91529 93
116823 89
112852 94
1198 98
31|10
1198 89
1200 83
648 76
1363 69
1073 82
1036 83
1197 88
377 76
1246 85
1270 85
32|20
236 74
314 75
1356 79
357 73
224 75
627 72
1079 84
1084 85
318 91
761 58
1197 86
849 67
912 86
880 57
1198 87
58 83
203 74
608 86
497 83
410 70
33|20
110 80
17 74
2396 73
2272 65
448 69
428 74
265 74
1280 82
1177 77
1617 82
50 85
261 78
11 73
452 59
345 78
608 84
150 78
1188 75
800 78
2690 71
34|18
780 69
2273 67
3717 66
26606 68
45499 65
3996 76
4310 58
3624 65
31685 67
1721 67
5146 66
7090 78
70 73
2006 62
3000 80
4306 77
27728 56
3997 51
35|5
11 79
185 69
595 80
21 77
300 77
36|12
5171 43
3066 59
552 45
4025 42
1262 64
2735 40
2359 55
1372 48
1278 67
2194 58
3347 61
1704 63
37|5
344 73
356 89
661 75
329 78
457 87
38|16
434 51
39 60
223 73
161 62
246 75
168 50
273 53
480 66
356 77
457 75
364 71
50 79
500 60
300 64
551 63
21 63
39|20
2571 83
2391 80
1921 82
1862 47
1219 83
1907 77
2081 78
2459 72
924 79
2529 81
1729 75
47 79
260 82
2080 71
592 72
296 86
3213 84
610 77
589 83
596 73
40|20
440 78
454 78
588 81
339 74
158 64
432 61
431 81
186 66
616 79
514 83
21 77
592 75
1 84
223 85
585 66
216 78
104 76
371 78
111 86
267 69
41|20
96829 67
64839 70
122882 69
6287 52
1569 58
106920 77
86781 70
3160 68
1721 57
2028 74
6763 40
5418 65
53519 55
122904 66
55247 68
924 67
4011 72
2324 71
35836 63
5995 70
42|20
3869 77
4654 62
1021 58
2423 73
3248 42
4477 56
2500 56
1431 65
195 67
3326 60
2407 73
1090 81
2735 60
3693 60
1020 73
4545 68
4132 64
2263 61
3535 78
2805 56
43|20
225 89
296 95
596 88
588 91
587 91
420 83
158 84
631 84
5 84
597 91
168 85
355 80
47 92
367 86
519 80
594 90
236 89
1 92
60 85
259 84
44|10
36 78
663 71
12 52
661 65
94 80
1 79
104 68
112 66
494 68
889 70
45|20
2718 73
1036 83
2028 86
1653 85
1682 81
2396 79
3249 78
261 84
4308 78
329 75
1367 68
2890 83
593 88
1127 80
2431 75
6377 85
569 70
1197 88
1060 80
2858 85
46|9
590 83
588 82
315 72
208 72
1 84
432 66
225 77
434 71
339 78
47|20
508 66
68932 58
72395 61
2420 66
597 59
148626 70
5989 68
96588 64
69122 61
6155 54
4975 58
30749 65
106100 66
45950 63
2028 73
4018 55
1259 68
6373 51
33166 64
2407 57
48|7
4886 87
1320 78
1527 84
1193 92
3793 84
48 76
1653 89
49|5
2028 85
1214 80
139385 80
318 91
527 87
50|20
8143 70
114335 70
136564 70
142074 70
171759 70
175693 70
179073 70
175707 70
71264 48
82848 70
1377 44
44555 64
8157 56
6807 62
95543 42
8253 47
96610 54
924 60
32875 70
4896 57
51|20
7040 70
5620 66
2613 62
4437 84
2023 79
1500 81
522 80
858 92
4508 83
2951 87
1014 79
1407 71
2282 76
2420 83
3388 59
260 85
3186 80
3994 78
3501 70
2371 68
52|20
152081 86
51255 87
74458 88
1923 86
7438 88
40583 86
59784 83
55765 89
112852 89
86892 89
55363 88
112138 87
49272 91
52245 81
69481 88
50794 79
1704 91
54736 86
44665 86
47200 80
53|5
481 86
1100 84
249 91
1125 92
916 96
54|7
296 74
593 70
639 50
1 66
205 52
161 55
500 54
55|5
2407 51
673 39
3275 73
2890 61
4011 67
56|10
786 73
253 81
165 84
110 86
589 88
370 75
434 73
410 78
69 83
185 75
57|20
2140 73
942 80
920 70
3175 66
1784 69
3429 79
933 80
1193 84
3446 40
160 46
1499 27
2640 74
892 78
11 70
2947 75
6 81
2478 54
2291 77
1688 59
2301 69
58|20
588 82
282 76
185 70
419 68
367 73
277 70
48 71
280 83
337 82
345 84
3 74
357 77
527 89
587 80
218 75
500 76
508 83
368 77
364 85
353 83
59|20
1696 69
6460 86
3489 83
1188 84
1222 88
2076 86
3448 84
1263 88
1247 88
527 90
1244 87
904 91
903 87
965 84
2616 73
1953 84
608 91
105 77
912 91
3471 85
60|5
832 64
58559 82
805 73
455 55
858 85
61|8
266 77
1101 76
7438 82
173 66
555 80
2012 77
4878 84
3949 83
62|20
99114 85
176371 84
3793 80
56757 80
73017 84
30793 74
179819 70
68554 74
185135 77
168248 81
5903 85
4878 86
2028 87
5502 73
6058 65
344 71
1721 75
45499 73
41566 78
78105 71
63|20
5669 74
4246 70
48780 77
500 64
6016 79
31658 79
2858 78
64285 74
85414 68
1221 82
106696 69
4963 72
50 83
1097 69
260 79
110 77
1222 78
4979 73
5952 80
77561 68
64|20
5878 83
3101 65
2640 77
2959 88
8784 77
2054 59
4239 79
4025 64
5026 81
40819 80
266 72
2699 60
27266 75
3969 76
1805 68
6296 72
4776 77
3148 79
4262 79
356 85
65|7
1246 81
33660 80
7458 72
2329 85
4993 83
91542 76
3147 85
66|20
593 88
47 83
5418 81
922 88
2139 80
2956 75
3745 76
1956 83
4581 70
5349 77
1210 87
1094 76
2001 76
380 76
6539 82
671 80
1 84
6378 82
7766 83
296 87
67|8
99114 80
4306 80
27193 76
79132 81
60069 80
2012 73
4886 79
4993 82
68|20
47978 70
95218 70
6534 53
48696 72
67267 71
30825 59
1799 69
3556 71
8622 66
4351 64
63113 64
58295 64
7151 68
2413 62
6287 59
653 57
41566 65
5541 58
260 76
48043 66
69|10
4370 83
4848 92
3671 90
2476 88
1193 95
356 95
553 88
4022 88
260 91
3994 84
70|13
1193 90
1097 83
1914 84
1269 87
4995 87
318 94
8949 85
1968 84
1210 89
89492 86
1250 89
1235 89
2366 84
71|7
494 68
647 70
736 64
95 60
733 71
589 79
7 62
72|9
1047 74
150 85
858 92
2490 80
1357 86
260 85
50 91
1198 90
1196 89
73|20
1193 85
45720 73
105037 59
6333 80
59315 78
76293 63
138204 71
2706 65
152081 73
45221 55
68135 68
150 80
8376 74
93510 78
59784 67
116823 74
106072 69
1682 78
52245 65
35836 76
74|20
31522 70
2594 87
2908 87
30749 89
6870 87
3006 87
52281 85
49772 85
55118 90
2997 88
6305 85
608 92
4546 86
41863 85
27773 88
6001 90
1251 89
6552 89
46976 85
44555 89
75|14
5445 69
1240 73
5952 77
2193 68
6870 70
2529 73
168 50
541 79
3176 66
1962 65
2078 73
1889 64
1266 75
1374 69
76|20
48877 39
5956 61
2918 63
58803 55
1247 69
74458 61
7669 66
79132 64
8957 42
858 78
55820 72
1258 74
63436 42
1201 74
1208 77
48 47
288 55
34405 68
1 68
1196 73
77|6
3996 78
4973 84
7361 84
8636 77
3578 80
33794 79
78|13
296 82
165 70
3809 64
589 78
546 45
27904 72
260 79
590 74
480 71
68791 69
344 60
44974 69
380 64
79|13
3266 90
3029 80
589 89
1916 83
307 87
4005 73
260 87
1189 83
1345 81
2000 83
1374 83
2659 70
2076 86
80|20
7445 86
96691 79
84189 70
91630 84
49530 87
8950 89
6539 86
4223 83
5630 84
3527 85
76251 85
80363 75
52604 81
6502 91
34048 78
1221 92
60684 84
6952 79
5989 89
77561 84
81|26
10 70
32 70
47 70
110 70
150 70
153 70
161 70
165 70
208 70
231 70
288 70
296 70
316 70
318 70
329 70
344 70
356 70
364 70
367 70
377 70
380 70
457 70
480 70
588 70
589 70
592 70
82|20
6886 70
2381 60
2378 68
6566 65
368 70
6536 69
3253 70
4310 61
1608 69
1372 70
145 66
356 82
6708 72
1485 67
4369 66
6564 57
6888 55
5803 56
4015 57
364 78
83|20
56367 69
7143 67
7323 61
6539 67
161 59
586 48
2115 66
1270 75
6874 75
2324 73
1537 73
7153 77
68954 76
48774 72
30749 67
8014 69
1222 74
3753 58
1223 77
64983 53
84|20
55 70
987 70
912 83
1096 78
420 57
1227 83
113 58
580 61
5060 78
1293 78
900 70
1097 73
62 72
368 69
1305 69
1247 80
1296 75
11 73
1073 76
1094 67
85|7
1519 70
1624 53
1140 70
1694 59
1643 72
1747 71
1635 75
86|14
4993 86
4310 71
6947 81
2411 72
457 86
5418 81
3996 82
4901 79
1835 78
33794 83
1196 88
3555 78
1097 80
2687 81
87|5
4023 71
2009 76
3504 86
671 78
2139 78
88|12
7312 70
74795 72
4993 87
68157 87
5952 88
1193 89
223 85
8665 80
4262 83
56782 90
8677 64
58559 89
89|104
26645 70
32060 70
44851 70
53280 70
53578 70
67888 70
69211 70
81087 70
84246 70
103602 70
108078 70
109596 70
118894 70
121007 70
128089 70
128944 70
131098 70
131439 70
134847 70
140481 70
146684 70
148632 70
150554 70
164226 70
30793 68
169912 60
87869 74
1923 74
4015 53
950 73
173253 70
2324 79
27826 70
92259 82
11 73
3977 63
86298 65
8154 77
77688 70
2997 76
170837 70
49274 54
157775 70
1 76
142196 70
99117 63
62008 70
72624 70
108156 67
3752 67
2059 68
128520 76
3175 74
133879 70
48649 70
126088 70
5529 60
65588 70
99130 70
40962 54
1732 80
68659 69
91666 70
2683 69
3751 71
750 81
6650 70
149508 70
2395 72
51575 61
65230 69
171751 70
85881 75
139157 70
6863 70
4246 72
108949 69
1230 75
160567 66
73319 63
177185 70
130520 67
5220 60
121338 70
153386 70
50872 75
149566 70
145491 70
4890 66
129354 63
32243 70
84944 73
6402 70
1288 77
140133 70
119141 71
947 77
176621 70
4973 79
158398 70
69469 70
54503 76
141928 70
102481 69
90|11
1137 70
1144 70
581 83
81 74
892 86
1073 84
116 75
896 71
17 84
7 73
613 72
91|20
3013 70
6395 70
8147 70
7153 81
3360 71
2791 76
3897 75
1080 78
4850 61
3429 77
7000 69
2060 72
2916 69
1391 57
2100 61
318 87
2146 65
1225 79
1246 77
8501 63
92|5
2572 84
2114 85
1015 78
2454 80
1801 85
93|20
736 84
1917 82
552 83
1721 84
539 87
480 88
1372 86
368 86
2355 86
1923 88
2193 88
2006 83
339 86
1097 87
1591 78
260 89
2968 90
1676 83
593 94
558 80
94|12
231 55
377 60
367 55
364 70
288 61
19 50
10 65
586 53
590 68
380 58
589 72
318 82
95|20
18 81
4878 85
6979 79
4732 67
3019 84
5246 67
32 86
2952 83
1247 85
1198 89
5283 68
3361 84
1513 72
2009 79
539 80
122 67
1584 79
1240 84
4262 83
5349 77
96|16
527 84
1094 67
272 80
3819 75
150 79
2021 72
2571 81
1214 79
2058 65
1220 75
733 72
2340 59
1721 68
2396 74
367 63
1291 84
97|8
4701 78
4306 86
3578 86
4993 88
4963 83
4299 76
3981 67
4161 77
98|19
81845 85
8961 82
122912 82
5299 73
63992 51
187541 59
56152 80
134853 84
69644 64
6863 76
5618 89
56801 64
3499 85
134130 85
74789 69
82461 71
1258 87
88810 86
79132 86
99|11
318 98
161 83
420 67
592 81
196 67
122 69
145 77
150 89
316 78
236 83
588 87
100|20
497 83
296 84
1393 77
95 71
592 75
605 70
6059 76
28 82
2245 75
62 79
4308 77
1777 77
838 78
2125 81
1288 83
234 67
1197 86
2005 81
4014 77
4623 78
101|13
2580 76
3285 57
2723 66
2700 77
2908 76
2390 79
3175 71
2395 71
358 58
2702 61
3394 49
2997 80
2502 82
102|12
158 56
588 72
150 75
592 67
253 70
480 71
344 61
539 70
553 72
593 81
586 59
223 77
103|20
86014 70
1954 83
60040 72
1968 82
77206 70
2161 80
1732 87
81834 83
608 88
2384 73
4254 53
104 77
139642 73
56782 90
2096 80
101 85
6534 63
374 50
60069 85
30793 74
104|20
4740 70
743 49
5218 71
8643 66
1288 78
47997 70
468 68
76251 73
8533 73
4018 67
38038 76
1566 74
7361 80
6060 59
3034 74
1641 73
4641 73
108190 65
616 72
7034 71
105|20
4788 70
69685 70
95311 70
95313 70
110586 70
141816 70
141818 70
170597 70
172587 70
172793 70
173351 70
173535 70
6433 73
4974 74
70286 83
108981 70
95175 70
69122 83
1243 89
3916 84
106|7
69844 88
72998 84
59501 81
86880 80
5349 81
53125 85
59784 80
107|7
231 74
253 81
590 84
165 83
434 72
208 73
318 94
108|16
800 83
6022 71
4995 85
2585 76
5316 69
4975 75
3978 69
5349 76
2926 78
4246 79
4878 85
4994 78
1968 81
1684 75
497 86
5380 83
109|20
380 60
1033 64
231 56
364 72
589 74
480 67
62 65
31 56
587 64
1032 64
586 53
778 78
540 51
256 49
163 66
252 63
223 73
553 68
537 59
168 52
110|11
26171 64
2468 47
1198 84
1089 84
1222 80
1208 85
4881 78
47 76
527 84
1193 83
2428 51
111|20
100194 70
162602 70
171251 70
2145 66
96588 73
65088 70
66203 61
84772 63
2081 72
91529 76
6365 64
45666 56
3255 68
1282 74
6539 73
86833 71
122882 75
59143 67
86911 62
5283 56
112|13
788 51
161 69
1917 59
16 78
21 70
208 57
434 56
39 67
3717 64
19 53
110 80
32 82
70286 79
113|20
4083 70
39 66
3168 71
932 79
2331 60
3359 80
1086 83
3504 82
1339 71
904 85
3546 70
4063 48
4062 60
1077 79
1589 72
2475 61
3831 68
46 51
1733 69
4007 73
114|7
141718 70
54001 69
2291 69
167732 70
122886 68
8961 69
3147 76
115|20
1580 71
2804 82
1387 82
2792 68
3146 56
3273 55
3052 75
2841 74
2719 55
595 77
2700 78
383 64
2027 53
2148 64
2770 65
3785 65
2916 75
3175 75
588 77
1377 67
116|18
2716 73
858 82
1299 75
62383 67
1339 68
1276 81
597 68
1029 65
1101 67
2797 73
2657 68
1961 71
1407 63
5995 75
1704 77
165 71
2115 72
8360 70
117|20
708 67
587 71
589 79
151 72
36 76
1036 77
595 74
288 69
596 69
48 62
315 58
454 70
353 76
474 73
10 73
60 60
805 74
491 66
616 72
485 59
118|5
1221 79
1625 65
153 49
1961 67
1810 62
119|20
95441 81
117176 88
1092 80
91529 88
74458 88
4387 87
79132 91
168252 91
44022 84
78499 92
122904 88
106782 90
442 80
4993 91
31685 81
6365 83
141004 77
4148 79
88744 87
8644 85
120|5
260 78
32 77
5 54
631 58
52 69
121|12
497 76
440 67
161 67
527 81
292 64
344 59
186 55
316 62
1 75
19 52
163 69
337 73
122|20
27660 90
69784 88
7022 94
148652 87
4816 89
56174 88
94959 93
81591 92
71535 93
30810 91
2997 94
1732 97
108932 94
780 89
1090 94
3253 88
106782 95
72226 94
1200 94
1214 92
123|12
68554 74
115569 84
79132 84
109487 82
1196 86
4226 85
296 86
7153 85
143458 70
47 81
96829 82
2858 83
124|10
56145 81
2161 78
260 83
175 85
1358 80
6377 84
4226 86
3147 87
608 87
1223 86
125|20
5088 70
86721 70
110330 70
54503 81
72011 78
162578 82
119145 81
176371 80
55247 82
1240 82
86332 77
68157 84
112623 79
4082 66
160567 72
3342 74
109487 81
88140 78
98607 70
81562 80
126|8
364 74
349 68
231 58
380 63
410 61
300 67
253 67
457 77
127|5
2915 61
903 67
55276 63
5060 69
272 68
128|7
904 87
965 79
926 84
1066 87
1721 75
1080 82
1198 87
129|20
4370 74
480 79
3698 73
2692 84
2138 82
1968 79
8368 83
653 70
7143 81
316 72
6874 81
239 72
2916 78
733 78
4896 79
2028 83
3977 69
3000 84
1907 79
31658 84
130|6
208 62
316 66
292 68
110 78
590 75
296 82
131|14
2273 59
6947 65
58559 79
908 74
4878 74
89745 75
7256 71
68237 70
2722 45
2028 76
48516 78
3178 66
64614 73
969 76
132|20
6251 70
3275 75
4995 67
2987 61
7444 53
3262 59
4168 52
31658 69
44191 66
1089 72
3967 64
5502 51
50 74
58559 74
5992 64
2108 59
1844 58
2657 57
47 63
2470 54
133|7
454 56
356 70
589 66
150 63
153 43
380 52
527 73
134|7
442 67
595 78
349 76
380 72
367 69
509 72
296 85
135|20
592 70
4084 59
893 67
3994 72
2004 70
608 86
1358 78
3852 77
3489 71
1614 54
1198 87
4128 78
1883 69
2302 61
1291 85
410 65
1261 83
4022 76
4881 81
1077 80
136|20
161 73
193 56
585 63
338 63
277 65
380 71
181 52
337 78
437 56
165 76
611 62
151 75
340 70
252 73
432 58
552 67
350 71
280 78
273 64
150 80
137|20
6787 79
2716 78
1198 84
750 85
919 80
1270 80
318 88
150 80
2997 80
1200 79
6986 70
7153 82
1242 83
110 80
33493 74
1197 84
2959 87
1237 84
903 80
7762 81
138|5
2707 67
1960 75
1959 75
849 63
3996 77
139|20
4025 32
7445 40
60684 54
4865 45
68319 33
7090 50
5502 35
260 61
8371 36
53953 35
58025 32
106782 51
6957 42
7163 31
3827 32
3624 36
52722 31
54259 43
4367 30
115617 48
140|20
5699 70
5299 67
1393 68
356 81
609 67
32596 64
4795 63
34072 72
1617 79
5256 59
5943 55
1084 81
4337 70
3108 73
43396 77
4719 62
1005 56
4321 69
5812 73
4259 71
141|20
5418 72
54503 76
4963 73
2478 59
71535 76
317 59
68954 79
54286 74
6365 63
54272 71
4447 65
5502 62
6377 78
6373 58
1265 76
91529 76
2502 79
441 74
1517 68
48516 82
142|8
434 63
384 68
588 79
50 89
527 89
356 88
337 81
377 74
143|15
1721 62
61250 54
6942 72
7169 66
8533 67
106696 66
3421 68
87232 71
78316 61
69069 63
59421 53
2144 67
96821 74
7173 60
500 63
144|20
589 77
541 80
8368 78
597 67
590 74
410 64
1246 77
527 81
356 80
500 66
19 53
2700 73
434 57
733 69
780 67
1036 75
5377 75
552 61
586 57
2081 72
145|5
344 59
339 62
380 63
318 87
588 70
146|7
7293 64
3257 59
32 75
1367 56
3686 56
410 60
47610 68
147|5
1234 77
168 62
552 64
555 74
2395 70
148|10
88125 75
5618 80
108932 77
81847 70
72998 69
5816 70
8368 78
7153 80
81834 75
4993 78
149|12
1097 56
1374 59
1831 40
1527 62
260 71
173 40
1206 71
1200 64
2021 54
1580 53
1391 46
1375 51
150|6
3 63
1356 75
5 57
95 56
733 70
1073 75
151|12
786 70
562 83
780 80
837 80
747 74
1265 85
828 71
1073 83
1 85
648 78
1393 79
1359 73
152|13
50 87
2959 89
116897 81
89492 82
1193 86
69481 81
85774 87
115713 84
111 83
92259 87
1234 81
79132 83
318 90
153|20
134853 52
1732 58
8533 43
4014 39
81456 37
106782 52
8528 46
6863 41
87194 39
2617 33
1246 55
106100 50
1954 50
7458 42
4226 61
89904 49
72998 45
133780 70
586 32
36535 47
154|7
114662 82
119145 87
81834 86
122904 84
106072 76
76093 88
77561 80
155|10
153 62
3286 62
1200 78
260 79
141 70
2355 72
2384 69
2948 77
432 61
2959 86
156|20
26313 70
31038 70
1230 76
1711 65
3341 70
6296 68
762 37
2361 62
2076 77
4784 68
661 65
2926 71
8571 70
47 76
3176 72
58 80
848 65
866 81
1485 62
923 80
157|5
785 66
3617 63
2720 47
2770 62
527 83
158|6
1093 72
2605 68
2872 74
2723 70
2428 60
66320 70
159|20
2959 82
60069 75
45720 66
597 65
4022 70
89864 69
49286 65
140110 69
84954 61
4447 64
1197 79
68954 77
6942 72
1961 69
106696 68
480 69
539 68
166643 71
40819 74
63082 76
160|20
126 32
1371 51
1198 79
196 40
3408 59
5349 57
3213 72
2408 38
839 36
3593 17
2748 27
533 42
1975 34
1676 54
3745 53
2011 53
733 59
3826 33
778 77
2840 41
161|8
4980 69
7247 78
47610 79
1223 85
38038 81
3429 82
2144 76
2336 74
162|8
150 90
225 84
168 80
50 94
300 84
266 86
31 82
62 87
163|5
1608 59
1810 60
1747 63
1777 62
1837 53
164|8
1036 83
2916 79
110 85
589 86
3527 80
1101 76
1201 89
2167 72
165|13
2353 65
3624 62
110 77
5505 65
5527 71
3256 70
5956 71
5418 72
5530 62
5450 67
1127 71
3409 59
5881 62
166|20
33794 83
1721 75
4011 86
5378 70
3481 79
49530 82
2353 76
47644 68
54272 79
8961 81
1198 88
2542 84
1036 82
608 87
434 67
5219 69
5418 81
2396 80
349 79
2324 87
167|20
33493 64
4886 73
778 80
3052 68
7147 72
6857 73
45501 50
6480 70
1682 71
2231 76
784 48
33794 73
2083 72
2413 60
6333 73
8961 72
2139 68
150 73
6773 70
35836 68
168|19
3730 92
1248 96
1201 95
1089 95
296 93
923 90
1222 91
5291 86
3543 88
1302 84
3362 89
1148 91
3101 75
57669 90
2076 88
1729 83
908 92
85354 75
80463 90
169|20
3536 87
2028 91
364 92
953 91
4886 89
5400 78
8644 86
524 82
2795 86
1022 84
3114 87
3967 87
1517 84
1035 90
8641 88
6365 84
661 81
457 91
3287 77
1416 85
170|10
318 86
296 81
586 55
377 64
34 69
592 64
277 57
500 64
266 65
588 70
171|17
485 83
1220 89
1025 92
801 85
1259 96
1079 97
828 84
317 87
869 87
380 89
1136 97
1225 96
661 86
318 102
47 93
1198 98
1208 99
172|6
3087 67
3578 78
7438 77
2072 67
3793 73
2762 75
173|5
10 75
329 70
586 62
597 71
588 76
174|14
553 77
520 66
224 75
648 72
161 74
317 68
158 61
780 73
315 63
485 65
282 71
440 75
350 72
10 76
175|5
531 74
8911 70
43904 52
38388 81
8362 68
176|8
165 81
434 69
39 76
368 78
380 76
780 78
47 83
471 82
177|20
42002 64
91542 73
6332 52
3668 74
45672 62
783 64
27706 63
2657 69
114662 73
1206 82
83132 75
5218 71
508 76
3114 73
1321 68
2176 73
8798 75
88140 74
2012 69
339 65
178|16
7361 87
527 88
2329 88
5995 82
6502 85
4235 80
1198 89
208 63
6539 79
296 87
349 77
10 78
4226 86
1240 82
2579 72
318 92
179|14
367 70
589 84
161 76
231 69
288 75
743 56
1061 79
317 70
786 65
592 74
671 77
296 86
434 66
364 83
180|5
1261 77
260 78
1748 76
1242 80
2140 71
181|20
157 56
593 75
596 60
353 68
539 62
516 56
132 55
169 38
25 64
31 54
542 49
6 72
707 51
185 52
464 51
502 40
415 44
480 64
592 60
344 54
182|20
4879 70
6969 70
3911 77
2728 77
4313 70
8042 80
1291 83
3113 64
3578 80
1590 61
161 71
4452 61
224 73
4980 65
4262 79
2353 69
2890 78
1127 75
541 84
6041 77
183|12
480 74
380 68
1196 83
2951 79
2534 60
4085 70
1287 82
2194 77
3247 60
1233 80
2662 69
1408 78
184|20
158035 70
181413 70
193565 70
97304 82
74754 59
168250 80
191005 70
106072 72
166291 83
127152 76
86332 75
80463 86
5816 79
122898 60
81845 86
5810 69
170813 61
174479 70
112852 87
148626 87
185|10
1685 70
2396 71
5377 76
1721 65
5952 81
1393 64
595 73
2085 67
4995 77
899 79
186|20
2605 81
1214 85
1291 90
3745 81
1269 88
2527 82
2532 78
4361 85
1307 85
2968 87
4306 88
2541 83
1702 77
480 85
1097 84
3977 77
919 87
3527 84
593 91
1196 90
187|20
26122 70
3949 78
49272 80
231 61
1206 84
6874 80
1729 70
1209 82
48394 75
6502 82
2701 44
4027 77
288 69
2542 78
7153 83
39427 58
6890 71
1222 80
8949 77
1748 80
188|10
2346 84
1212 92
594 86
1282 85
3469 83
2396 86
1091 75
3341 84
1264 86
2206 90
189|5
48516 82
4993 79
79132 77
2959 84
58559 81
190|14
6711 83
4776 77
8784 78
4995 82
5630 73
4306 81
30749 80
1221 86
4975 71
8961 79
858 89
8464 75
69844 81
7438 80
191|17
496 70
21 69
72 67
175 82
494 66
417 72
17 73
6 80
85 61
292 64
314 68
58 80
235 73
213 55
161 68
160 54
162 84
192|5
356 89
288 80
316 78
349 81
432 72
193|7
44555 76
55442 72
4878 76
6016 77
307 75
1270 77
5618 80
194|5
163 75
1396 72
1500 75
1288 82
5060 79
195|20
3424 77
2770 55
1041 78
1653 78
1923 71
3160 74
4723 49
1863 48
2336 63
2166 52
4308 67
1909 61
260 78
2028 80
3252 69
2908 73
1392 62
1365 66
70 69
190 58
196|7
70286 79
3578 80
59315 77
58559 84
364 80
1214 78
110 80
197|7
1513 67
1240 77
1882 55
786 64
2167 69
153 61
1784 75
198|20
3894 70
3499 77
920 69
1213 83
3949 76
1994 68
1485 60
2572 69
4019 70
1089 82
110 77
593 81
4128 74
1270 78
4886 75
1079 79
2117 75
912 81
1573 64
1682 73
199|20
5464 64
2165 62
2280 53
736 51
5673 67
349 67
5502 55
482 74
8532 70
1172 79
300 66
50068 71
4881 74
3175 64
7445 61
2973 78
34338 61
41997 67
1956 71
377 59
200|20
3809 74
7022 82
50802 72
3968 72
2485 68
500 75
5610 65
590 80
1029 74
53996 76
2572 79
4993 84
4041 76
57640 80
1302 78
1784 79
6383 54
1653 82
1569 75
1517 76
201|20
1748 88
1527 84
1584 82
2858 89
339 79
589 90
2717 75
994 89
788 67
1196 92
2797 87
733 82
1259 89
2174 81
1198 93
2455 82
1569 80
1213 93
160 72
24 74
202|20
3329 70
924 80
29 82
2289 80
1197 86
1196 86
2966 79
161 75
608 86
1209 84
1296 79
3194 69
1784 77
469 80
923 83
2000 77
1587 74
1719 81
3147 86
32 83
203|9
56174 71
8665 77
2407 71
5952 84
590 79
49272 82
40815 78
333 75
296 85
204|17
1136 86
3949 81
33794 80
48394 78
27075 70
1080 82
79008 77
6104 86
8874 83
81591 79
4878 83
91658 75
711 60
2313 80
86320 66
55820 82
5218 74
205|6
912 83
99114 79
91542 76
5816 75
95167 71
96079 76
206|5
36 80
608 86
733 78
140 71
141 74
207|5
2991 69
2428 46
2707 58
3740 71
100 51
208|6
1210 77
2628 55
380 58
2353 60
2278 62
2762 69
209|7
60684 81
1291 88
68157 87
74458 83
185029 79
122886 81
88125 84
210|20
123553 70
34405 87
166203 70
3147 92
31696 78
7649 80
58559 91
2105 80
6365 81
34397 70
4625 77
84772 80
122926 92
76093 89
62836 70
33493 83
1584 84
47610 86
108932 88
122918 87
211|18
58559 85
63113 71
90405 64
57669 82
60684 77
7153 83
73017 78
2105 69
4367 59
356 84
2642 54
1556 38
318 89
44665 77
85414 73
1198 85
1136 84
260 80
212|20
170697 72
122920 75
122892 72
2571 80
5218 72
48394 74
3578 78
1196 82
135143 73
74795 69
179401 70
79132 80
77800 77
108932 79
110102 77
96821 80
8874 79
65261 77
59784 68
2291 76
213|17
3285 72
87520 62
80363 68
76251 79
8957 70
2860 65
1234 81
5419 76
51935 81
69844 82
39446 70
4132 70
858 88
69526 62
4558 69
49530 80
58559 86
214|5
83 70
628 67
743 41
1363 52
802 55
215|20
1172 81
4973 83
63082 80
1291 81
2028 81
3252 71
3210 69
1968 73
1247 79
49272 78
1089 84
72407 48
5650 76
318 88
1208 85
2000 72
1197 83
1196 83
1297 73
4019 71
216|20
104 66
21 69
3996 76
3946 55
2946 66
3993 65
3897 77
2599 75
34 72
3994 68
4034 80
3363 80
1965 67
3422 65
3555 67
3253 68
2087 74
3986 57
2018 66
1923 73
217|20
1867 70
3434 70
1275 65
2468 44
3197 54
1912 62
2302 53
1876 50
380 56
1221 74
2471 42
1918 50
1385 53
3165 57
1590 52
1562 44
1703 52
2056 70
1831 46
160 49
218|6
2657 63
2692 76
1380 58
1198 80
6934 55
5349 62
219|20
60072 48
2115 69
59315 72
6539 71
442 47
30707 76
1704 78
180 63
1219 78
1005 41
27773 73
56156 63
6188 65
6721 66
30825 51
2997 77
1552 51
1500 67
2890 72
1921 77
220|20
3996 83
733 78
1198 90
3994 77
6539 82
1258 87
1917 67
4545 72
33794 84
165 80
71264 76
4623 80
53464 59
5218 78
6365 73
3751 77
32 86
1036 84
5502 72
1591 62
221|20
4338 70
7013 81
8529 72
1080 83
3246 85
2871 83
1208 89
7063 82
2702 70
4029 83
5954 80
2352 83
922 87
2997 83
1278 87
2858 84
1212 86
1959 80
1961 80
3671 82
222|20
81831 70
100498 44
48516 77
1249 76
99813 68
91529 69
59900 52
93287 66
1721 58
2706 57
3273 45
2411 50
64622 63
7143 67
87869 66
778 77
30825 54
42011 46
673 48
64839 71
223|15
55854 70
6711 68
1 66
736 51
1961 61
457 69
2716 65
48394 61
608 74
8784 62
48516 73
3863 50
4306 65
260 72
2683 54
224|11
3496 70
3044 82
356 87
2915 80
289 72
3668 82
1270 84
2797 83
1721 76
2716 82
1259 85
225|15
2423 74
1285 78
588 78
1717 64
2791 80
1321 73
1136 84
1197 85
1753 74
2004 73
2371 66
1407 69
785 71
1060 77
3024 71
226|20
6938 70
32666 70
3552 79
542 57
1240 79
3098 74
2804 81
3668 75
3653 72
2231 81
145 64
2253 59
3052 74
2628 63
762 39
53129 71
4816 72
16 78
2144 73
46948 66
227|19
46976 80
52319 76
81845 84
109487 83
134130 84
215 83
48738 86
47099 83
1196 87
32587 82
912 87
55721 83
1682 82
750 88
778 85
40629 80
97913 81
70286 84
150 84
228|5
2571 83
1373 66
362 78
318 90
3113 72
229|13
34 78
589 84
377 75
45 77
587 78
5 66
475 84
442 68
597 76
364 83
213 67
110 83
527 87
230|20
34330 70
52715 70
47 67
7438 69
527 77
3147 75
45499 55
6537 55
2291 68
1387 72
6863 59
1485 55
595 65
4022 64
2096 62
588 64
4034 72
1676 57
8644 62
2641 52
231|5
92259 83
858 84
593 81
1198 82
109487 76
232|20
31867 70
41769 70
57526 70
70336 56
8644 69
1586 59
44972 46
4019 70
43928 42
30883 54
65802 52
8376 69
39292 71
1035 75
66198 65
66097 72
32011 46
6564 48
7451 75
33164 43
233|20
48394 66
3751 60
48516 77
1721 58
356 76
106100 68
162600 57
608 78
7153 77
134214 61
57669 76
122920 67
2329 78
4239 68
7371 70
3977 50
3147 77
3948 59
49272 71
5418 66
234|20
2616 66
2140 79
172 61
126 55
1562 58
4519 71
153 59
2710 61
3624 71
3483 65
1391 67
438 72
1460 73
2987 78
65 58
260 83
1359 66
3175 78
588 79
2080 73
235|13
480 71
736 60
500 66
454 68
592 67
235 71
595 73
32 79
527 83
648 66
223 77
588 72
377 66
236|30
1214 70
1278 70
1345 70
1350 70
1387 70
1388 70
1982 70
1997 70
1998 70
2447 70
2459 70
2490 70
2496 70
2502 70
2505 70
2542 70
2572 70
2580 70
2596 70
2598 70
2606 70
2657 70
2683 70
2694 70
2718 70
2770 70
2806 70
2858 70
3024 70
3052 70
237|10
32 77
4254 47
94959 72
293 74
1371 62
1193 79
7361 79
7980 69
43936 58
1374 69
238|9
4954 77
3528 77
4265 69
4901 75
4238 73
593 85
4499 84
4957 64
1193 85
239|20
58559 89
5459 66
4085 77
380 76
95 69
7445 81
608 89
7147 84
6378 82
2115 82
4896 82
36529 78
3994 77
33679 73
47 83
590 83
4022 81
208 69
733 79
51662 80
240|20
368 81
543 80
480 83
367 78
810 63
500 81
546 65
110 85
173 74
1 85
542 74
104 82
34 83
174 74
204 68
225 81
383 76
262 83
434 76
420 75
241|16
81786 70
71899 85
527 84
1206 84
1193 84
99114 81
100714 67
8981 80
53123 80
116897 80
56367 78
3910 79
106782 82
115569 82
4235 81
48780 82
242|7
39 62
380 62
231 58
457 77
592 64
454 64
111 76
243|8
112 82
353 87
62 86
588 86
193 74
586 79
181 72
376 81
244|19
3090 80
1049 73
110 82
257 69
165 73
151 75
1090 81
3755 64
2278 71
648 69
1580 69
1957 81
1610 81
1196 86
3256 72
1573 67
1242 87
3753 68
2243 70
245|5
3196 57
2739 62
3114 55
3274 49
1361 56
246|20
1304 87
616 84
1680 86
6016 91
3081 82
44191 87
60684 83
4973 90
1732 90
1298 85
53125 85
2291 85
2692 90
293 87
4011 88
5013 86
60069 88
48082 86
82202 75
95167 81
247|20
48516 82
593 80
2858 78
49272 76
1961 71
44191 76
527 82
116797 77
68358 76
122886 73
480 70
223 77
1265 76
2078 75
1198 83
1682 72
6377 79
1089 82
953 75
919 75
248|11
4886 76
1198 82
166528 76
176371 76
316 66
147374 64
102903 69
189333 71
122912 75
58559 82
5218 71
249|20
110350 70
102903 77
2167 73
94959 84
84601 71
2395 79
97306 76
3408 79
89047 70
91500 79
91542 81
40815 83
69844 84
904 89
46723 78
3826 64
68791 80
88812 75
67695 81
50 90
250|6
1282 81
2407 75
318 94
1597 73
1246 85
8880 76
251|5
142115 84
293 91
356 95
318 99
1089 96
252|8
164179 86
89745 88
6377 87
164909 85
1682 84
166643 84
143355 79
78499 90
253|10
44555 92
916 92
608 95
2300 92
7099 95
4217 84
26366 70
1192 89
4642 95
3363 91
254|20
46578 85
44195 86
207 76
49278 74
6333 83
780 76
110 85
1210 88
49272 86
27846 85
32587 81
2571 86
44929 70
47 82
293 84
1580 75
5995 84
32 86
592 75
48394 81
255|9
1270 65
4467 59
2023 53
3501 46
1663 58
1394 63
3392 51
2542 60
2915 54
256|20
3247 73
88744 83
377 81
4973 87
53972 78
118696 77
95441 77
104841 80
71535 82
2953 71
81229 81
53121 76
30707 83
2571 86
68791 81
170 77
6942 79
90405 76
6537 76
33493 81
257|5
1500 72
594 72
2502 79
494 68
2406 69
258|5
4995 84
7147 83
72641 80
76093 84
47099 82
259|6
508 64
5945 51
1784 60
4886 64
1356 64
1584 56
260|20
7361 83
3556 79
162 83
903 79
5690 80
6337 78
4878 80
5617 77
342 72
5219 64
2997 79
8011 77
1206 83
3317 77
6709 70
8874 80
2348 76
3822 76
2959 86
8645 78
261|11
3897 78
16 78
2060 75
296 85
2723 67
1682 76
4085 69
2194 78
7361 85
4238 67
58559 85
262|12
708 62
539 66
457 76
322 68
339 61
85 58
26 68
17 68
213 53
273 54
593 78
728 66
263|20
223 82
150 81
500 70
2987 76
2953 55
110 82
4226 84
8370 83
1197 86
7458 72
708 69
1111 71
2125 79
6942 77
5013 80
163 76
457 84
8636 79
1967 81
2085 72
264|12
7841 73
1376 72
151 73
5816 74
1907 75
1320 67
1917 62
150 78
3578 78
1090 78
253 72
1876 60
265|20
3807 70
316 59
253 67
1302 64
724 55
1240 73
3504 76
230 66
3831 63
1956 71
3098 67
529 72
1270 77
3791 59
1177 72
2322 53
1488 55
2474 65
1198 81
1962 65
266|20
476 70
2812 70
2700 75
2278 64
24 51
2770 52
2702 54
64 37
1405 47
2580 72
1527 75
2167 52
457 81
1580 61
2300 81
1923 70
2094 46
132 53
2571 77
2097 51
267|12
2858 87
593 91
1175 89
3006 86
1302 83
3999 73
3113 78
1093 81
589 89
2571 89
923 87
3996 85
268|20
1641 67
587 62
1125 65
1911 46
2802 48
1036 71
1370 57
50 80
2064 71
1784 65
1912 65
1966 56
454 60
1234 73
2247 52
1394 74
2829 58
802 55
260 77
2858 75
269|6
724 63
743 49
95 58
1 79
63 60
648 70
270|8
661 58
62 65
79 47
628 70
14 62
1356 69
141 61
25 65
271|9
3897 71
32 75
2791 72
969 75
6787 74
2858 74
55765 71
1320 57
2288 72
272|7
177765 63
1240 75
51662 70
122922 71
49272 77
158238 71
6365 64
273|11
440 82
593 90
500 80
608 90
223 87
111 88
150 87
21 81
466 75
235 81
520 74
274|20
50147 70
2947 73
3037 78
1645 67
4951 66
2036 56
1359 58
35957 66
553 71
76293 61
3918 66
1503 58
45431 68
4816 68
54999 69
5667 70
4876 52
56805 67
1921 77
54004 66
275|20
1784 78
2289 82
5884 70
1171 78
357 75
1912 80
2539 66
235 78
4886 82
2572 77
2355 73
3253 75
1192 82
926 85
111 86
2100 69
3089 85
1393 70
1719 83
1392 72
276|9
673 81
356 96
466 84
104 89
631 83
648 88
2 86
1367 85
344 83
277|6
637 68
736 71
656 71
1 82
780 76
260 84
278|5
2371 73
1347 78
4002 83
318 95
2369 73
279|20
134130 76
1101 62
166528 71
90405 55
61132 66
79132 72
56782 78
97913 69
1608 60
4226 77
59315 69
88129 72
54286 70
1258 78
8665 68
58559 80
4993 77
8376 65
107406 69
1200 72
280|20
92535 86
344 71
262 81
3146 60
4239 83
4447 76
8638 83
919 84
72641 81
86817 67
8368 86
49530 82
6863 77
35836 80
55052 81
54503 84
4246 79
48516 90
1911 65
3916 81
281|5
46578 70
8361 51
35836 63
3897 68
3861 56
282|20
5995 85
3977 71
3263 75
25 82
6708 81
2683 77
4718 70
6711 87
5481 70
6863 78
5669 83
3752 75
588 83
80463 85
1921 84
1193 89
4369 74
48322 84
1194 83
784 67
283|7
1580 62
39 61
1704 75
356 77
586 56
2082 54
805 68
284|18
474 79
173 62
2 70
296 86
15 66
348 78
248 65
318 91
47 80
353 80
275 53
44 57
339 73
367 69
276 67
165 78
637 65
235 77
285|8
1193 87
949 70
1247 84
6978 70
113207 70
4447 73
441 81
296 87
286|20
454 71
778 83
5989 79
1333 73
165 73
500 68
7438 78
2294 69
4993 82
4995 79
7361 84
70 74
4980 66
1258 83
4963 75
1097 73
4848 81
539 72
377 69
110 79
287|20
3160 60
3578 65
223 63
2633 51
1059 47
586 34
3005 39
532 36
1193 69
2599 59
2028 68
1485 36
3826 24
2081 52
8949 57
2012 49
101 61
4034 67
2422 13
2115 55
288|20
4473 70
4966 70
1008 70
2867 66
42015 57
141 62
2571 74
13 60
53519 59
2407 61
5418 69
3916 66
2347 53
2528 57
30810 68
575 44
32587 69
587 64
2517 52
8361 51
289|24
3 70
16 70
235 70
266 70
594 70
708 70
750 70
1080 70
1101 70
1208 70
1220 70
1258 70
1917 70
2012 70
2174 70
2710 70
2797 70
4322 70
6125 70
6327 70
6453 70
7025 70
7028 70
26704 70
290|20
1228 87
1299 84
2494 73
2739 85
608 89
2130 76
908 86
341 70
1447 71
342 72
1056 70
1719 84
953 84
928 86
1394 85
2648 70
475 86
2731 85
1357 83
2385 66
291|7
40815 87
122892 83
106489 82
134853 88
7153 91
88125 88
1 88
292|20
520 59
103339 61
122900 70
4896 72
2291 74
474 72
85056 62
46972 59
95167 66
164909 72
3176 70
3476 68
1608 65
31221 48
1101 66
3985 66
3984 70
1017 70
69844 75
231 60
293|5
1682 59
1673 67
344 47
1617 67
1097 55
294|20
416 38
3869 60
1064 52
2794 48
610 58
2133 58
1391 47
3868 60
1129 58
520 47
3387 45
355 34
2378 52
3693 40
785 51
2193 60
2367 48
2458 46
348 60
3501 47
295|9
1221 82
3198 75
1287 81
1213 83
4351 65
1198 83
858 85
318 87
2329 82
296|6
160848 70
2028 85
169034 70
4144 84
50 88
2324 84
297|15
832 44
543 49
1645 51
111 67
454 50
1089 71
6 67
1249 70
1047 43
1370 48
1488 40
150 62
170 46
1092 44
866 68
298|20
57640 62
95510 45
6811 51
8370 66
8807 48
63131 46
6881 52
3785 38
122900 53
103042 41
6294 31
2167 42
2005 57
6006 33
653 38
55995 38
3018 41
69757 59
103772 47
3825 34
299|5
3793 75
1387 82
188 74
1198 86
1214 79
300|32
318 70
356 70
527 70
593 70
1172 70
1704 70
2028 70
2324 70
2329 70
2571 70
2762 70
2858 70
2959 70
4848 70
4973 70
5995 70
6016 70
6711 70
7361 70
8950 70
48394 70
56174 70
63082 70
79132 70
81591 70
92259 70
99114 70
109487 70
112183 70
112290 70
112552 70
112556 70
301|20
21 63
357 62
2490 64
6711 76
589 76
8949 71
837 63
3948 61
364 73
527 82
5989 73
4963 68
608 81
292 57
3578 76
3897 73
4226 79
3753 60
1393 56
1792 56
302|7
480 77
14 74
3 69
25 77
648 72
707 64
110 83
303|11
5378 69
3703 81
1127 79
5544 74
1196 87
3471 80
1580 74
1394 84
2683 73
920 77
1358 80
304|20
314 78
2571 85
2433 69
10 79
1376 78
480 79
1373 68
1777 77
1270 83
1517 77
151 78
356 87
208 69
474 81
1214 81
1375 74
640 69
1722 72
185 70
2701 61
305|20
74624 70
140627 70
87869 81
919 83
1197 88
106100 83
138210 65
788 64
7482 80
80590 67
103075 73
903 83
6537 73
93840 83
54736 81
592 75
2288 84
58803 76
55276 80
1272 86
306|20
5784 50
68954 76
69644 56
6377 75
95543 59
81847 68
111743 58
85367 64
168418 70
167018 58
72998 67
122904 70
69406 59
85788 54
4963 69
115664 55
134368 67
112852 75
161634 69
133419 61
307|20
2190 70
4181 70
31424 70
49314 70
5010 66
7845 55
3392 53
1220 67
6793 31
6483 23
2332 37
56003 38
1991 42
3273 34
4876 35
3421 64
1409 40
413 42
4447 53
52867 70
308|20
2959 66
45517 39
96821 54
72998 46
318 69
2 35
904 60
589 55
8961 50
56152 45
56367 49
5618 59
36 51
410 38
79132 50
4993 59
8464 42
1221 62
2248 46
6 56
309|20
2202 84
1645 73
898 89
1682 78
296 85
1089 87
1269 82
7153 84
6947 77
8340 73
1104 90
7218 70
25886 73
1219 83
8154 81
971 83
1944 82
6365 70
1262 83
2762 79
310|13
6863 72
6947 77
1101 72
6503 57
2524 78
2457 74
5899 60
733 74
246 84
3254 70
1223 86
1080 83
2671 73
311|6
6561 70
5992 56
1517 50
6461 48
1407 43
2706 44
312|20
5816 77
1375 70
3499 85
589 86
2454 69
1358 81
4878 85
4103 80
3793 78
2028 87
1371 69
4121 70
2366 80
2747 65
4105 79
5446 73
2699 55
2529 83
1350 81
1356 81
313|20
4980 63
170 64
3917 66
2455 68
5544 65
541 81
2193 72
2000 71
6 78
1968 72
1089 82
1301 77
1240 76
3175 70
4865 72
2005 74
2167 62
1375 65
2087 73
2530 61
314|20
7 53
1042 56
44 42
165 64
457 76
293 73
597 61
329 60
442 51
26 66
830 56
728 65
618 70
107 60
536 48
10 66
1376 63
153 46
208 50
150 71
315|7
1262 73
2729 61
2529 68
2067 72
2553 62
909 66
902 68
316|11
1748 72
253 63
3968 56
158 49
5445 67
3751 61
7438 70
6874 74
48 54
3882 49
2572 63
317|20
133115 70
73321 63
91529 74
74545 64
7445 66
1213 83
48774 76
4262 73
1884 76
5989 75
3578 76
4011 77
68358 74
1208 83
72011 69
3897 74
3499 75
96829 72
116797 76
56782 81
318|20
26713 70
81191 70
90245 70
111817 70
127180 70
145080 70
150696 70
7445 77
1090 80
116799 72
82459 80
48385 74
2294 74
64839 79
88125 79
109487 79
4021 78
33794 79
54286 79
89753 80
319|7
115617 87
6377 90
356 93
136864 67
1221 92
122904 87
110 89
320|5
72998 70
71535 75
31184 70
59315 72
1013 65
321|12
587 74
356 83
160 64
592 70
597 72
780 72
339 70
355 59
410 68
3 68
500 70
457 81
322|20
2882 47
1968 66
2542 70
58559 78
2788 73
2146 58
2617 51
2918 68
778 77
2599 68
4027 69
4993 75
1230 67
51540 64
1 71
1617 75
1923 66
4010 56
11 64
1035 70
323|20
377 57
480 63
356 74
1094 56
161 59
115569 71
1198 77
29 70
551 60
22 54
318 81
112183 61
253 62
111659 49
3257 53
260 74
150 67
329 57
342 57
266 58
324|5
2764 78
3972 75
3864 43
3949 73
3897 73
325|20
2848 70
235 73
2986 59
262 74
1573 65
2596 67
1584 67
1217 85
1676 65
4714 50
3770 49
3261 68
2894 70
2155 66
1279 79
1614 55
3994 69
2268 74
2915 71
5008 80
326|20
8665 80
47610 80
20 66
2858 83
86882 79
5418 79
4973 86
133771 76
48774 81
2324 85
1293 82
2692 85
72605 71
70159 61
54286 81
5446 75
6591 82
4226 85
105844 81
31410 82
327|10
3301 81
150 85
858 91
1923 82
51255 84
48516 89
1304 84
765 76
6888 69
2706 80
328|20
2687 59
112852 72
70286 67
1196 75
457 72
364 67
80463 69
3489 57
318 82
595 64
5349 57
2542 67
1219 70
35836 61
3751 57
79091 61
7153 75
596 56
2398 72
1148 68
329|5
130482 70
136850 70
858 66
1884 57
750 62
330|20
5378 58
316 65
1639 75
2918 78
919 80
3949 80
3535 76
5349 70
380 66
1676 67
2502 84
3703 79
1682 77
2683 68
1206 85
1721 68
2791 81
2081 75
8874 82
592 70
331|20
8874 82
6157 50
88125 80
6539 76
3897 79
4446 68
7361 86
50872 77
4995 80
4306 79
6874 82
5502 62
3911 77
608 86
4447 66
593 85
3751 69
8665 75
4367 52
2959 89
332|20
47 75
1653 79
1258 82
316 63
8983 72
431 73
97757 70
2291 76
1835 65
356 82
5502 62
4308 69
1203 81
1682 74
1249 83
76251 71
2905 79
318 88
2294 66
32 80
333|5
3785 44
3752 46
3616 49
3615 47
3646 35
334|20
55820 74
1196 77
1580 62
1291 76
3996 70
589 74
30810 68
4027 70
1 72
64957 64
1625 66
50601 57
44195 75
27416 63
6867 65
2997 73
293 72
480 67
5378 56
51935 68
335|6
780 68
592 69
356 83
296 83
2699 54
2001 66
336|12
1267 91
1 87
38798 78
33660 87
1784 85
2001 81
2268 86
293 88
1625 86
4886 87
50 93
150 88
337|16
318 97
47 88
16 89
805 88
1393 86
266 86
667 76
168 81
784 77
65 76
110 89
708 85
25 86
1356 85
277 81
786 79
338|8
189111 70
190207 70
190215 70
190219 70
7153 75
593 72
187541 35
185029 58
339|20
72641 81
5445 82
84152 84
96079 80
106072 78
69122 81
5617 81
41285 81
56869 70
48322 82
65216 81
91630 79
86504 79
91529 83
83613 72
4993 85
3470 83
102407 78
2028 85
5952 85
340|28
10 70
110 70
150 70
153 70
161 70
165 70
185 70
208 70
253 70
288 70
292 70
296 70
316 70
318 70
329 70
344 70
349 70
356 70
454 70
457 70
480 70
589 70
590 70
592 70
595 70
648 70
780 70
1356 70
341|11
2335 72
3624 69
130087 63
1370 70
135137 64
117529 70
5459 62
45672 68
1 79
47099 78
4025 66
342|14
2683 58
2598 49
2881 50
2369 51
1268 66
2605 53
2599 67
1198 78
3157 50
3826 44
2428 46
2827 47
3863 54
1959 66
343|12
858 88
3000 84
48394 78
4226 85
4878 83
3993 73
2571 84
1617 84
31658 85
55363 81
55820 82
296 85
344|14
111362 78
380 70
316 67
2628 66
4226 83
2571 81
4014 70
2012 72
4034 81
260 81
2541 71
4973 84
5418 76
2712 70
345|13
1019 81
2539 72
926 85
5902 84
8810 72
344 71
5707 77
2366 81
56949 74
3649 68
6658 79
3489 80
412 77
346|20
3174 72
778 83
608 84
6711 81
6286 77
306 83
7323 73
307 79
3535 76
1212 83
357 71
3949 79
714 78
7937 73
7396 79
5878 82
1120 76
1131 80
3627 77
7115 64
347|9
434 62
590 77
39 69
150 78
454 72
380 69
587 73
317 66
457 81
348|11
318 98
2324 93
4368 73
1213 95
6016 95
2959 97
6893 89
4973 94
1221 93
1960 89
2019 93
349|8
10 74
161 71
589 80
381 73
349 73
231 64
588 74
509 68
350|8
852 65
7 62
637 60
648 68
733 71
12 54
858 85
661 65
351|20
88932 70
87222 69
73344 76
52579 69
2231 80
88744 75
43836 63
79132 80
597 71
58559 84
12 54
8914 80
8950 80
63082 81
6214 73
90376 81
84152 80
480 74
4878 80
1193 84
352|20
72998 76
71745 63
1801 78
34319 71
2600 78
65682 75
1080 81
79695 64
110730 47
38038 81
130490 66
97752 74
1214 80
94864 69
41566 74
56587 77
44191 81
114935 81
59315 79
47610 78
353|18
552 66
25 77
267 61
216 75
367 66
288 73
144 65
186 59
333 76
266 72
112 69
198 73
234 56
145 66
293 83
158 54
163 76
296 87
354|20
1610 79
4306 79
2692 82
3147 83
47 77
903 78
733 73
3977 62
1225 81
35836 74
648 70
44191 79
8665 75
1917 63
7147 78
1923 76
589 81
2959 86
4718 61
1196 83
355|6
316 76
1580 78
3035 88
3175 82
317 76
916 87
356|20
2248 82
52435 81
52975 80
7122 70
44889 70
1641 79
2706 74
4011 84
802 73
7323 79
2502 86
56367 80
1223 86
55118 84
3949 83
3996 81
1246 83
1466 80
223 83
7153 85
357|20
4354 70
8998 70
27329 70
2804 83
595 78
529 81
4663 65
4091 70
1224 81
1242 86
34 77
208 64
58559 86
6296 73
30793 70
1042 69
2100 69
551 74
471 79
2067 85
358|9
26095 70
605 58
5066 69
52328 75
2226 70
42728 73
7361 82
69844 78
36525 49
359|15
405 47
1092 56
1101 61
51412 50
648 61
296 81
1097 66
2396 67
2424 55
593 79
2701 40
2942 47
1682 70
2530 54
4995 74
360|5
1422 65
1620 67
1488 62
1711 65
1414 59
361|20
47099 70
1580 62
377 64
1552 60
49272 72
1263 73
53125 68
589 73
49822 66
8360 66
318 82
2529 71
5218 64
6188 65
2422 52
3082 62
1732 74
1370 62
46972 60
7458 63
362|20
1945 89
592 80
6539 84
51540 85
5989 87
637 75
70 84
7153 88
1252 90
44665 83
407 81
6874 86
2959 93
1196 90
1208 91
8961 84
48516 91
7438 85
356 90
1201 91
363|6
1552 53
1732 74
1517 62
296 78
653 50
318 83
364|5
858 89
9 72
783 75
376 75
1 82
365|20
59315 59
81229 53
128975 45
6874 66
90345 54
158872 53
129354 46
103075 49
135536 44
70286 61
112852 65
76077 51
112818 45
1777 54
6502 64
155820 45
541 69
95720 43
93270 41
135569 54
366|7
116797 82
59315 79
33794 81
91529 81
2028 85
122882 81
7438 81
367|20
926 85
3061 80
1270 84
1287 87
486 65
3536 79
3824 61
2384 72
3072 77
898 91
3618 81
3225 63
2248 83
3157 67
3969 79
3717 74
1259 85
4023 72
1196 87
1258 85
368|20
3753 55
2112 48
1944 68
2986 49
3869 62
1214 67
2947 65
415 40
3035 71
832 51
50 75
2819 69
1801 60
2490 58
1917 47
1391 48
2193 62
225 52
161 57
2881 45
369|20
1256 72
785 62
47 71
2706 62
839 53
377 64
52973 69
743 46
4214 55
5418 70
3863 60
1372 64
27904 69
60069 74
2857 65
1967 74
150 73
2011 64
1580 64
3174 66
370|19
4011 78
4878 77
8961 73
6377 78
2628 59
1748 77
2116 65
589 77
2329 81
7438 75
3977 56
1676 63
593 80
4973 81
4226 79
1240 75
1089 82
8636 73
2716 74
371|9
2571 93
112512 70
1258 92
4090 83
56715 88
3000 93
4226 92
4993 92
1748 90
372|20
335 70
924 71
318 85
1603 42
1479 56
589 75
81 49
387 40
616 66
337 71
1220 69
1201 80
165 62
1243 77
1258 79
377 58
1401 55
450 52
1206 79
1306 49
373|20
216 67
60 54
169 33
350 63
585 50
44 41
371 68
163 68
616 69
198 65
265 71
25 69
6 78
733 67
47 74
2 57
736 55
305 54
357 65
141 64
374|7
296 82
208 59
1219 79
480 72
592 68
1258 81
1339 70
375|7
344 68
1027 69
32 84
2628 68
3256 77
4226 86
500 73
376|20
91535 75
2002 75
1214 83
1101 80
2916 82
33794 85
1198 89
349 81
1371 79
376 77
1240 85
1375 78
4993 87
858 91
457 87
4226 87
5952 87
344 75
2763 84
2797 84
377|20
4942 70
2793 59
1262 88
2791 86
748 76
1345 81
5027 75
5113 79
27692 70
3421 83
6021 70
3364 80
2072 74
8641 85
2163 67
92760 70
2858 87
1503 70
2124 76
2015 77
378|10
33794 76
7153 80
48516 83
3114 73
858 84
68954 80
91529 77
71535 76
90600 73
364 77
379|8
318 87
377 67
19 53
292 65
480 72
367 62
597 67
344 61
380|20
60818 70
172875 70
172881 70
172887 70
355 51
6979 76
5476 60
2735 61
68194 77
63433 71
72356 77
105731 60
1833 63
551 75
6731 79
27831 84
1665 66
393 59
140956 75
2791 84
381|20
2085 69
1088 65
3253 70
185 61
317 64
27808 72
1240 78
19 56
3753 69
4321 69
72011 73
3082 64
333 73
2140 75
1385 66
2273 68
1208 85
457 81
104 69
2716 76
382|20
1204 92
142372 66
135532 67
1201 91
112171 72
1198 91
912 90
81847 78
4638 57
63540 46
1681 56
170289 70
103042 71
72737 78
2496 72
357 77
81537 68
59501 74
101362 51
4890 69
383|7
2436 79
2541 75
2496 73
1584 76
2558 63
1246 83
903 82
384|14
3527 66
1388 51
2683 58
2502 76
4333 53
3098 64
4396 50
457 76
358 49
968 70
2724 44
296 80
3991 44
1204 81
385|20
736 55
1080 76
249 67
1219 76
1036 72
1136 79
282 59
1073 71
1200 73
1228 77
1022 65
1007 50
1201 79
1246 75
344 56
589 75
1023 68
1287 78
594 70
1303 74
386|14
110 64
410 49
112 50
165 55
223 65
648 51
185 45
608 72
485 43
305 44
44 36
585 42
349 57
10 57
387|20
4393 70
5156 70
5780 70
7336 70
26124 70
40966 70
2712 61
5062 63
1247 76
5489 70
4195 60
7132 77
2946 61
1387 76
3000 76
51939 45
4995 74
912 78
7938 70
1783 43
388|6
6158 70
63239 70
33615 63
86298 64
62999 70
8360 74
389|7
17 86
140 77
628 86
762 64
743 68
95 76
32 90
390|17
6344 70
64957 74
4239 80
5220 60
1193 86
2571 83
9010 75
2291 80
5296 57
4226 85
7254 75
6377 83
63062 76
1206 86
2329 87
4014 71
1784 77
391|20
5575 70
500 67
3994 71
1213 88
516 62
199 76
4027 80
150 80
1408 82
4014 64
1527 79
1059 70
2916 74
4973 87
357 70
555 78
5026 82
4936 63
1210 86
3067 75
392|5
3004 52
2858 77
707 56
1198 82
1125 69
393|20
91658 75
102125 72
48394 77
36517 73
8636 78
110102 78
44199 77
5388 69
54259 73
4848 82
5669 77
1291 84
68848 74
86190 74
2571 81
1206 85
122892 73
106642 86
1625 75
106489 71
394|5
588 63
316 53
344 51
225 52
457 71
395|13
329 65
1025 70
296 82
160 57
208 58
173 55
485 58
355 51
520 60
595 72
126 49
48 60
367 61
396|6
1276 78
1597 56
1777 61
44 40
204 41
2081 65
397|5
4017 77
8645 80
1701 80
8228 77
6993 75
398|10
6408 70
1197 89
5971 84
7022 84
1198 90
60069 85
2455 78
1136 88
48516 90
82459 84
399|8
1198 86
110 81
5445 77
1196 85
593 84
480 75
1270 81
2194 78
400|9
608 92
356 91
2571 89
2959 95
7153 90
1221 91
3578 88
858 94
59615 74
401|15
5952 79
6297 70
55768 70
48982 68
166461 66
49274 52
50872 73
32031 64
79091 72
170939 70
38038 74
8360 71
3114 72
33615 60
1136 80
402|10
1084 87
597 79
52 81
329 77
296 86
586 70
315 71
1036 82
434 71
527 87
403|7
110 79
2427 66
3210 70
296 83
61465 68
1663 75
180 69
404|12
204 52
349 69
474 71
34 70
364 75
508 73
105 63
593 80
509 65
277 60
315 57
185 59
405|20
70708 70
293 85
7254 82
37731 82
2959 91
345 84
1213 89
7134 70
64614 84
6023 73
1241 81
2329 90
1247 85
3052 81
68237 83
1199 87
27592 83
27664 77
3418 81
1215 88
406|5
1586 49
135 49
56949 52
46972 49
724 50
407|5
7153 83
2959 88
6539 78
1240 80
54286 79
408|20
1198 92
122904 86
44840 85
165101 78
6618 87
1291 91
1210 91
89745 90
1278 91
7324 82
44 69
8641 87
115210 88
103596 68
68554 80
2571 90
109487 87
63131 82
80489 86
4649 83
409|20
2485 59
2490 74
2028 85
3812 70
1278 86
2997 82
296 86
1078 72
3016 69
1073 79
2683 69
2289 79
3846 70
912 86
2013 61
1911 57
2352 80
1230 78
2541 70
3174 72
410|20
389 70
3224 87
318 91
2302 73
4002 79
1060 79
4297 75
3263 73
1859 72
111 85
58 85
2145 77
3255 77
2321 80
3504 86
3948 77
11 79
4019 78
3 74
597 78
411|20
508 74
261 75
586 55
432 48
353 75
431 72
194 71
318 87
272 76
515 74
356 81
266 66
257 66
349 70
10 71
31 59
344 59
227 48
455 48
122 52
412|20
2828 49
2384 67
2915 76
903 81
608 84
2720 38
2858 81
1883 72
1307 79
1214 79
1784 77
2239 85
1 80
930 83
1136 84
2710 57
915 78
2398 82
17 78
1079 83
413|12
2706 83
1198 93
3753 84
2424 81
593 93
128360 86
4993 91
16 88
5574 84
3948 84
64957 84
2959 95
414|20
4458 70
4666 70
5285 70
5635 70
6033 70
6493 70
6563 70
6628 70
6797 70
48319 70
58879 70
169992 70
3802 50
3599 69
1600 74
8666 30
4975 68
7444 63
4081 45
177593 89
415|19
296 88
1213 90
4321 76
3507 85
4308 78
47 83
1021 63
111 87
2617 70
1276 90
3861 72
4369 71
99114 85
1221 88
63082 88
1234 84
45722 80
1197 89
175 87
416|11
5952 68
5951 40
531 46
1296 57
1199 69
1721 51
830 48
1206 69
7323 54
4848 68
3677 58
417|14
778 89
4995 88
4975 78
7254 82
1198 92
106782 88
27773 86
168250 82
1625 83
7153 90
74458 86
110102 86
48394 83
4878 88
418|19
356 84
296 85
63082 79
104374 74
1276 86
1136 84
117176 73
1573 61
137337 68
1682 73
5816 68
88125 78
74458 72
367 55
89745 82
45672 56
87869 71
7361 85
54001 76
419|20
4093 70
111 82
46976 76
27822 68
2858 81
319 77
6287 71
3578 81
1213 85
64969 77
47 79
79592 74
34319 73
89580 70
60756 76
27704 70
90943 70
2412 61
1240 80
52245 71
420|20
1161 79
4993 82
45499 69
923 81
26693 70
48385 72
1927 81
5608 80
2052 67
6934 68
7022 79
3979 60
59295 70
2329 85
54259 74
1131 80
2762 77
4973 83
5669 77
527 84
421|8
2858 84
909 81
5008 84
953 83
1178 86
2313 82
2478 67
1203 86
422|19
2539 58
2710 50
4947 66
4971 61
5039 69
4925 70
2581 48
4916 58
1265 79
2804 80
3053 74
2665 70
1283 83
4835 67
2908 75
3943 58
1213 85
2670 65
858 86
423|5
1653 78
110 77
2194 75
5349 67
1320 64
424|20
1193 80
141 67
2804 77
40278 73
608 80
108729 66
293 76
69122 72
1092 64
54503 76
58559 80
3186 71
66097 73
778 78
5679 66
3176 72
2288 77
2174 69
71668 66
112556 74
425|20
45517 67
377 68
2329 82
733 70
6 77
1645 68
8368 79
2081 72
4306 76
1680 75
1909 66
367 63
46723 69
1625 72
1036 75
4901 69
750 82
2353 67
1342 63
145 64
426|18
59784 71
150 79
471 77
337 77
54001 77
1197 84
6378 77
72641 75
4886 78
8644 74
37729 76
597 73
5444 78
91325 63
588 76
3247 64
4022 76
79091 76
427|17
4887 52
5463 50
5015 66
110 77
58 77
5528 64
6348 49
5312 59
2710 50
5696 47
4993 80
5266 57
2683 63
5400 51
5816 68
1208 83
5574 62
428|20
2471 30
2762 59
3827 39
1089 69
2953 36
2916 54
1380 45
1997 58
3440 26
4022 56
317 40
4255 31
1208 72
1391 41
6377 66
2581 34
260 70
3285 40
588 55
653 40
429|12
339 80
421 78
150 86
225 80
165 84
266 81
329 80
252 82
279 71
317 77
237 80
204 64
430|12
923 83
2987 75
3745 69
6287 64
2858 82
6365 67
2571 81
4447 69
4014 69
329 70
2076 79
4446 70
431|5
172 39
1625 58
1376 55
3948 54
802 49
432|20
1831 56
5630 71
6870 75
8640 63
6539 75
3916 74
5989 77
84189 70
110 77
35836 73
4886 76
2762 75
1206 81
49272 79
19 56
318 85
58559 81
69481 77
7158 73
33660 76
433|5
91529 66
1089 75
50 76
5299 53
110 69
434|20
1136 87
3147 87
1090 82
1265 82
5989 81
1101 66
1779 57
586 53
344 60
3863 58
1208 89
3160 79
589 83
780 64
6796 69
2791 82
4226 86
2194 79
8665 74
1291 85
435|9
2353 78
44191 86
485 71
3510 80
34405 86
2302 74
158 68
82459 86
48780 88
436|20
204 52
435 48
440 68
432 53
161 67
480 71
377 66
531 62
536 57
502 49
364 76
235 70
371 69
344 61
2 62
585 57
450 62
587 69
437 51
227 53
437|20
748 66
318 93
5 58
640 60
1299 83
1120 79
1396 73
1246 84
454 73
1171 76
1225 86
1183 75
1097 76
1307 80
1268 79
592 72
198 72
155 58
112 68
246 86
438|20
7154 57
2501 75
8966 66
27801 71
1527 74
6711 79
3898 45
1784 72
8644 70
6367 66
2424 61
3889 44
223 78
1517 69
7361 82
2641 59
5009 66
2617 59
3753 66
2393 64
439|5
356 84
4022 75
7153 84
78499 85
1240 79
440|7
8690 70
541 84
29 80
1653 81
1274 81
3174 70
1235 85
441|9
589 91
2683 82
2959 96
4306 90
260 89
296 92
51255 88
47 88
68358 89
442|5
2908 32
2881 16
1186 32
3752 20
4361 26
443|8
2329 87
79132 84
296 85
48394 78
106487 80
108190 74
7153 84
63082 85
444|9
356 86
592 72
208 64
21 74
111 84
110 83
235 76
296 87
344 67
445|16
2028 80
590 73
34405 76
47 73
116897 77
780 62
4011 78
899 78
593 81
33794 75
1080 78
45722 67
17 69
1230 72
306 79
2710 47
446|17
237 62
339 60
300 68
296 82
480 70
368 64
288 65
172 50
17 70
16 75
357 65
150 74
434 51
153 46
648 63
593 81
337 74
447|16
257 79
293 85
337 82
531 76
382 75
589 86
552 74
253 79
362 81
532 74
292 78
31 76
474 82
540 71
442 74
160 73
448|373
2368 70
3284 70
3933 70
6302 70
6476 70
7245 70
48262 70
49688 70
75803 70
75816 70
78116 70
79590 70
86593 70
92198 70
98908 70
100326 70
102819 70
104760 70
108715 70
109191 70
111680 70
113416 70
116207 70
116985 70
129657 70
130083 70
133377 70
136654 70
138546 70
142424 70
151777 70
152658 70
157130 70
158022 70
161290 70
164375 70
53996 64
136778 70
5418 69
288 61
88356 37
2580 69
155358 70
2889 67
4034 77
148888 37
81156 74
2713 38
103335 57
95441 54
34048 49
80126 49
3057 70
1057 60
2794 51
33830 58
8665 66
6059 51
110553 42
90374 73
151501 70
3764 43
6143 60
103819 50
4361 60
104913 66
3986 46
5528 58
1196 80
105351 45
83349 44
3276 70
1090 75
5349 61
587 62
106330 50
4677 47
95508 70
109895 35
110611 70
671 61
2289 69
152077 69
80693 53
111360 40
170 54
87444 50
94323 42
8493 58
3671 72
91653 56
4981 70
2991 66
78034 70
119145 75
5099 43
4299 51
2567 54
6996 25
109864 41
6582 58
73017 70
370 49
543 58
115617 70
590 70
154065 70
5553 58
41569 58
3286 37
6645 68
589 75
1920 46
2857 62
111663 56
78499 79
2657 62
6537 55
1148 74
46974 45
48516 81
80241 45
445 40
4262 72
3689 41
114935 70
6428 58
127194 70
109673 44
127096 63
89388 70
4156 70
3793 66
33679 51
2014 50
64285 69
3968 52
49530 68
3450 59
160563 51
5502 53
8169 53
6314 40
122490 70
3386 69
140725 55
4896 68
2642 34
127136 69
2763 64
2520 70
457 77
48783 71
3263 48
5400 44
5541 49
4011 76
58351 70
127132 70
152091 61
3698 54
435 26
4799 50
84152 73
3401 30
2858 77
3174 59
7076 66
106542 70
6218 56
2860 37
1283 80
3618 68
2616 42
90439 61
2404 33
4660 70
2530 51
26386 70
4327 59
3030 77
71464 54
32 78
91529 71
4158 44
99114 70
98585 58
93326 49
2268 68
80489 72
130576 47
105504 77
2791 75
50601 52
7007 57
4234 45
3623 44
80727 59
78467 22
8641 71
4128 69
106782 73
2537 41
112138 68
3247 46
112818 42
2027 31
3101 48
5779 70
82202 39
1704 77
98296 70
6863 60
89305 53
4203 60
1201 80
6212 38
637 41
84954 53
6814 70
94864 56
67695 70
159077 70
92439 59
6812 39
3156 46
802 54
118354 70
134130 78
138036 65
65135 70
52975 65
4368 33
90717 60
45722 63
79259 70
68157 78
4233 29
74458 69
3258 46
1262 78
3949 73
101025 40
69526 35
1831 41
1083 54
1884 75
1476 65
156609 38
3755 52
111659 48
4734 46
161 60
95201 70
135887 53
2598 44
87232 74
4634 70
5334 45
5459 41
146730 70
72694 70
157432 70
132488 70
4558 46
1375 57
6424 70
71518 52
2716 72
94780 39
3593 19
129354 46
158 39
1409 43
6514 70
2881 43
51662 67
90522 48
68554 53
2126 51
122932 70
93510 69
137857 65
125916 38
2953 43
2090 59
1760 14
480 66
58803 61
2109 68
50792 35
46062 41
85510 55
80864 70
112171 54
122900 65
2587 60
1527 72
117529 59
4993 79
92264 46
5247 49
533 45
912 79
26464 70
2249 57
4678 59
103772 58
114601 59
96861 51
420 39
59615 52
2349 64
109372 42
95207 46
348 67
19 40
136020 47
4502 41
91094 43
138208 50
3511 43
79428 48
2643 21
109183 70
2139 66
4212 70
5942 46
96417 53
112852 77
99728 61
89470 64
142448 51
64983 50
2640 69
2046 55
4881 73
3882 44
3744 44
1032 62
116799 66
5 43
4040 32
157407 70
2115 67
1617 78
4367 42
105254 58
3388 40
3760 56
2146 57
2968 73
6281 51
466 47
96448 45
86332 60
64969 66
115170 70
1036 73
3397 74
2474 61
1408 77
155743 70
106920 81
8542 61
120466 57
2051 38
7143 69
7150 43
89087 38
34150 45
2253 46
2973 77
449|8
1917 50
2502 77
4034 77
1222 76
2770 53
762 32
2011 59
2324 76
450|11
3977 70
589 87
110 86
3363 85
3535 83
3948 78
3409 72
1035 85
3568 70
358 71
1259 87
451|7
733 74
593 84
7 66
5 65
494 72
25 75
17 77
452|20
4025 85
2858 92
2617 85
5292 88
1206 96
1676 85
3219 86
47 91
3101 85
163 90
1092 84
1917 84
2126 84
1356 88
552 85
2628 87
1200 92
608 95
2707 86
3273 79
453|20
208 73
858 92
2335 80
4022 83
3618 83
1617 87
3452 75
1357 87
112 76
2671 80
1884 86
1894 72
2294 79
318 94
1614 72
3534 78
2959 92
798 72
5266 75
780 81
454|9
7361 82
2692 80
7116 58
55820 79
6016 80
27773 76
2160 81
2858 78
26131 73
455|12
272 79
432 54
367 65
590 77
253 73
364 79
555 76
252 71
110 80
225 66
588 75
597 70
456|9
1407 74
634 56
135 72
5 71
724 73
780 79
733 80
260 84
706 70
457|10
329 65
3593 30
2692 80
1356 75
223 78
2394 70
2701 44
3608 56
733 68
2094 56
458|12
597 80
185 73
10 81
380 78
95 72
454 80
300 79
595 82
153 67
587 81
150 85
552 74
459|6
79132 88
5618 91
8961 84
48780 88
50872 84
260 87
460|17
89039 70
4886 86
4703 72
3831 79
1441 78
4878 88
3483 68
8970 84
1 87
49272 89
40815 85
85414 81
68237 86
76093 89
47610 84
63082 90
2571 89
461|6
74458 65
2762 64
1036 65
91500 60
3578 68
539 60
462|20
26838 70
89090 70
164655 70
188189 70
1136 78
1219 76
158966 77
1248 81
508 73
1653 76
1674 66
8917 67
8620 42
3424 76
2146 65
7044 71
3814 74
1213 80
82857 70
26131 72
463|7
6377 84
2028 85
4310 68
3753 75
2006 71
1092 71
5995 82
464|20
1370 67
58025 60
63853 52
296 86
2019 86
3527 76
5254 65
7007 69
1101 69
1779 62
377 69
1653 83
55820 83
648 69
33493 72
1610 82
65088 74
74727 73
1617 84
62374 69
465|20
2941 88
2987 82
1200 86
3448 82
5060 85
1299 87
3703 85
3649 64
1625 82
292 75
904 90
3101 69
1754 82
750 91
1256 85
593 90
3732 79
3740 84
3334 86
377 77
466|20
5418 76
30793 73
79091 78
92259 84
5989 80
5459 68
318 86
63082 82
59784 75
5010 77
74458 78
6281 74
5952 81
8529 73
64716 78
68954 81
4993 81
45447 74
81845 78
55247 80
467|22
41 70
58 70
389 70
466 70
527 70
593 70
780 70
1183 70
1233 70
1357 70
1365 70
1408 70
1721 70
2028 70
2125 70
2324 70
2334 70
2384 70
2390 70
2393 70
2394 70
2493 70
468|7
592 70
349 74
1 80
317 63
296 85
32 82
165 73
469|20
3658 70
3832 70
3507 75
3032 74
2736 77
2132 76
1958 82
910 80
1090 79
1485 54
1388 56
2321 65
1234 78
2081 70
1193 84
36 77
2908 74
909 75
2023 66
3255 67
470|16
253 74
318 89
110 81
588 76
282 70
5 62
597 72
32 82
595 76
592 71
500 70
26 76
356 84
357 72
434 62
300 73
471|6
2571 76
8874 76
527 81
1 75
8360 70
7147 73
472|6
58559 87
3450 77
3298 81
2840 71
1221 86
858 89
473|8
4979 71
2959 84
60 53
7147 72
6281 56
3897 73
48322 72
2596 62
474|422
638 70
2179 70
2697 70
4046 70
5114 70
5311 70
5353 70
5455 70
5601 70
6201 70
6273 70
6382 70
6407 70
6592 70
6912 70
7702 70
7826 70
7832 70
7839 70
8057 70
8446 70
8458 70
8459 70
8611 70
8650 70
8774 70
8938 70
1466 74
6708 72
2940 75
2616 55
2334 51
7139 75
4218 70
371 71
750 83
2935 70
8645 76
5481 57
6370 73
25865 70
2553 72
912 82
2467 77
5548 67
7301 77
52967 63
5945 63
480 73
1983 49
3462 73
1068 70
8600 68
6650 68
8482 70
6791 82
4016 72
1784 72
3668 74
3977 57
8961 75
4160 70
30820 70
6984 70
2750 64
5034 60
7716 70
2612 70
4419 75
1300 78
4187 68
1187 61
6565 72
272 77
5440 70
25937 65
1099 69
3125 70
5826 70
5649 70
7256 79
4912 72
6016 81
1208 84
2083 76
3385 52
2310 67
3360 74
3163 67
1413 69
4081 46
1643 70
968 75
2116 67
26965 62
5954 75
1263 79
5116 70
3536 72
8778 67
63433 65
2952 75
318 87
3394 52
1200 77
3384 78
4356 79
932 77
7698 71
516 63
4873 77
48385 68
39869 76
1902 70
2641 59
7036 54
2181 71
4638 50
31116 77
2455 69
2146 67
628 75
3897 76
1030 57
4022 73
344 61
3196 76
92 47
237 68
6770 71
3259 66
3368 68
26151 69
1293 77
34072 71
3044 75
1639 73
5944 71
6539 75
477 69
7361 82
55687 70
58 79
4014 66
3467 70
8154 77
4191 57
2134 67
4644 70
4293 67
5013 76
1399 68
1196 82
2918 76
5899 53
4465 65
100 56
361 63
3341 69
8921 70
195 61
3789 70
4709 71
1588 65
3468 82
4678 68
2723 66
2118 76
1939 75
7019 63
3147 82
1792 63
33903 77
1682 74
41566 69
1693 70
1957 75
5021 71
2313 76
3870 70
948 76
47099 76
3447 69
6614 65
216 71
5619 70
3987 47
5060 77
3111 73
45950 74
32584 65
5525 70
2567 65
5956 72
7 59
1172 81
3217 65
8331 70
587 70
5238 55
1189 73
2416 63
832 63
3095 77
7386 74
1223 81
7058 70
5246 53
5418 74
27803 77
26 74
4002 73
1135 64
45 70
6945 69
2411 55
2520 70
7347 67
5375 70
5673 73
3039 72
7833 70
33781 62
720 80
2103 52
33154 77
608 82
1327 43
101 78
7061 70
5451 62
5682 62
5434 71
6609 70
31658 80
4578 54
2009 69
4704 70
7572 70
4929 55
3306 72
6334 64
5379 71
5437 68
42418 66
4128 76
7451 76
2786 44
2243 69
27846 78
6197 59
3264 55
3608 58
5603 71
6124 56
1222 79
1663 76
3566 57
3755 62
2628 60
4815 58
2089 72
7102 63
27706 63
7013 76
1348 68
45666 54
5755 55
4055 65
2058 65
4462 42
1544 58
2405 60
4998 70
273 58
1977 53
1732 81
7822 70
7073 70
41527 69
4787 70
1676 65
3708 64
6669 70
317 60
25940 70
971 80
7366 60
3115 76
7026 60
2710 52
50685 74
2114 75
3809 65
3516 68
2770 60
535 63
4878 79
5992 76
41997 72
1083 64
4487 65
7293 69
1016 68
2006 60
1007 54
4993 80
3412 72
5007 70
3929 49
6639 67
8712 70
1876 55
3546 70
34359 70
7579 69
7325 70
6837 70
2634 68
7753 62
8943 48
8385 70
4308 70
3246 80
3745 66
1148 79
42002 64
50740 72
3952 68
1927 78
7581 68
910 77
3948 67
54881 79
1284 79
4007 73
5341 56
3675 81
52975 73
6244 62
965 73
454 70
1247 79
7215 59
1282 75
8207 76
6242 68
6502 80
4509 66
3528 74
2391 76
4262 76
4039 60
42018 52
3271 75
976 70
48394 74
5384 70
5168 70
1358 75
6534 52
8773 70
2384 61
48780 79
1269 78
4600 62
2642 48
111 80
933 81
3578 78
5297 52
944 71
6020 70
2123 57
748 63
4896 74
5380 76
53953 64
3712 53
25996 70
1997 76
4464 73
4085 68
51540 74
2707 65
2069 68
6710 71
1488 60
6378 75
928 79
3038 75
7116 56
44511 70
594 74
1962 71
421 63
4316 53
2761 80
4823 59
892 78
1345 71
5294 76
1408 77
6579 70
3272 63
3421 73
3844 72
6787 78
37736 68
2249 67
1610 78
2468 47
3498 76
4902 73
6268 66
5225 80
5404 70
929 70
25999 70
7835 70
805 74
4126 66
475|20
6539 87
4993 91
87232 85
40815 87
5816 89
8644 87
81564 85
4701 86
81834 87
6564 79
68791 88
111759 88
7153 90
1527 84
71530 80
4896 88
106487 86
112852 90
3578 89
82461 83
476|14
594 76
34 74
380 68
158 56
153 55
586 60
440 72
364 80
378 68
357 71
224 72
165 73
296 85
11 74
477|20
34 79
913 85
3100 84
2105 74
1271 77
1207 86
70687 40
2174 75
45672 70
4571 80
3973 52
4226 87
1103 89
5291 80
348 80
3593 35
1 83
1274 86
6502 87
59615 69
478|5
1917 48
3114 63
594 65
1584 56
1101 56
479|20
5365 70
4488 61
524 62
1025 69
3707 48
1220 73
4010 61
3244 61
3526 70
4092 46
1968 72
4700 56
4003 59
3671 76
2671 64
341 70
2012 66
2542 76
454 64
2384 52
480|20
43914 70
2700 77
8533 71
2193 73
2797 76
3484 53
2571 79
1210 84
2596 64
8866 56
47610 71
6306 71
5379 70
2018 64
7153 83
3911 76
44191 78
38061 83
5673 71
380 62
481|7
1608 51
1687 48
1629 46
1729 56
1620 51
1597 49
1485 46
482|20
2068 70
8985 55
1036 78
474 76
1042 65
4389 58
780 70
27706 66
3211 71
1610 79
4367 58
1374 75
1220 75
1602 59
653 61
592 70
30812 74
4862 62
8361 59
8529 66
483|20
105325 70
783 69
2541 71
2959 90
109971 70
45722 75
1199 86
50872 79
2000 77
4306 82
69757 80
2683 70
2273 71
1588 69
109487 81
66934 83
1721 71
2328 56
68522 70
8972 69
484|20
93320 70
1438 68
6155 76
6944 79
2706 77
33166 79
6874 80
3697 74
1059 78
76293 73
919 81
2762 79
1821 65
837 78
5810 75
1753 78
3254 78
4718 71
2413 76
3646 65
485|5
588 82
161 79
253 80
292 77
231 72
486|12
653 74
47 86
110 88
153 67
474 85
95 73
288 81
329 80
161 82
318 96
292 80
6 88
487|12
27611 58
8961 56
318 75
1198 69
31658 63
1197 67
6539 54
5445 55
116797 61
4027 57
8874 61
86377 62
488|20
720 82
838 72
608 85
1223 84
26 74
5135 75
2109 74
7720 58
7303 69
4014 67
5995 79
457 82
105 65
1136 84
272 79
1269 79
3176 73
1278 84
1125 73
910 80
489|20
79536 70
86000 70
4848 77
736 51
8387 20
4700 54
45666 44
4720 67
2683 60
2021 64
2389 35
1619 57
950 64
58559 80
2236 63
2167 53
1616 50
247 79
376 58
2717 52
490|20
46578 73
89492 72
81591 67
91077 72
60074 48
5816 63
4144 74
54001 69
1 72
1784 64
7153 77
4993 76
89759 59
86320 53
60128 57
76251 63
8368 75
69122 62
2006 49
78499 77
491|13
106782 87
69757 84
7293 82
27808 81
4246 81
3948 81
104374 86
86833 81
140110 84
8529 79
180231 70
4306 87
88405 77
492|20
736 81
784 76
628 84
858 93
852 81
64 76
990 78
830 81
743 72
62 86
52 85
1499 71
66 75
1210 90
881 72
1474 70
1405 79
724 80
1047 81
65 75
493|13
2985 66
4444 65
2916 69
1275 75
2571 77
1527 73
2028 80
3793 70
2167 59
1215 82
4701 61
2924 77
260 79
494|5
1196 82
4498 59
3578 78
2028 80
1210 81
495|20
140523 70
115149 84
1259 87
1721 75
136562 81
80489 84
19 58
50872 83
231 69
102123 69
52319 73
7254 79
7360 86
8528 82
1645 76
46578 87
30810 82
2918 84
148626 87
56775 70
496|6
1221 78
99149 59
858 81
904 77
8865 50
114713 53
497|11
1193 75
112556 67
112290 66
1916 63
92259 75
2329 76
112552 72
1258 74
2762 67
5349 60
111362 68
498|7
344 73
231 73
648 78
10 82
300 79
356 90
316 75
499|6
1202 79
2337 67
38304 82
327 64
56286 72
1304 81
500|18
2599 69
2987 66
543 59
2700 69
2542 71
1265 72
2916 63
356 77
3301 62
1784 65
1914 67
595 67
2355 58
3536 63
1885 58
322 65
838 63
720 74
501|9
6 74
62 66
93 52
45 65
3 58
637 53
11 67
18 66
662 54
502|7
7236 65
1077 74
4412 44
3469 60
2001 60
2520 70
1777 64
503|19
7455 70
7361 78
4878 74
356 77
91500 64
593 77
527 79
858 81
4226 77
1259 73
1342 56
2877 57
92509 56
90866 70
500 61
441 70
48516 79
2858 75
48394 69
504|18
4995 83
5812 79
2321 79
1 82
3556 82
7153 85
6708 78
1288 84
6927 70
4033 80
4700 72
6565 79
342 75
3408 77
6879 75
4361 79
5952 85
5955 76
505|7
1241 79
4105 81
1029 74
74685 72
273 69
6502 87
54999 79
506|9
59258 56
54272 69
37741 78
56782 80
62293 59
51834 54
49286 63
112556 72
61024 68
507|5
165 64
266 61
253 64
377 60
593 75
508|5
2872 45
2011 42
1952 54
1175 58
898 63
509|20
26958 70
130073 70
2028 75
87232 71
33830 61
5313 49
48 56
2090 64
2080 60
6942 72
8907 51
6156 56
5816 66
39 60
3988 57
6807 72
7458 62
1196 77
45447 59
616 66
510|20
1882 29
7026 42
35836 55
494 48
1198 72
514 58
457 66
2935 52
858 74
2699 37
317 41
8949 59
2918 59
145 44
1262 68
6787 66
1208 72
372 40
1242 71
40819 61
511|11
2959 93
53953 75
115149 84
164179 87
6534 66
99114 86
92259 92
318 95
2324 88
1653 87
56757 81
512|10
480 76
150 80
349 75
47 79
350 71
442 63
457 84
50 87
317 66
593 85
513|7
5952 82
318 89
2174 68
235 71
1304 76
1220 74
1080 80
514|20
1335 70
5704 70
62586 70
168358 70
180263 70
1704 79
2005 72
2792 59
2013 50
1673 80
134130 79
76093 77
1333 68
58998 77
68157 80
2406 67
3210 67
54503 76
4855 73
1644 37
515|6
33794 92
2028 95
527 97
91529 93
58559 97
2959 100
516|26
260 70
457 70
480 70
647 70
708 70
1042 70
1090 70
1197 70
1198 70
1954 70
1958 70
2021 70
2259 70
2268 70
3052 70
3471 70
4027 70
4291 70
4306 70
4321 70
4322 70
4333 70
4337 70
4349 70
4361 70
4429 70
517|20
4306 56
53125 48
1265 58
165489 70
97938 53
88744 51
86880 44
4148 39
26761 70
3398 52
1293 55
3988 40
2858 61
4963 51
1204 67
1704 60
47629 53
7669 55
1206 64
46578 57
518|5
3101 59
2657 67
783 63
1876 56
6365 62
519|6
1704 90
356 92
140110 86
6378 86
7445 85
1968 86
520|20
7266 70
318 91
1049 78
59315 80
4995 84
32 84
2716 81
4333 72
1291 86
1732 86
4085 75
2723 74
3081 76
3994 76
33493 77
135 69
2393 73
60516 64
2406 77
1584 77
521|8
661 72
112 73
86 78
104 76
58 85
79 62
52 81
852 71
522|20
99114 78
81932 77
89492 79
63113 68
2959 87
1193 83
1375 66
4993 82
223 80
27611 78
76060 69
180 69
59315 76
1617 81
10 73
67255 80
2023 70
6187 78
318 88
127098 74
523|15
168252 96
8970 91
5989 94
318 101
91529 93
1721 87
293 94
65261 94
4270 85
3147 97
27731 90
134130 93
31696 86
527 96
101962 88
524|20
1356 74
150 75
552 61
748 62
344 60
442 57
253 70
1225 79
20 56
589 78
1242 81
544 60
173 52
1302 68
380 64
457 79
1020 67
788 49
193 48
466 58
525|20
120807 70
317 58
6863 65
8622 69
33004 68
7147 74
2396 70
40815 74
137337 69
1639 70
1968 72
91869 70
45880 66
2100 60
339 63
4886 74
50872 73
86332 66
8983 71
3996 74
526|12
593 87
55247 83
46578 84
176415 70
1295 69
90430 76
4014 78
2352 83
176413 70
215 82
81845 83
51255 82
527|20
2137 80
3114 82
3210 80
3016 78
2161 81
4571 81
2118 84
3421 81
455 69
2867 82
2450 64
1909 77
1214 82
4299 76
736 76
2477 71
588 82
4016 80
1259 85
2533 74
528|15
4886 70
2278 63
80906 71
4037 70
1240 73
64614 74
3821 37
150 71
1291 77
80463 74
593 78
99813 70
85342 70
48516 80
58559 80
529|5
653 56
135 56
65 48
62 68
733 67
530|6
292 72
500 72
300 75
586 65
593 86
11 77
531|5
593 86
590 80
919 81
480 77
1215 87
532|10
1721 77
4863 79
457 87
290 86
1245 90
1242 89
2023 80
2329 90
1304 85
517 74
533|8
1200 87
6502 90
79132 89
46578 88
93840 87
4973 91
2455 82
66934 88
534|20
116724 70
97913 80
94953 77
2003 79
2167 74
7569 78
153 67
1485 75
65514 81
104218 72
344 72
2571 85
5445 82
95875 76
112818 70
82461 75
96610 78
2987 79
138036 79
1566 81
535|6
2571 71
2581 45
2700 69
2688 53
2583 74
2882 48
536|8
232 78
272 77
356 82
335 70
225 64
150 76
434 58
589 79
537|10
80906 86
367 75
7153 85
53322 79
104218 74
97304 82
6539 81
318 91
89745 85
105504 85
538|8
595 86
3671 87
80549 86
4039 78
69757 86
5047 84
44889 70
66934 88
539|8
4306 80
6753 73
5218 73
50872 77
88 60
3301 74
4886 79
69122 75
540|9
2598 72
2959 93
1073 85
8874 87
1681 69
2183 84
2841 82
2747 76
1196 90
541|18
590 77
457 82
413 59
15 60
110 80
595 76
597 71
480 74
356 84
203 71
529 78
357 71
22 67
345 78
546 48
586 60
281 77
350 69
542|20
6539 72
30793 61
5299 61
2542 75
34319 63
33679 59
4963 72
5481 54
1997 74
4025 55
3623 51
924 74
4369 57
6378 72
2571 77
7254 67
41566 67
37733 68
7361 81
45517 64
543|16
73881 84
1702 77
595 86
3301 84
231 78
2378 82
2379 71
86882 85
6377 88
588 85
377 84
48385 82
2571 90
4526 74
4388 74
92259 93
544|22
1 70
3 70
14 70
32 70
40 70
62 70
68 70
95 70
116 70
619 70
626 70
648 70
650 70
694 70
736 70
780 70
839 70
1042 70
1047 70
1059 70
1105 70
1356 70
545|5
1438 66
1267 87
2763 80
1367 71
44 62
546|13
1270 79
3328 76
480 72
1970 60
2456 61
1976 57
589 78
2657 69
1673 80
3941 70
3959 73
3566 63
1977 62
547|5
1211 77
2859 80
2917 81
1394 83
1288 84
548|26
69 70
260 70
356 70
733 70
1196 70
1393 70
1477 70
1621 70
2571 70
2716 70
3263 70
3578 70
3916 70
4776 70
4899 70
5955 70
6874 70
7458 70
8531 70
49910 70
58559 70
74532 70
80862 70
122904 70
125916 70
168712 70
549|5
2571 74
2028 76
4226 77
1210 77
589 75
550|6
167296 70
102125 79
106782 86
116797 85
112852 86
122882 84
551|20
5010 75
34162 72
60069 78
1544 66
45186 72
103772 71
51935 76
4226 79
2353 71
7153 79
5989 78
135569 72
115149 76
88129 75
134130 77
6934 68
47 76
4701 71
2959 84
98809 75
552|20
2916 64
3317 71
1405 46
2953 42
2245 58
2944 72
2890 69
2125 69
508 70
3948 58
5349 60
2959 83
2857 61
173 40
2991 66
2871 72
2628 49
4308 62
4878 76
3101 48
553|17
55765 88
3481 83
1923 85
2571 90
4011 89
50 93
3949 88
1089 93
44199 86
5513 70
2231 89
2395 83
3052 84
61257 70
1221 91
33166 85
2959 94
554|18
1196 86
1022 75
2820 70
1207 84
1517 75
1282 79
1210 85
1760 40
2282 74
1225 84
907 75
1358 79
2096 77
1028 82
593 86
608 86
953 83
2324 84
555|20
790 70
3664 70
1 78
3111 73
3395 56
104 66
1334 56
2506 64
2072 61
4002 73
1266 79
2641 59
2256 63
2791 78
2701 44
1333 72
1320 63
337 76
1393 64
3526 73
556|7
162600 76
122890 78
3081 77
88125 82
588 80
72998 79
74789 72
557|6
648 73
231 68
1291 85
260 81
1210 84
150 81
558|12
5329 71
5064 81
4903 77
2297 78
2568 74
4993 84
4306 83
367 72
5283 67
1097 78
4164 71
5294 81
559|20
552 62
608 83
355 44
329 67
544 61
1527 75
173 53
377 67
745 81
174 52
529 77
350 66
349 72
533 57
836 53
1210 82
420 53
786 55
227 49
253 72
560|20
5839 70
91535 63
136018 55
67997 68
79132 78
3253 69
142558 70
2355 68
39435 66
1527 72
40414 73
64614 76
48744 71
56587 72
593 80
76251 72
84944 72
109313 70
5878 78
40819 76
561|20
168174 70
5308 54
78469 57
3703 74
60069 76
91535 57
2105 63
73017 73
5445 71
2000 69
83134 68
79132 75
79592 63
80463 76
89745 78
527 82
8972 61
353 73
33162 63
68157 79
562|20
27140 70
6870 84
6377 86
2580 84
1249 90
4776 83
36529 82
1259 87
1982 83
2268 84
2133 81
83134 83
3210 82
48394 81
30707 84
33836 71
2692 88
88163 86
99191 70
1240 85
563|20
61071 70
70932 70
80858 70
919 77
74450 66
588 74
5943 51
118997 57
86833 72
1197 83
128832 70
85397 67
45221 56
33499 55
7380 66
96821 79
81784 62
95307 55
65585 63
55250 55
564|20
50942 70
356 83
31685 70
131013 70
61024 75
79224 60
87869 77
500 71
108156 68
81784 67
93270 59
6188 73
106918 80
65230 71
67087 71
80693 68
94677 69
8984 72
73266 74
2671 73
565|6
590 76
231 63
19 56
21 71
50 85
539 72
566|15
648 67
10 73
231 61
329 67
342 67
141 67
203 68
345 77
39 67
497 79
265 73
588 74
708 67
353 76
2 63
567|20
8189 70
26743 70
92681 70
109897 70
152071 70
5690 56
136602 44
122888 70
6333 53
1274 60
122922 47
153070 70
151687 70
117877 70
108928 36
954 64
122924 42
27773 54
648 41
135887 38
568|23
50 70
147 70
296 70
356 70
480 70
593 70
765 70
1103 70
1104 70
1257 70
1298 70
1895 70
2313 70
2359 70
2863 70
3053 70
3148 70
3261 70
3363 70
8169 70
46723 70
63853 70
65088 70
569|5
231 78
50 93
380 82
588 86
592 81
570|20
208 56
8636 74
48516 82
1225 80
586 56
2683 65
457 79
1196 82
110 78
4993 80
7361 82
1198 83
1079 79
10 71
3793 71
1391 58
589 78
380 64
527 82
185 57
571|20
1331 70
2982 70
2366 63
1128 50
610 60
2902 48
1998 33
3696 57
1980 70
1987 70
70 60
1924 48
2279 39
1327 37
3732 57
1972 35
1278 75
1644 37
2327 67
1978 38
572|20
1961 78
2570 67
2788 85
2321 77
111 85
904 88
2987 78
2302 67
1834 84
2539 67
2917 82
1307 80
1 83
161 75
3421 78
838 76
1356 81
2006 66
3167 75
1953 82
573|20
89745 90
72998 85
3752 79
356 92
7293 83
6754 84
8665 86
32587 86
1073 86
88744 86
1127 85
68954 90
98809 85
2640 86
48516 93
71535 86
59369 83
60069 89
88140 84
1562 68
574|23
47 70
110 70
150 70
153 70
161 70
185 70
225 70
231 70
292 70
296 70
300 70
316 70
318 70
329 70
339 70
344 70
380 70
410 70
434 70
588 70
592 70
593 70
595 70
575|8
2566 61
2580 75
296 83
2581 54
2572 71
2542 78
2574 44
2598 56
576|5
849 53
1321 60
1373 50
1479 57
2289 67
577|20
2415 70
1183 69
1288 80
1129 69
2944 75
2194 75
733 68
1213 84
2076 74
2020 78
1262 80
1931 75
1391 57
2987 71
952 76
1909 63
260 80
919 76
2248 73
1270 79
578|6
6751 70
52668 79
45668 77
830 76
72407 65
75446 70
579|15
3174 81
2485 74
1022 78
2018 78
838 81
1917 74
1391 75
596 79
1573 78
2965 70
1653 84
2599 81
892 85
2687 81
595 82
580|20
5767 70
6583 70
480 75
8844 70
6989 72
3809 70
41569 71
3699 70
4041 71
33166 76
356 84
508 78
8376 74
3578 80
608 84
3785 64
3089 81
1320 68
54286 78
1201 85
581|8
7153 87
5995 84
4973 88
116797 85
3949 84
4306 85
109487 84
6377 86
582|12
91529 80
2959 87
116797 81
4993 82
5618 84
2571 82
76251 76
69844 80
104841 74
48516 85
97752 73
76093 82
583|12
8533 70
88405 59
2706 63
117590 74
317 61
60756 67
6942 75
595 72
46578 77
104 66
2694 63
7451 75
584|17
288 83
22 81
203 84
315 77
500 82
316 80
539 85
234 74
296 91
257 84
434 76
586 76
338 76
349 84
282 81
480 86
590 87
585|13
3173 78
1228 89
54503 86
2959 93
428 84
1405 77
7254 83
441 85
1805 79
296 89
27373 70
5325 82
79132 89
586|20
34332 80
4016 86
111659 80
106002 84
149406 82
167036 88
45499 84
136556 70
5445 89
117851 83
1291 92
71264 86
106489 84
135436 80
3753 86
2640 87
3147 92
122916 88
3793 87
101362 75
587|20
1234 82
628 80
2012 78
534 79
2002 73
1641 79
236 78
1376 79
2622 76
1541 69
3260 82
497 84
3082 75
445 72
3448 80
2574 61
765 73
691 70
329 77
3406 76
588|12
50 78
16 69
20 47
356 76
350 57
198 59
593 75
364 69
163 62
253 63
223 72
3 52
589|8
1092 70
318 92
590 81
373 76
586 66
587 77
527 87
337 80
590|20
924 74
8807 64
2371 54
38061 80
81834 76
40815 73
4890 58
903 74
5 50
3624 59
555 72
4047 71
51662 70
2085 64
419 51
595 72
329 63
2376 63
3635 65
2398 79
591|11
2908 73
2706 60
2712 65
2355 65
3615 58
3578 77
2394 69
3798 63
356 80
223 77
2724 52
592|19
514 83
2 73
153 64
415 64
110 84
177 71
420 68
380 75
44 62
788 66
588 80
163 80
204 61
610 80
39 75
419 68
253 78
432 64
240 64
593|20
1196 76
1073 68
1086 75
1617 74
4034 73
41566 59
1197 77
344 51
8368 75
339 53
2959 81
8961 67
5816 61
2797 67
4896 64
588 64
595 66
5952 75
377 56
141 57
594|20
7031 70
2671 82
7115 78
1616 80
5943 73
1188 84
2269 80
1733 81
4902 84
6996 61
780 84
1429 81
6140 80
7046 78
39 82
595 85
799 84
2028 87
8482 70
7169 82
595|5
265 81
50 91
1186 83
1199 89
1966 75
596|20
33649 70
43744 70
182793 70
129397 54
128908 70
1 77
142488 80
122922 73
4310 55
71838 62
4025 58
2501 75
110102 75
149406 68
2774 70
5502 63
8665 73
6537 64
2571 78
345 76
597|20
1799 81
490 69
3040 70
2529 85
2858 87
903 85
3039 80
2000 80
1291 90
357 76
1228 90
1845 88
2411 59
1580 74
1148 87
1198 92
2723 73
485 65
592 76
2692 89
598|5
56367 79
8360 77
593 85
114265 70
103543 67
599|496
26142 70
26567 70
26590 70
26676 70
26854 70
27595 70
34800 70
53450 70
60803 70
69131 70
74696 70
79895 70
84523 70
87960 70
92674 70
98799 70
102735 70
102852 70
104017 70
105020 70
122433 70
157865 70
158874 70
160978 70
161044 70
174727 70
179053 70
1801 57
6035 55
3387 44
33437 58
112 51
5995 65
167706 70
4394 70
836 41
7235 51
8809 52
102749 70
89087 39
42011 39
432 39
471 61
5628 51
1015 48
2 48
2269 48
69 61
3947 42
79091 58
104837 70
4037 61
7587 56
6881 58
1449 62
7225 60
81229 52
68952 65
4728 45
5081 49
33966 70
1779 46
3669 70
87197 70
170297 70
79057 54
95965 70
55207 70
4007 56
1220 62
80831 54
46723 55
71282 66
7757 64
3259 50
92309 53
1376 55
7192 51
4654 44
101423 70
53468 45
62662 70
3174 54
3698 50
2882 43
2359 60
1183 57
2792 51
1095 61
8387 26
53125 56
115713 66
2949 61
2471 36
3 48
1231 63
3861 48
240 38
1480 54
2301 58
1445 38
8045 70
586 44
2942 40
1185 64
4594 70
2474 54
3671 64
3196 61
64839 65
98697 70
2606 43
1777 55
5309 40
7022 63
4873 62
541 72
27311 58
43921 55
67734 53
4240 70
5026 64
168 41
33493 55
4125 36
7354 53
207 51
1094 51
742 47
1609 49
1042 49
3362 63
4553 53
4632 52
2278 55
468 50
122904 62
75416 70
42718 54
4285 44
79274 57
1794 70
45081 46
108192 70
3489 55
3503 63
89804 50
163809 70
577 37
3071 53
1204 74
3981 37
95771 70
45382 50
6548 47
59387 59
166528 62
168492 70
6691 70
605 44
424 33
2991 58
248 42
97950 70
3865 57
1216 55
342 52
35836 58
27772 42
176419 46
151781 70
277 47
6320 39
39381 56
5111 70
4090 48
2450 35
2676 54
2356 45
79702 61
1597 50
410 50
1721 52
3702 53
183301 70
1387 69
2072 48
26729 56
2393 50
4247 38
4591 45
1032 56
3087 48
1895 53
634 31
210 49
2074 59
51575 41
3505 63
5247 46
481 47
4215 33
1355 40
2657 55
2028 70
4011 67
420 41
552 49
1196 71
2395 56
5303 58
1752 41
3186 57
4310 42
1784 58
3200 76
7254 55
688 41
473 36
1079 68
1552 46
1148 65
1544 45
63113 53
2325 49
26649 58
6804 70
161 54
4109 52
34332 44
1653 68
4808 41
7707 70
3468 68
502 34
1221 73
1792 49
68319 46
6787 68
2119 33
3884 40
4254 34
3973 35
103609 70
8934 70
5377 64
42632 67
55290 59
4506 56
7840 56
5568 47
1689 45
7005 70
103228 59
59947 70
786 42
4351 53
172253 70
4679 51
1411 68
117630 70
1590 47
112623 61
3146 35
8984 51
1920 44
519 35
179817 65
3979 41
3741 59
44020 42
26630 70
7285 59
3030 68
1021 40
8638 63
87 48
7153 72
2877 47
2018 53
3173 47
5198 70
7101 46
7701 32
3213 66
26159 53
2339 70
33896 57
2000 59
4006 54
136562 58
37382 45
6645 60
171763 68
8528 59
27008 70
4017 57
4167 49
86142 62
1249 70
3255 55
736 47
2779 56
84414 52
27773 62
2083 62
98499 41
4034 68
119828 70
1993 46
94864 50
6631 42
2321 55
26242 49
3703 63
41566 55
2529 64
1968 61
8914 66
3257 48
159403 70
1036 63
76093 66
5103 56
6947 58
1952 65
2124 50
4084 45
6016 66
778 72
81 45
2171 57
1253 60
4275 49
7982 56
3723 55
849 46
2681 48
6565 56
39414 51
122916 60
6440 66
8917 54
72011 57
1605 44
1240 65
923 69
68157 68
5961 70
5053 70
3571 57
2403 54
3871 64
44238 70
72226 63
7004 42
2054 42
62970 41
5159 46
354 55
122924 53
48774 65
1394 67
3763 55
70286 64
1904 50
3969 57
81562 58
102590 70
233 55
4155 43
1031 53
76 45
459 38
1097 56
1178 68
60291 51
3328 62
1232 57
3036 51
5283 43
4327 53
610 57
2726 66
4732 39
5970 51
2396 58
594 62
1247 67
45499 49
3476 56
2399 37
137218 70
1997 62
3271 59
27801 56
6365 50
1799 59
580 45
122900 57
2803 52
80219 47
466 45
110882 62
3997 33
26176 70
2378 51
117895 35
26662 70
90603 56
119218 70
44 36
809 41
1960 58
4519 49
1959 60
414 43
1073 63
61236 52
1479 50
4019 58
1245 69
37857 64
161032 70
371 56
3020 59
88593 70
6774 65
2005 61
90405 47
26285 70
6793 35
627 52
1617 69
6734 38
108090 70
2427 51
51024 53
122922 57
3440 32
6874 70
4919 53
338 44
81591 61
1704 68
1499 30
357 54
62155 51
144 47
34148 53
53519 49
4504 70
2796 45
216 57
6827 38
1429 51
7445 53
1385 46
90471 52
8425 70
10 59
26542 47
7387 61
72998 58
89470 56
3629 68
1297 61
3424 65
1672 57
44761 66
196 42
70703 70
2383 42
180 54
4040 36
6333 62
4440 53
5291 59
88235 60
1639 59
4580 41
153236 70
86190 56
4477 39
103027 70
32291 51
34811 70
5171 45
122260 70
8784 61
5954 62
8798 62
707 44
880 37
314 54
61323 56
600|20
3269 53
1394 72
3785 51
2717 53
5569 58
4306 69
1206 76
56775 54
2015 56
7 51
2013 51
262 65
1210 75
1060 65
2431 58
2077 66
2423 60
4641 65
527 78
5076 49
601|20
141846 70
68157 90
1262 89
106782 89
60069 89
49272 90
5445 86
1193 92
1207 90
79132 90
904 92
166024 81
1917 76
7153 90
2324 91
170697 83
31658 90
5989 88
88810 89
2571 90
602|20
161 66
19 52
350 64
494 64
14 66
471 72
125 66
434 55
235 70
481 60
315 53
371 68
474 71
527 83
21 67
349 69
440 67
339 63
480 70
163 69
603|20
602 70
803 70
2008 70
2577 70
3459 70
4787 70
2912 75
1769 58
485 57
4420 70
920 71
1 78
2706 63
1844 71
3787 68
1222 80
190 62
2716 76
3983 80
101 78
604|20
220 70
292 72
151 76
329 73
410 70
426 71
435 54
316 70
22 71
235 76
181 54
332 65
273 66
637 64
285 70
173 62
588 78
23 69
553 78
1 80
605|20
35347 70
6787 74
1197 78
5667 70
42738 56
51662 66
7373 64
596 62
780 63
4571 68
2316 64
7454 50
150 71
60040 57
8977 49
3269 56
72982 70
1210 77
62376 46
60937 48
606|20
263 70
563 70
583 70
3808 70
4671 70
4840 70
5856 70
6111 70
6573 70
8685 70
32728 70
55805 70
3147 84
4392 69
2311 75
6308 53
50842 75
6591 79
8270 76
2025 78
607|20
891 73
1610 80
448 75
3147 84
1094 73
1307 78
592 73
204 58
1552 71
527 83
3476 75
296 83
2313 78
3440 57
423 69
1518 76
2118 81
2193 78
380 74
2028 82
608|20
52245 59
2997 76
3793 69
2763 68
174 48
2000 69
1214 74
919 74
2700 73
4161 58
5146 61
1639 69
541 80
473 43
2529 74
522 67
4343 51
1909 61
2431 62
1220 71
609|8
296 80
833 43
356 78
339 61
454 64
318 85
208 55
292 61
610|20
5953 70
58975 70
70206 70
78626 70
82765 70
97988 70
107447 70
107462 70
110591 70
110746 70
118082 70
139655 70
160341 70
86644 61
56801 60
61024 80
77561 77
4816 78
62434 80
3972 85
