1|20
260 74
1927 79
804 63
3 65
1009 61
2406 65
1587 63
3671 70
2617 64
3053 73
2571 74
1222 75
2137 66
1377 62
2395 67
2761 73
2641 58
2872 67
1258 74
2700 68
2|6
333 61
122882 61
71535 62
46970 56
58559 65
80489 61
3|8
5764 70
647 32
6835 70
5919 36
2851 26
2288 49
5048 23
4518 38
4|20
106 70
1291 62
3408 44
265 55
52 57
4347 61
2467 63
908 66
345 57
1304 59
1923 53
2959 62
368 55
1219 63
4765 52
1199 64
4166 27
1732 62
21 49
2858 61
5|9
515 57
1 62
364 63
608 65
290 62
261 58
34 59
318 70
21 53
6|20
349 60
318 71
775 70
141 58
348 61
104 59
327 58
410 54
165 59
87 53
366 59
17 62
1084 67
222 62
16 63
416 46
277 55
460 55
867 42
316 55
7|20
8528 58
3623 34
8636 59
8360 56
1517 57
466 39
8373 35
1220 59
7155 40
8808 35
6863 50
31878 55
1610 60
1219 62
4700 46
45668 45
8970 55
27741 54
6333 60
8865 46
8|10
356 66
47 65
231 49
318 71
454 58
292 52
32 65
141 57
380 53
252 52
9|10
5451 44
923 65
5890 44
2901 41
922 65
6044 70
1987 70
5378 37
3735 55
5447 44
10|20
597 56
33679 51
8533 55
8969 52
72720 57
88810 58
136020 52
6377 58
5943 48
109374 56
113394 70
61250 44
82167 42
140110 58
5377 55
77841 70
6942 58
1028 57
72330 70
66203 46
11|13
733 60
1584 62
1210 69
170 57
1438 47
648 56
1918 51
493 64
10 59
457 67
1693 60
150 63
1923 60
12|7
2717 59
2100 64
838 73
2072 64
1876 63
2581 61
6942 72
13|7
3717 50
3624 51
3798 49
2174 63
47 69
3893 64
305 47
14|10
344 50
477 56
110 62
540 32
597 56
153 40
592 57
4 26
539 56
105 48
15|20
91529 57
7438 61
111759 59
2329 63
1 60
1909 50
1240 58
115713 59
1200 57
293 59
2571 60
3949 58
120466 52
1198 66
2028 63
2011 51
158 40
160980 55
4306 59
4022 59
16|20
1230 61
78499 60
913 62
1136 61
1299 59
1617 60
1203 62
3429 64
2858 61
608 61
3683 61
4002 56
1199 62
912 63
2707 52
5782 60
1260 59
319 58
27773 58
2109 55
17|20
260 69
64839 64
296 68
5952 66
527 68
1193 67
3681 68
1240 65
2717 53
2858 66
1093 58
81932 64
5618 68
50 69
5971 66
2959 68
1201 68
541 67
82459 67
1 64
18|20
8117 70
65596 70
88094 70
145283 70
157110 70
166015 70
171023 70
103253 50
60684 61
44199 61
2 58
86628 61
59784 59
2918 63
109374 64
4226 66
53129 67
139385 62
47 64
1291 64
19|20
3692 70
3662 38
54 31
2733 31
1702 37
1240 51
1270 61
3712 38
1881 41
216 47
3 39
1834 59
2184 45
3017 45
2044 27
2354 35
2005 52
3146 29
3387 34
2694 39
20|20
1566 40
5419 54
4014 55
2140 63
586 53
661 57
3189 64
5014 66
1333 64
4161 49
3784 43
1030 54
5313 38
2804 67
2054 50
34 63
1097 67
6358 70
4519 59
1722 40
21|20
107013 70
117922 70
140301 70
57640 57
2985 50
2990 54
2717 46
5418 58
31433 53
112175 57
7153 59
30793 54
4446 53
52973 55
45186 53
2023 54
79185 55
1721 54
102125 55
5459 53
22|20
8961 49
2723 23
60950 29
64575 41
1193 54
70286 32
4993 56
2160 57
39183 43
7147 39
3996 29
3481 45
55765 48
48780 32
7361 57
51540 50
6711 54
2968 48
3949 48
48394 30
23|20
6234 70
3996 57
293 58
1206 61
1136 61
1960 58
7587 58
3424 61
3181 63
2467 59
1248 66
1617 60
6807 61
1952 60
6440 60
1258 62
1243 63
1080 60
8228 54
1711 48
24|20
1784 54
2617 48
111759 58
134853 60
58998 60
1265 59
1198 66
3147 61
1197 64
1220 57
2424 47
5418 58
72011 55
54286 55
27773 57
64957 55
356 60
44191 56
1682 56
68358 57
25|6
58559 75
60069 73
74458 72
79132 74
527 75
260 74
26|21
10 70
34 70
47 70
150 70
153 70
165 70
185 70
208 70
225 70
288 70
296 70
300 70
344 70
349 70
356 70
380 70
434 70
454 70
457 70
592 70
593 70
27|20
1196 64
2478 51
2640 59
3508 69
3555 57
1201 65
3519 52
969 64
2080 57
673 47
2886 32
2529 62
1387 64
1101 55
1947 60
1250 67
1276 65
3114 62
1083 52
3809 56
28|20
27450 70
60943 70
61011 70
63033 70
5617 54
59369 51
60046 70
507 46
3300 46
55094 45
59018 70
26695 70
2951 51
3006 51
2231 51
5418 51
26812 44
2058 43
353 52
61167 70
29|17
98961 64
7379 58
1250 69
1201 68
111362 62
48516 68
1100 50
26554 67
3441 59
4327 59
2872 60
2301 63
1617 66
3681 68
55820 65
4223 58
99114 64
30|7
5952 74
108932 73
1200 72
91529 73
116823 70
112852 73
1198 77
31|10
1198 69
1200 62
648 56
1363 54
1073 62
1036 61
1197 67
377 59
1246 65
1270 65
32|20
236 59
314 63
1356 62
357 60
224 60
627 60
1079 67
1084 67
318 72
761 48
1197 68
849 54
912 68
880 48
1198 69
58 68
203 56
608 67
497 65
410 56
33|20
110 62
17 55
2396 59
2272 52
448 55
428 57
265 57
1280 65
1177 65
1617 64
50 66
261 59
11 58
452 38
345 60
608 64
150 59
1188 62
800 62
2690 61
34|18
780 58
2273 50
3717 49
26606 61
45499 52
3996 58
4310 52
3624 55
31685 50
1721 52
5146 56
7090 62
70 57
2006 55
3000 62
4306 59
27728 41
3997 34
35|5
11 64
185 51
595 64
21 61
300 62
36|12
5171 29
3066 47
552 39
4025 30
1262 56
2735 31
2359 47
1372 37
1278 55
2194 49
3347 50
1704 49
37|5
344 57
356 71
661 58
329 62
457 69
38|16
434 42
39 47
223 59
161 50
246 60
168 41
273 44
480 53
356 61
457 60
364 59
50 60
500 52
300 54
551 55
21 49
39|20
2571 67
2391 64
1921 65
1862 45
1219 66
1907 60
2081 58
2459 57
924 65
2529 65
1729 61
47 65
260 69
2080 56
592 58
296 68
3213 67
610 61
589 63
596 56
40|20
440 60
454 61
588 65
339 61
158 55
432 55
431 66
186 56
616 62
514 63
21 62
592 60
1 65
223 67
585 51
216 61
104 60
371 62
111 69
267 57
41|20
96829 60
64839 55
122882 53
6287 44
1569 50
106920 57
86781 62
3160 56
1721 49
2028 59
6763 32
5418 54
53519 42
122904 55
55247 55
924 57
4011 58
2324 58
35836 49
5995 57
42|20
3869 61
4654 56
1021 51
2423 59
3248 44
4477 43
2500 48
1431 52
195 60
3326 49
2407 57
1090 67
2735 52
3693 49
1020 55
4545 59
4132 46
2263 51
3535 65
2805 53
43|20
225 70
296 78
596 69
588 75
587 71
420 62
158 65
631 62
5 65
597 72
168 66
355 60
47 76
367 69
519 58
594 72
236 71
1 75
60 68
259 62
44|10
36 61
663 57
12 43
661 51
94 64
1 64
104 52
112 52
494 58
889 70
45|20
2718 62
1036 66
2028 70
1653 69
1682 66
2396 66
3249 60
261 66
4308 64
329 60
1367 56
2890 65
593 70
1127 65
2431 61
6377 69
569 58
1197 70
1060 64
2858 69
46|9
590 66
588 67
315 58
208 54
1 67
432 57
225 62
434 57
339 64
47|20
508 48
68932 44
72395 52
2420 48
597 51
148626 55
5989 55
96588 48
69122 50
6155 49
4975 45
30749 48
106100 56
45950 48
2028 53
4018 47
1259 52
6373 46
33166 50
2407 42
48|7
4886 68
1320 59
1527 67
1193 71
3793 66
48 59
1653 70
49|5
2028 69
1214 67
139385 67
318 74
527 71
50|20
8143 70
114335 70
136564 70
142074 70
171759 70
175693 70
179073 70
175707 70
71264 39
82848 70
1377 38
44555 49
8157 41
6807 55
95543 36
8253 32
96610 46
924 55
32875 70
4896 48
51|20
7040 70
5620 31
2613 42
4437 69
2023 63
1500 65
522 71
858 74
4508 66
2951 70
1014 67
1407 58
2282 37
2420 64
3388 48
260 73
3186 63
3994 62
3501 60
2371 60
52|20
152081 68
51255 69
74458 70
1923 65
7438 69
40583 66
59784 65
55765 69
112852 70
86892 70
55363 71
112138 66
49272 71
52245 59
69481 70
50794 60
1704 70
54736 69
44665 68
47200 61
53|5
481 68
1100 64
249 77
1125 78
916 85
54|7
296 59
593 57
639 46
1 55
205 46
161 47
500 47
55|5
2407 44
673 35
3275 61
2890 52
4011 59
56|10
786 59
253 63
165 64
110 68
589 69
370 60
434 57
410 57
69 66
185 59
57|20
2140 53
942 67
920 61
3175 51
1784 58
3429 68
933 66
1193 67
3446 29
160 34
1499 18
2640 60
892 62
11 56
2947 63
6 64
2478 48
2291 61
1688 58
2301 61
58|20
588 65
282 61
185 57
419 54
367 54
277 56
48 58
280 66
337 63
345 64
3 59
357 61
527 71
587 61
218 60
500 60
508 64
368 61
364 68
353 66
59|20
1696 47
6460 77
3489 64
1188 67
1222 70
2076 68
3448 65
1263 68
1247 69
527 70
1244 69
904 73
903 70
965 67
2616 56
1953 66
608 69
105 58
912 72
3471 65
60|5
832 56
58559 66
805 56
455 45
858 66
61|8
266 56
1101 57
7438 66
173 43
555 65
2012 59
4878 68
3949 66
62|20
99114 68
176371 64
3793 65
56757 65
73017 66
30793 60
179819 60
68554 61
185135 74
168248 70
5903 69
4878 70
2028 70
5502 62
6058 56
344 55
1721 61
45499 61
41566 59
78105 58
63|20
5669 58
4246 56
48780 62
500 53
6016 65
31658 60
2858 63
64285 63
85414 57
1221 65
106696 57
4963 60
50 66
1097 61
260 66
110 62
1222 65
4979 60
5952 64
77561 55
64|20
5878 67
3101 49
2640 60
2959 68
8784 63
2054 49
4239 63
4025 50
5026 64
40819 65
266 55
2699 50
27266 65
3969 61
1805 52
6296 59
4776 64
3148 64
4262 63
356 66
65|7
1246 64
33660 63
7458 60
2329 66
4993 66
91542 62
3147 66
66|20
593 70
47 69
5418 68
922 72
2139 66
2956 60
3745 62
1956 68
4581 70
5349 61
1210 68
1094 63
2001 60
380 62
6539 68
671 65
1 66
6378 68
7766 71
296 72
67|8
99114 62
4306 61
27193 63
79132 63
60069 64
2012 56
4886 61
4993 64
68|20
47978 70
95218 70
6534 44
48696 58
67267 57
30825 49
1799 50
3556 52
8622 47
4351 46
63113 55
58295 48
7151 47
2413 50
6287 52
653 49
41566 55
5541 43
260 51
48043 48
69|10
4370 64
4848 72
3671 70
2476 68
1193 74
356 74
553 69
4022 68
260 75
3994 66
70|13
1193 69
1097 65
1914 64
1269 66
4995 69
318 73
8949 65
1968 66
1210 68
89492 66
1250 71
1235 70
2366 61
71|7
494 59
647 56
736 56
95 54
733 57
589 61
7 49
72|9
1047 53
150 65
858 71
2490 61
1357 68
260 69
50 71
1198 71
1196 68
73|20
1193 67
45720 62
105037 46
6333 64
59315 62
76293 57
138204 63
2706 56
152081 59
45221 46
68135 60
150 62
8376 59
93510 62
59784 57
116823 61
106072 50
1682 63
52245 49
35836 60
74|20
31522 70
2594 67
2908 66
30749 66
6870 66
3006 65
52281 66
49772 71
55118 70
2997 67
6305 67
608 69
4546 67
41863 69
27773 66
6001 71
1251 71
6552 69
46976 67
44555 71
75|14
5445 58
1240 60
5952 61
2193 56
6870 57
2529 59
168 49
541 62
3176 54
1962 59
2078 59
1889 58
1266 61
1374 57
76|20
48877 32
5956 48
2918 55
58803 48
1247 54
74458 49
7669 56
79132 54
8957 35
858 62
55820 56
1258 60
63436 28
1201 54
1208 60
48 40
288 46
34405 58
1 55
1196 60
77|6
3996 63
4973 69
7361 67
8636 64
3578 65
33794 64
78|13
296 63
165 53
3809 52
589 57
546 36
27904 55
260 65
590 58
480 56
68791 54
344 46
44974 59
380 52
79|13
3266 80
3029 60
589 68
1916 65
307 68
4005 54
260 72
1189 70
1345 63
2000 66
1374 66
2659 70
2076 68
80|20
7445 67
96691 61
84189 70
91630 68
49530 69
8950 71
6539 71
4223 67
5630 69
3527 67
76251 66
80363 60
52604 65
6502 73
34048 65
1221 74
60684 69
6952 59
5989 70
77561 65
81|26
10 70
32 70
47 70
110 70
150 70
153 70
161 70
165 70
208 70
231 70
288 70
296 70
316 70
318 70
329 70
344 70
356 70
364 70
367 70
377 70
380 70
457 70
480 70
588 70
589 70
592 70
82|20
6886 70
2381 49
2378 50
6566 46
368 54
6536 58
3253 54
4310 54
1608 54
1372 56
145 52
356 61
6708 57
1485 56
4369 57
6564 48
6888 41
5803 43
4015 49
364 60
83|20
56367 58
7143 51
7323 47
6539 55
161 47
586 42
2115 53
1270 62
6874 62
2324 60
1537 58
7153 63
68954 63
48774 53
30749 48
8014 60
1222 61
3753 44
1223 66
64983 38
84|20
55 70
987 70
912 66
1096 67
420 47
1227 64
113 48
580 46
5060 61
1293 62
900 55
1097 61
62 58
368 56
1305 58
1247 62
1296 61
11 58
1073 60
1094 55
85|7
1519 70
1624 37
1140 70
1694 51
1643 58
1747 58
1635 56
86|14
4993 66
4310 57
6947 63
2411 55
457 65
5418 65
3996 64
4901 63
1835 60
33794 64
1196 66
3555 60
1097 64
2687 62
87|5
4023 55
2009 61
3504 69
671 61
2139 65
88|12
7312 70
74795 57
4993 70
68157 68
5952 69
1193 69
223 67
8665 65
4262 66
56782 72
8677 38
58559 70
89|104
26645 70
32060 70
44851 70
53280 70
53578 70
67888 70
69211 70
81087 70
84246 70
103602 70
108078 70
109596 70
118894 70
121007 70
128089 70
128944 70
131098 70
131439 70
134847 70
140481 70
146684 70
148632 70
150554 70
164226 70
30793 50
169912 43
87869 55
1923 55
4015 46
950 57
173253 70
2324 62
27826 70
92259 62
11 53
3977 48
86298 48
8154 63
77688 70
2997 59
170837 70
49274 44
157775 70
1 56
142196 70
99117 42
62008 70
72624 70
108156 52
3752 49
2059 48
128520 59
3175 55
133879 70
48649 70
126088 70
5529 42
65588 70
99130 70
40962 44
1732 60
68659 53
91666 70
2683 51
3751 53
750 63
6650 67
149508 70
2395 54
51575 43
65230 51
171751 70
85881 58
139157 70
6863 50
4246 56
108949 51
1230 61
160567 48
73319 46
177185 70
130520 51
5220 46
121338 70
153386 70
50872 58
149566 70
145491 70
4890 45
129354 48
32243 70
84944 56
6402 70
1288 60
140133 70
119141 55
947 69
176621 70
4973 63
158398 70
69469 70
54503 56
141928 70
102481 54
90|11
1137 70
1144 70
581 73
81 56
892 67
1073 68
116 59
896 48
17 66
7 57
613 59
91|20
3013 70
6395 70
8147 70
7153 66
3360 56
2791 60
3897 62
1080 62
4850 52
3429 64
7000 63
2060 52
2916 55
1391 48
2100 45
318 68
2146 53
1225 63
1246 63
8501 52
92|5
2572 67
2114 67
1015 60
2454 63
1801 65
93|20
736 65
1917 64
552 65
1721 66
539 70
480 70
1372 69
368 67
2355 68
1923 68
2193 69
2006 66
339 68
1097 71
1591 59
260 76
2968 71
1676 65
593 76
558 64
94|12
231 45
377 50
367 48
364 56
288 47
19 41
10 51
586 45
590 54
380 50
589 55
318 64
95|20
18 65
4878 69
6979 63
4732 53
3019 68
5246 45
32 68
2952 65
1247 69
1198 73
5283 58
3361 67
1513 58
2009 63
539 65
122 57
1584 65
1240 68
4262 66
5349 63
96|16
527 67
1094 57
272 59
3819 65
150 63
2021 58
2571 67
1214 65
2058 59
1220 62
733 60
2340 44
1721 58
2396 63
367 48
1291 65
97|8
4701 64
4306 67
3578 69
4993 70
4963 68
4299 65
3981 56
4161 65
98|19
81845 68
8961 65
122912 62
5299 45
63992 34
187541 50
56152 66
134853 68
69644 48
6863 58
5618 70
56801 51
3499 67
134130 68
74789 55
82461 56
1258 68
88810 69
79132 69
99|11
318 78
161 68
420 44
592 65
196 49
122 60
145 63
150 70
316 63
236 66
588 70
100|20
497 66
296 66
1393 63
95 57
592 58
605 53
6059 63
28 68
2245 57
62 62
4308 63
1777 61
838 65
2125 67
1288 68
234 51
1197 69
2005 62
4014 59
4623 63
101|13
2580 63
3285 54
2723 48
2700 63
2908 63
2390 67
3175 54
2395 60
358 42
2702 56
3394 43
2997 66
2502 67
102|12
158 39
588 62
150 60
592 57
253 60
480 59
344 49
539 52
553 59
593 68
586 48
223 65
103|20
86014 70
1954 67
60040 53
1968 66
77206 70
2161 64
1732 68
81834 66
608 69
2384 54
4254 45
104 58
139642 53
56782 71
2096 60
101 65
6534 49
374 44
60069 68
30793 59
104|20
4740 70
743 44
5218 59
8643 53
1288 63
47997 58
468 56
76251 57
8533 59
4018 53
38038 61
1566 58
7361 64
6060 49
3034 59
1641 60
4641 58
108190 53
616 58
7034 64
105|20
4788 70
69685 70
95311 70
95313 70
110586 70
141816 70
141818 70
170597 70
172587 70
172793 70
173351 70
173535 70
6433 53
4974 54
70286 65
108981 70
95175 70
69122 64
1243 69
3916 65
106|7
69844 72
72998 66
59501 67
86880 65
5349 66
53125 68
59784 68
107|7
231 53
253 63
590 67
165 63
434 56
208 55
318 75
108|16
800 68
6022 56
4995 68
2585 66
5316 53
4975 58
3978 57
5349 61
2926 59
4246 61
4878 67
4994 61
1968 66
1684 54
497 67
5380 63
109|20
380 49
1033 52
231 44
364 57
589 55
480 52
62 55
31 47
587 50
1032 52
586 45
778 59
540 45
256 42
163 51
252 49
223 57
553 53
537 46
168 44
110|11
26171 47
2468 37
1198 66
1089 65
1222 63
1208 65
4881 60
47 61
527 65
1193 63
2428 40
111|20
100194 70
162602 70
171251 70
2145 53
96588 61
65088 54
66203 49
84772 62
2081 57
91529 60
6365 53
45666 44
3255 55
1282 59
6539 61
86833 56
122882 57
59143 63
86911 49
5283 50
112|13
788 35
161 54
1917 41
16 59
21 55
208 42
434 43
39 48
3717 45
19 38
110 65
32 64
70286 64
113|20
4083 70
39 45
3168 57
932 70
2331 44
3359 67
1086 66
3504 68
1339 63
904 70
3546 70
4063 39
4062 37
1077 62
1589 60
2475 55
3831 52
46 39
1733 66
4007 48
114|7
141718 70
54001 55
2291 55
167732 70
122886 57
8961 54
3147 61
115|20
1580 58
2804 65
1387 66
2792 55
3146 49
3273 48
3052 62
2841 62
2719 45
595 61
2700 63
383 54
2027 41
2148 55
2770 52
3785 53
2916 61
3175 63
588 64
1377 53
116|18
2716 57
858 63
1299 61
62383 52
1339 55
1276 62
597 59
1029 54
1101 56
2797 58
2657 52
1961 58
1407 53
5995 61
1704 61
165 56
2115 57
8360 57
117|20
708 51
587 52
589 57
151 55
36 61
1036 56
595 57
288 50
596 51
48 49
315 46
454 54
353 59
474 56
10 53
60 49
805 52
491 51
616 56
485 47
118|5
1221 64
1625 51
153 42
1961 55
1810 48
119|20
95441 61
117176 69
1092 59
91529 69
74458 69
4387 66
79132 70
168252 71
44022 62
78499 69
122904 68
106782 69
442 59
4993 69
31685 61
6365 64
141004 54
4148 58
88744 67
8644 65
120|5
260 67
32 62
5 46
631 44
52 58
121|12
497 61
440 54
161 56
527 66
292 52
344 46
186 43
316 51
1 61
19 36
163 54
337 57
122|20
27660 69
69784 67
7022 74
148652 62
4816 68
56174 66
94959 69
81591 72
71535 73
30810 69
2997 74
1732 76
108932 74
780 61
1090 74
3253 66
106782 74
72226 74
1200 75
1214 74
123|12
68554 56
115569 67
79132 67
109487 66
1196 66
4226 68
296 67
7153 67
143458 70
47 65
96829 68
2858 67
124|10
56145 65
2161 65
260 69
175 70
1358 65
6377 69
4226 71
3147 71
608 69
1223 73
125|20
5088 70
86721 70
110330 70
54503 64
72011 64
162578 66
119145 65
176371 60
55247 65
1240 65
86332 60
68157 67
112623 62
4082 45
160567 54
3342 55
109487 66
88140 60
98607 70
81562 62
126|8
364 60
349 53
231 45
380 53
410 49
300 52
253 53
457 60
127|5
2915 51
903 54
55276 55
5060 56
272 47
128|7
904 69
965 65
926 65
1066 69
1721 58
1080 64
1198 69
129|20
4370 58
480 63
3698 60
2692 67
2138 68
1968 64
8368 65
653 57
7143 64
316 57
6874 65
239 58
2916 61
733 61
4896 64
2028 67
3977 54
3000 67
1907 62
31658 69
130|6
208 50
316 54
292 52
110 61
590 60
296 65
131|14
2273 45
6947 52
58559 63
908 63
4878 61
89745 60
7256 60
68237 60
2722 41
2028 62
48516 63
3178 49
64614 61
969 62
132|20
6251 70
3275 57
4995 53
2987 46
7444 43
3262 48
4168 40
31658 55
44191 50
1089 54
3967 52
5502 44
50 54
58559 59
5992 53
2108 47
1844 55
2657 44
47 52
2470 43
133|7
454 44
356 53
589 48
150 48
153 40
380 43
527 56
134|7
442 58
595 59
349 58
380 58
367 57
509 58
296 68
135|20
592 59
4084 50
893 52
3994 58
2004 60
608 66
1358 62
3852 51
3489 60
1614 47
1198 68
4128 62
1883 58
2302 58
1291 65
410 54
1261 66
4022 60
4881 65
1077 63
136|20
161 57
193 47
585 47
338 53
277 52
380 56
181 48
337 59
437 47
165 57
611 49
151 56
340 57
252 59
432 53
552 58
350 60
280 62
273 49
150 62
137|20
6787 65
2716 61
1198 67
750 66
919 63
1270 63
318 69
150 61
2997 64
1200 64
6986 70
7153 65
1242 64
110 62
33493 53
1197 66
2959 66
1237 69
903 64
7762 66
138|5
2707 54
1960 64
1959 61
849 50
3996 62
139|20
4025 24
7445 36
60684 48
4865 43
68319 29
7090 41
5502 32
260 54
8371 30
53953 28
58025 26
106782 39
6957 40
7163 29
3827 30
3624 29
52722 32
54259 35
4367 27
115617 34
140|20
5699 70
5299 57
1393 60
356 65
609 51
32596 54
4795 55
34072 55
1617 59
5256 48
5943 51
1084 61
4337 70
3108 57
43396 62
4719 48
1005 43
4321 54
5812 59
4259 58
141|20
5418 60
54503 60
4963 61
2478 48
71535 61
317 49
68954 64
54286 58
6365 51
54272 56
4447 51
5502 52
6377 64
6373 51
1265 59
91529 60
2502 62
441 60
1517 56
48516 64
142|8
434 55
384 55
588 63
50 68
527 67
356 67
337 61
377 60
143|15
1721 53
61250 45
6942 61
7169 55
8533 56
106696 58
3421 54
87232 59
78316 56
69069 60
59421 45
2144 57
96821 58
7173 54
500 53
144|20
589 60
541 65
8368 64
597 55
590 62
410 53
1246 63
527 68
356 66
500 55
19 38
2700 59
434 48
733 57
780 57
1036 60
5377 64
552 53
586 47
2081 58
145|5
344 47
339 49
380 51
318 70
588 60
146|7
7293 57
3257 46
32 61
1367 46
3686 45
410 50
47610 54
147|5
1234 65
168 53
552 58
555 62
2395 59
148|10
88125 60
5618 64
108932 62
81847 59
72998 57
5816 56
8368 61
7153 64
81834 63
4993 63
149|12
1097 50
1374 53
1831 32
1527 55
260 60
173 34
1206 59
1200 49
2021 48
1580 44
1391 41
1375 43
150|6
3 55
1356 63
5 53
95 53
733 60
1073 63
151|12
786 61
562 66
780 67
837 65
747 56
1265 68
828 61
1073 67
1 68
648 65
1393 67
1359 56
152|13
50 69
2959 68
116897 68
89492 64
1193 67
69481 66
85774 67
115713 67
111 68
92259 68
1234 67
79132 67
318 71
153|20
134853 50
1732 52
8533 48
4014 34
81456 22
106782 48
8528 44
6863 39
87194 22
2617 15
1246 38
106100 26
1954 49
7458 22
4226 53
89904 46
72998 30
133780 70
586 31
36535 35
154|7
114662 65
119145 70
81834 72
122904 69
106072 54
76093 68
77561 66
155|10
153 56
3286 41
1200 64
260 66
141 58
2355 60
2384 53
2948 64
432 54
2959 67
156|20
26313 70
31038 70
1230 64
1711 48
3341 59
6296 55
762 38
2361 51
2076 62
4784 49
661 49
2926 57
8571 70
47 64
3176 55
58 64
848 48
866 64
1485 50
923 66
157|5
785 48
3617 46
2720 35
2770 47
527 66
158|6
1093 55
2605 56
2872 57
2723 57
2428 51
66320 70
159|20
2959 61
60069 59
45720 53
597 52
4022 56
89864 54
49286 52
140110 55
84954 52
4447 50
1197 63
68954 62
6942 61
1961 55
106696 54
480 54
539 52
166643 53
40819 57
63082 58
160|20
126 19
1371 52
1198 59
196 25
3408 32
5349 41
3213 40
2408 33
839 21
3593 10
2748 35
533 31
1975 21
1676 52
3745 42
2011 29
733 52
3826 18
778 62
2840 35
161|8
4980 51
7247 60
47610 62
1223 68
38038 63
3429 67
2144 61
2336 59
162|8
150 71
225 67
168 62
50 77
300 66
266 66
31 65
62 67
163|5
1608 50
1810 51
1747 52
1777 53
1837 46
164|8
1036 67
2916 64
110 68
589 68
3527 64
1101 63
1201 71
2167 62
165|13
2353 55
3624 53
110 61
5505 56
5527 59
3256 55
5956 57
5418 61
5530 52
5450 57
1127 58
3409 52
5881 52
166|20
33794 64
1721 59
4011 67
5378 57
3481 62
49530 64
2353 62
47644 52
54272 63
8961 64
1198 69
2542 66
1036 64
608 66
434 55
5219 56
5418 66
2396 64
349 60
2324 68
167|20
33493 49
4886 59
778 63
3052 59
7147 55
6857 61
45501 44
6480 70
1682 58
2231 59
784 37
33794 61
2083 57
2413 55
6333 61
8961 60
2139 56
150 56
6773 59
35836 55
168|19
3730 73
1248 78
1201 73
1089 72
296 73
923 73
1222 72
5291 66
3543 69
1302 64
3362 68
1148 72
3101 43
57669 73
2076 70
1729 66
908 73
85354 45
80463 69
169|20
3536 67
2028 74
364 73
953 74
4886 72
5400 63
8644 68
524 67
2795 69
1022 67
3114 72
3967 73
1517 68
1035 72
8641 69
6365 67
661 60
457 72
3287 54
1416 67
170|10
318 66
296 61
586 48
377 55
34 54
592 51
277 48
500 51
266 51
588 55
171|17
485 63
1220 70
1025 70
801 60
1259 72
1079 74
828 63
317 64
869 69
380 67
1136 74
1225 75
661 62
318 79
47 73
1198 77
1208 77
172|6
3087 55
3578 63
7438 62
2072 56
3793 61
2762 61
173|5
10 56
329 52
586 48
597 57
588 60
174|14
553 60
520 53
224 57
648 57
161 58
317 57
158 53
780 61
315 54
485 54
282 56
440 57
350 59
10 60
175|5
531 58
8911 70
43904 45
38388 67
8362 57
176|8
165 63
434 54
39 60
368 63
380 62
780 63
47 70
471 64
177|20
42002 54
91542 61
6332 54
3668 58
45672 49
783 53
27706 51
2657 51
114662 57
1206 58
83132 62
5218 59
508 56
3114 58
1321 52
2176 59
8798 58
88140 56
2012 56
339 56
178|16
7361 70
527 70
2329 69
5995 65
6502 66
4235 65
1198 71
208 46
6539 64
296 69
349 60
10 56
4226 69
1240 64
2579 62
318 73
179|14
367 58
589 65
161 60
231 51
288 56
743 47
1061 62
317 58
786 57
592 57
671 61
296 67
434 53
364 66
180|5
1261 61
260 66
1748 63
1242 64
2140 49
181|20
157 49
593 60
596 50
353 56
539 53
516 51
132 45
169 40
25 53
31 49
542 39
6 59
707 45
185 46
464 45
502 38
415 39
480 54
592 49
344 43
182|20
4879 70
6969 70
3911 60
2728 62
4313 55
8042 69
1291 63
3113 34
3578 61
1590 47
161 56
4452 47
224 58
4980 52
4262 61
2353 53
2890 60
1127 60
541 67
6041 61
183|12
480 62
380 58
1196 66
2951 65
2534 45
4085 56
1287 64
2194 62
3247 52
1233 67
2662 58
1408 62
184|20
158035 70
181413 70
193565 70
97304 64
74754 36
168250 63
191005 70
106072 47
166291 66
127152 72
86332 60
80463 65
5816 56
122898 42
81845 66
5810 46
170813 44
174479 70
112852 65
148626 67
185|10
1685 70
2396 62
5377 62
1721 57
5952 64
1393 57
595 60
2085 53
4995 66
899 64
186|20
2605 62
1214 67
1291 69
3745 63
1269 68
2527 65
2532 59
4361 66
1307 68
2968 67
4306 68
2541 65
1702 58
480 67
1097 67
3977 57
919 68
3527 66
593 71
1196 70
187|20
26122 70
3949 63
49272 63
231 46
1206 66
6874 64
1729 58
1209 65
48394 61
6502 64
2701 24
4027 61
288 56
2542 62
7153 64
39427 41
6890 63
1222 66
8949 61
1748 63
188|10
2346 60
1212 75
594 66
1282 68
3469 66
2396 69
1091 53
3341 68
1264 69
2206 70
189|5
48516 67
4993 66
79132 66
2959 66
58559 67
190|14
6711 65
4776 63
8784 61
4995 65
5630 57
4306 63
30749 60
1221 68
4975 57
8961 62
858 69
8464 57
69844 63
7438 65
191|17
496 70
21 54
72 46
175 67
494 44
417 63
17 52
6 65
85 39
292 49
314 59
58 66
235 58
213 25
161 54
160 36
162 67
192|5
356 69
288 58
316 59
349 62
432 55
193|7
44555 65
55442 64
4878 63
6016 65
307 55
1270 61
5618 64
194|5
163 57
1396 55
1500 58
1288 64
5060 61
195|20
3424 64
2770 49
1041 69
1653 65
1923 56
3160 60
4723 35
1863 39
2336 54
2166 46
4308 59
1909 52
260 65
2028 65
3252 55
2908 58
1392 56
1365 52
70 59
190 52
196|7
70286 63
3578 63
59315 61
58559 66
364 64
1214 62
110 63
197|7
1513 55
1240 65
1882 45
786 56
2167 59
153 54
1784 63
198|20
3894 70
3499 63
920 61
1213 65
3949 63
1994 59
1485 36
2572 49
4019 62
1089 64
110 61
593 63
4128 58
1270 62
4886 63
1079 64
2117 52
912 66
1573 49
1682 61
199|20
5464 52
2165 60
2280 45
736 38
5673 55
349 54
5502 44
482 58
8532 70
1172 65
300 55
50068 60
4881 54
3175 51
7445 46
2973 63
34338 55
41997 56
1956 60
377 45
200|20
3809 60
7022 66
50802 56
3968 56
2485 56
500 59
5610 47
590 62
1029 59
53996 62
2572 65
4993 67
4041 59
57640 64
1302 63
1784 64
6383 49
1653 66
1569 58
1517 61
201|20
1748 71
1527 68
1584 67
2858 71
339 64
589 71
2717 56
994 71
788 53
1196 73
2797 69
733 65
1259 71
2174 65
1198 76
2455 63
1569 62
1213 74
160 50
24 60
202|20
3329 70
924 65
29 66
2289 65
1197 69
1196 66
2966 64
161 59
608 67
1209 68
1296 63
3194 60
1784 62
469 63
923 68
2000 62
1587 57
1719 70
3147 68
32 65
203|9
56174 57
8665 64
2407 57
5952 67
590 64
49272 67
40815 63
333 63
296 69
204|17
1136 69
3949 67
33794 66
48394 65
27075 70
1080 67
79008 65
6104 73
8874 69
81591 66
4878 69
91658 62
711 50
2313 65
86320 47
55820 68
5218 64
205|6
912 66
99114 63
91542 61
5816 57
95167 50
96079 63
206|5
36 65
608 69
733 63
140 57
141 62
207|5
2991 42
2428 29
2707 53
3740 60
100 35
208|6
1210 63
2628 39
380 49
2353 48
2278 54
2762 60
209|7
60684 64
1291 66
68157 67
74458 64
185029 66
122886 64
88125 62
210|20
123553 70
34405 70
166203 70
3147 72
31696 62
7649 59
58559 72
2105 61
6365 64
34397 70
4625 50
84772 65
122926 73
76093 69
62836 70
33493 64
1584 66
47610 68
108932 69
122918 69
211|18
58559 69
63113 50
90405 48
57669 69
60684 64
7153 68
73017 64
2105 57
4367 34
356 67
2642 50
1556 21
318 71
44665 64
85414 60
1198 70
1136 67
260 68
212|20
170697 57
122920 58
122892 55
2571 62
5218 57
48394 60
3578 60
1196 61
135143 54
74795 56
179401 50
79132 63
77800 63
108932 62
110102 59
96821 63
8874 63
65261 65
59784 57
2291 58
213|17
3285 56
87520 51
80363 57
76251 64
8957 59
2860 55
1234 69
5419 63
51935 67
69844 68
39446 54
4132 52
858 72
69526 50
4558 52
49530 66
58559 71
214|5
83 70
628 52
743 36
1363 43
802 48
215|20
1172 68
4973 68
63082 66
1291 64
2028 66
3252 55
3210 55
1968 62
1247 61
49272 65
1089 67
72407 33
5650 56
318 70
1208 66
2000 60
1197 67
1196 65
1297 59
4019 61
216|20
104 52
21 56
3996 60
3946 47
2946 53
3993 53
3897 61
2599 59
34 58
3994 55
4034 64
3363 62
1965 56
3422 52
3555 54
3253 54
2087 58
3986 51
2018 56
1923 56
217|20
1867 70
3434 70
1275 50
2468 39
3197 45
1912 51
2302 41
1876 40
380 44
1221 57
2471 34
1918 44
1385 48
3165 53
1590 44
1562 38
1703 44
2056 70
1831 38
160 42
218|6
2657 52
2692 65
1380 49
1198 67
6934 37
5349 56
219|20
60072 39
2115 58
59315 58
6539 62
442 35
30707 62
1704 61
180 56
1219 62
1005 35
27773 61
56156 55
6188 55
6721 49
30825 42
2997 60
1552 43
1500 54
2890 58
1921 61
220|20
3996 66
733 62
1198 73
3994 60
6539 67
1258 69
1917 55
4545 59
33794 66
165 62
71264 63
4623 64
53464 52
5218 65
6365 58
3751 60
32 67
1036 66
5502 56
1591 56
221|20
4338 70
7013 66
8529 60
1080 65
3246 68
2871 66
1208 70
7063 70
2702 56
4029 62
5954 65
2352 65
922 70
2997 66
1278 67
2858 67
1212 71
1959 65
1961 64
3671 64
222|20
81831 70
100498 35
48516 58
1249 59
99813 55
91529 54
59900 42
93287 54
1721 47
2706 47
3273 37
2411 47
64622 51
7143 52
87869 53
778 57
30825 44
42011 37
673 42
64839 55
223|15
55854 70
6711 57
1 56
736 47
1961 53
457 58
2716 55
48394 55
608 57
8784 54
48516 60
3863 46
4306 57
260 61
2683 45
224|11
3496 70
3044 63
356 68
2915 60
289 58
3668 63
1270 67
2797 65
1721 60
2716 64
1259 66
225|15
2423 58
1285 60
588 62
1717 55
2791 64
1321 57
1136 66
1197 68
1753 58
2004 58
2371 53
1407 53
785 56
1060 61
3024 61
226|20
6938 70
32666 70
3552 66
542 41
1240 65
3098 63
2804 65
3668 63
3653 66
2231 63
145 53
2253 48
3052 61
2628 44
762 36
53129 69
4816 61
16 61
2144 63
46948 59
227|19
46976 66
52319 61
81845 66
109487 66
134130 67
215 67
48738 67
47099 66
1196 67
32587 64
912 69
55721 69
1682 63
750 70
778 67
40629 62
97913 65
70286 66
150 64
228|5
2571 68
1373 56
362 60
318 72
3113 58
229|13
34 61
589 66
377 63
45 61
587 62
5 56
475 70
442 57
597 63
364 66
213 29
110 66
527 69
230|20
34330 70
52715 70
47 54
7438 55
527 57
3147 59
45499 49
6537 46
2291 51
1387 54
6863 50
1485 50
595 51
4022 52
2096 49
588 51
4034 56
1676 47
8644 53
2641 47
231|5
92259 66
858 67
593 66
1198 68
109487 63
232|20
31867 70
41769 70
57526 70
70336 44
8644 58
1586 52
44972 40
4019 58
43928 43
30883 33
65802 49
8376 52
39292 60
1035 57
66198 49
66097 56
32011 40
6564 47
7451 59
33164 40
233|20
48394 53
3751 52
48516 63
1721 51
356 60
106100 46
162600 50
608 61
7153 63
134214 56
57669 64
122920 49
2329 63
4239 57
7371 54
3977 32
3147 62
3948 42
49272 58
5418 58
234|20
2616 55
2140 62
172 53
126 48
1562 50
4519 56
153 55
2710 50
3624 59
3483 58
1391 54
438 55
1460 61
2987 61
65 51
260 67
1359 50
3175 62
588 63
2080 59
235|13
480 60
736 52
500 56
454 58
592 56
235 57
595 60
32 64
527 68
648 55
223 64
588 62
377 55
236|30
1214 70
1278 70
1345 70
1350 70
1387 70
1388 70
1982 70
1997 70
1998 70
2447 70
2459 70
2490 70
2496 70
2502 70
2505 70
2542 70
2572 70
2580 70
2596 70
2598 70
2606 70
2657 70
2683 70
2694 70
2718 70
2770 70
2806 70
2858 70
3024 70
3052 70
237|10
32 56
4254 39
94959 51
293 55
1371 47
1193 57
7361 60
7980 56
43936 48
1374 53
238|9
4954 65
3528 63
4265 53
4901 62
4238 55
593 67
4499 66
4957 53
1193 66
239|20
58559 70
5459 58
4085 59
380 61
95 56
7445 63
608 66
7147 65
6378 67
2115 62
4896 64
36529 65
3994 61
33679 62
47 67
590 64
4022 63
208 55
733 62
51662 65
240|20
368 63
543 62
480 67
367 64
810 51
500 62
546 47
110 69
173 52
1 67
542 54
104 65
34 65
174 56
204 56
225 64
383 59
262 70
434 60
420 56
241|16
81786 70
71899 67
527 67
1206 65
1193 65
99114 64
100714 52
8981 63
53123 66
116897 66
56367 62
3910 62
106782 65
115569 66
4235 64
48780 64
242|7
39 50
380 52
231 49
457 62
592 56
454 55
111 64
243|8
112 62
353 70
62 66
588 69
193 55
586 62
181 54
376 60
244|19
3090 64
1049 52
110 60
257 53
165 56
151 58
1090 65
3755 55
2278 58
648 51
1580 53
1957 62
1610 64
1196 69
3256 56
1573 50
1242 68
3753 51
2243 54
245|5
3196 45
2739 44
3114 46
3274 39
1361 51
246|20
1304 68
616 63
1680 65
6016 71
3081 60
44191 69
60684 66
4973 73
1732 68
1298 64
53125 65
2291 64
2692 70
293 66
4011 70
5013 68
60069 70
48082 69
82202 56
95167 65
247|20
48516 64
593 64
2858 62
49272 61
1961 58
44191 60
527 65
116797 62
68358 61
122886 60
480 57
223 61
1265 59
2078 59
1198 66
1682 58
6377 63
1089 64
953 59
919 59
248|11
4886 61
1198 66
166528 60
176371 58
316 55
147374 56
102903 59
189333 62
122912 61
58559 65
5218 59
249|20
110350 70
102903 62
2167 59
94959 63
84601 60
2395 61
97306 59
3408 61
89047 70
91500 61
91542 63
40815 63
69844 66
904 70
46723 60
3826 52
68791 60
88812 55
67695 76
50 70
250|6
1282 66
2407 59
318 74
1597 61
1246 67
8880 64
251|5
142115 78
293 70
356 74
318 79
1089 75
252|8
164179 70
89745 69
6377 70
164909 69
1682 67
166643 68
143355 64
78499 70
253|10
44555 73
916 74
608 71
2300 68
7099 73
4217 74
26366 70
1192 75
4642 73
3363 69
254|20
46578 68
44195 68
207 61
49278 61
6333 64
780 43
110 66
1210 66
49272 67
27846 65
32587 64
2571 68
44929 54
47 67
293 65
1580 56
5995 66
32 66
592 60
48394 64
255|9
1270 51
4467 49
2023 43
3501 39
1663 42
1394 45
3392 43
2542 46
2915 42
256|20
3247 57
88744 66
377 65
4973 71
53972 60
118696 59
95441 60
104841 64
71535 67
2953 54
81229 65
53121 59
30707 68
2571 69
68791 62
170 61
6942 67
90405 58
6537 58
33493 63
257|5
1500 56
594 55
2502 61
494 58
2406 53
258|5
4995 67
7147 64
72641 63
76093 64
47099 65
259|6
508 53
5945 48
1784 54
4886 55
1356 55
1584 53
260|20
7361 65
3556 59
162 65
903 63
5690 66
6337 61
4878 62
5617 62
342 53
5219 51
2997 61
8011 62
1206 64
3317 63
6709 53
8874 64
2348 63
3822 59
2959 65
8645 62
261|11
3897 64
16 62
2060 57
296 68
2723 50
1682 61
4085 55
2194 63
7361 68
4238 53
58559 68
262|12
708 47
539 50
457 57
322 50
339 48
85 48
26 52
17 52
213 22
273 43
593 59
728 49
263|20
223 64
150 62
500 56
2987 59
2953 51
110 64
4226 67
8370 66
1197 68
7458 57
708 55
1111 60
2125 60
6942 64
5013 61
163 56
457 64
8636 63
1967 62
2085 54
264|12
7841 70
1376 61
151 58
5816 60
1907 60
1320 53
1917 55
150 62
3578 63
1090 62
253 58
1876 53
265|20
3807 70
316 50
253 54
1302 54
724 49
1240 58
3504 60
230 51
3831 57
1956 57
3098 57
529 57
1270 62
3791 49
1177 62
2322 49
1488 50
2474 54
1198 66
1962 56
266|20
476 70
2812 70
2700 62
2278 58
24 50
2770 50
2702 52
64 30
1405 46
2580 60
1527 62
2167 38
457 62
1580 48
2300 63
1923 59
2094 41
132 46
2571 66
2097 41
267|12
2858 70
593 72
1175 71
3006 67
1302 67
3999 56
3113 60
1093 62
589 70
2571 71
923 72
3996 68
268|20
1641 60
587 44
1125 53
1911 29
2802 50
1036 57
1370 48
50 65
2064 60
1784 57
1912 48
1966 37
454 55
1234 63
2247 50
1394 62
2829 52
802 34
260 61
2858 63
269|6
724 57
743 43
95 57
1 65
63 51
648 57
270|8
661 47
62 57
79 35
628 53
14 56
1356 59
141 51
25 48
271|9
3897 59
32 59
2791 58
969 58
6787 59
2858 59
55765 60
1320 43
2288 59
272|7
177765 55
1240 58
51662 56
122922 57
49272 60
158238 60
6365 53
273|11
440 62
593 74
500 63
608 72
223 71
111 74
150 68
21 64
466 46
235 64
520 61
274|20
50147 70
2947 59
3037 62
1645 52
4951 52
2036 43
1359 43
35957 54
553 55
76293 55
3918 51
1503 48
45431 54
4816 54
54999 54
5667 70
4876 42
56805 53
1921 60
54004 56
275|20
1784 64
2289 68
5884 70
1171 63
357 62
1912 67
2539 57
235 62
4886 65
2572 58
2355 61
3253 61
1192 72
926 69
111 71
2100 57
3089 72
1393 64
1719 74
1392 59
276|9
673 61
356 76
466 63
104 68
631 59
648 67
2 70
1367 62
344 61
277|6
637 59
736 61
656 56
1 66
780 65
260 70
278|5
2371 56
1347 57
4002 65
318 75
2369 56
279|20
134130 62
1101 46
166528 59
90405 41
61132 54
79132 62
56782 66
97913 61
1608 50
4226 64
59315 57
88129 62
54286 56
1258 64
8665 58
58559 65
4993 65
8376 53
107406 58
1200 59
280|20
92535 69
344 52
262 67
3146 50
4239 65
4447 61
8638 68
919 67
72641 66
86817 49
8368 67
49530 64
6863 59
35836 61
55052 63
54503 65
4246 65
48516 70
1911 55
3916 65
281|5
46578 59
8361 49
35836 53
3897 59
3861 47
282|20
5995 67
3977 55
3263 58
25 64
6708 62
2683 58
4718 55
6711 68
5481 55
6863 60
5669 64
3752 59
588 65
80463 67
1921 67
1193 69
4369 56
48322 69
1194 63
784 52
283|7
1580 54
39 55
1704 58
356 60
586 49
2082 44
805 53
284|18
474 63
173 48
2 61
296 70
15 58
348 63
248 56
318 74
47 66
353 66
275 41
44 52
339 60
367 60
276 50
165 61
637 57
235 59
285|8
1193 67
949 61
1247 64
6978 62
113207 70
4447 58
441 63
296 67
286|20
454 58
778 65
5989 63
1333 60
165 59
500 53
7438 65
2294 53
4993 67
4995 66
7361 68
70 61
4980 51
1258 67
4963 64
1097 63
4848 64
539 57
377 53
110 65
287|20
3160 55
3578 49
223 58
2633 35
1059 50
586 37
3005 23
532 37
1193 59
2599 52
2028 55
1485 23
3826 13
2081 47
8949 54
2012 50
101 56
4034 58
2422 13
2115 53
288|20
4473 70
4966 70
1008 70
2867 59
42015 50
141 54
2571 62
13 55
53519 44
2407 49
5418 59
3916 51
2347 37
2528 47
30810 57
575 37
32587 59
587 48
2517 44
8361 44
289|24
3 70
16 70
235 70
266 70
594 70
708 70
750 70
1080 70
1101 70
1208 70
1220 70
1258 70
1917 70
2012 70
2174 70
2710 70
2797 70
4322 70
6125 70
6327 70
6453 70
7025 70
7028 70
26704 70
290|20
1228 70
1299 66
2494 73
2739 66
608 69
2130 63
908 71
341 70
1447 63
342 58
1056 54
1719 72
953 66
928 64
1394 68
2648 58
475 71
2731 64
1357 68
2385 38
291|7
40815 68
122892 65
106489 64
134853 70
7153 72
88125 70
1 69
292|20
520 48
103339 54
122900 54
4896 59
2291 54
474 56
85056 54
46972 49
95167 56
164909 57
3176 51
3476 51
1608 52
31221 42
1101 56
3985 52
3984 57
1017 53
69844 60
231 45
293|5
1682 48
1673 51
344 40
1617 51
1097 46
294|20
416 31
3869 51
1064 48
2794 36
610 56
2133 41
1391 42
3868 54
1129 57
520 44
3387 34
355 27
2378 48
3693 29
785 40
2193 44
2367 37
2458 29
348 47
3501 46
295|9
1221 68
3198 64
1287 65
1213 68
4351 51
1198 67
858 70
318 70
2329 68
296|6
160848 70
2028 65
169034 70
4144 67
50 69
2324 67
297|15
832 29
543 38
1645 43
111 61
454 48
1089 59
6 54
1249 63
1047 38
1370 44
1488 26
150 53
170 45
1092 49
866 61
298|20
57640 53
95510 40
6811 51
8370 56
8807 45
63131 25
6881 24
3785 41
122900 50
103042 31
6294 14
2167 24
2005 56
6006 26
653 30
55995 29
3018 24
69757 46
103772 37
3825 11
299|5
3793 61
1387 67
188 63
1198 71
1214 65
300|32
318 70
356 70
527 70
593 70
1172 70
1704 70
2028 70
2324 70
2329 70
2571 70
2762 70
2858 70
2959 70
4848 70
4973 70
5995 70
6016 70
6711 70
7361 70
8950 70
48394 70
56174 70
63082 70
79132 70
81591 70
92259 70
99114 70
109487 70
112183 70
112290 70
112552 70
112556 70
301|20
21 50
357 54
2490 57
6711 62
589 52
8949 61
837 45
3948 47
364 61
527 66
5989 61
4963 61
608 63
292 44
3578 62
3897 61
4226 65
3753 48
1393 49
1792 40
302|7
480 64
14 63
3 57
25 62
648 58
707 54
110 67
303|11
5378 59
3703 66
1127 63
5544 68
1196 67
3471 63
1580 58
1394 66
2683 56
920 61
1358 62
304|20
314 66
2571 68
2433 55
10 63
1376 65
480 65
1373 56
1777 59
1270 68
1517 61
151 58
356 68
208 53
474 63
1214 64
1375 62
640 49
1722 59
185 57
2701 49
305|20
74624 70
140627 70
87869 62
919 65
1197 67
106100 66
138210 56
788 53
7482 64
80590 56
103075 54
903 67
6537 53
93840 64
54736 66
592 59
2288 65
58803 61
55276 64
1272 67
306|20
5784 46
68954 59
69644 49
6377 59
95543 52
81847 57
111743 51
85367 54
168418 62
167018 48
72998 55
122904 57
69406 55
85788 33
4963 55
115664 57
134368 58
112852 57
161634 54
133419 53
307|20
2190 70
4181 70
31424 70
49314 70
5010 56
7845 51
3392 37
1220 57
6793 18
6483 18
2332 18
56003 39
1991 37
3273 40
4876 29
3421 55
1409 31
413 34
4447 32
52867 70
308|20
2959 48
45517 37
96821 42
72998 37
318 52
2 36
904 46
589 38
8961 40
56152 42
56367 42
5618 42
36 47
410 35
79132 41
4993 45
8464 36
1221 48
2248 37
6 43
309|20
2202 66
1645 52
898 69
1682 58
296 63
1089 64
1269 60
7153 64
6947 55
8340 50
1104 69
7218 70
25886 67
1219 64
8154 67
971 64
1944 64
6365 45
1262 65
2762 60
310|13
6863 55
6947 57
1101 51
6503 40
2524 55
2457 62
5899 44
733 60
246 68
3254 54
1223 70
1080 65
2671 60
311|6
6561 70
5992 50
1517 44
6461 40
1407 34
2706 39
312|20
5816 55
1375 52
3499 66
589 64
2454 55
1358 65
4878 68
4103 66
3793 61
2028 67
1371 56
4121 59
2366 62
2747 52
4105 65
5446 61
2699 48
2529 66
1350 66
1356 61
313|20
4980 47
170 48
3917 53
2455 54
5544 61
541 61
2193 55
2000 52
6 59
1968 55
1089 61
1301 54
1240 56
3175 51
4865 57
2005 55
2167 52
1375 51
2087 55
2530 42
314|20
7 48
1042 43
44 29
165 55
457 61
293 59
597 51
329 52
442 35
26 58
830 46
728 54
618 70
107 53
536 42
10 46
1376 47
153 40
208 41
150 59
315|7
1262 60
2729 49
2529 56
2067 57
2553 52
909 52
902 56
316|11
1748 62
253 57
3968 45
158 34
5445 51
3751 53
7438 61
6874 62
48 47
3882 35
2572 51
317|20
133115 70
73321 46
91529 62
74545 61
7445 51
1213 67
48774 62
4262 60
1884 62
5989 61
3578 63
4011 65
68358 64
1208 66
72011 61
3897 62
3499 63
96829 64
116797 64
56782 67
318|20
26713 70
81191 70
90245 70
111817 70
127180 70
145080 70
150696 70
7445 60
1090 62
116799 59
82459 63
48385 55
2294 53
64839 62
88125 62
109487 63
4021 71
33794 62
54286 60
89753 61
319|7
115617 69
6377 71
356 72
136864 52
1221 74
122904 69
110 70
320|5
72998 56
71535 58
31184 53
59315 56
1013 52
321|12
587 59
356 66
160 54
592 56
597 61
780 63
339 58
355 50
410 53
3 56
500 57
457 63
322|20
2882 41
1968 58
2542 60
58559 63
2788 63
2146 57
2617 53
2918 59
778 60
2599 56
4027 57
4993 61
1230 60
51540 57
1 58
1617 60
1923 54
4010 50
11 56
1035 59
323|20
377 50
480 51
356 57
1094 46
161 49
115569 56
1198 59
29 55
551 49
22 47
318 62
112183 48
253 49
111659 41
3257 44
260 59
150 52
329 46
342 46
266 47
324|5
2764 63
3972 55
3864 32
3949 57
3897 59
325|20
2848 70
235 56
2986 42
262 57
1573 52
2596 57
1584 56
1217 69
1676 55
4714 35
3770 41
3261 55
2894 70
2155 59
1279 69
1614 43
3994 57
2268 61
2915 56
5008 67
326|20
8665 63
47610 60
20 46
2858 68
86882 62
5418 65
4973 70
133771 64
48774 64
2324 68
1293 65
2692 66
72605 57
70159 41
54286 63
5446 61
6591 70
4226 69
105844 61
31410 64
327|10
3301 65
150 67
858 72
1923 63
51255 68
48516 70
1304 68
765 58
6888 49
2706 63
328|20
2687 42
112852 52
70286 47
1196 62
457 57
364 55
80463 59
3489 46
318 66
595 52
5349 44
2542 53
1219 53
35836 44
3751 47
79091 41
7153 62
596 42
2398 60
1148 52
329|5
130482 70
136850 70
858 47
1884 42
750 48
330|20
5378 38
316 53
1639 58
2918 63
919 63
3949 64
3535 52
5349 56
380 52
1676 55
2502 66
3703 64
1682 61
2683 54
1206 67
1721 56
2791 61
2081 57
8874 66
592 58
331|20
8874 66
6157 36
88125 60
6539 64
3897 64
4446 58
7361 68
50872 63
4995 66
4306 61
6874 66
5502 49
3911 60
608 66
4447 44
593 67
3751 58
8665 62
4367 29
2959 68
332|20
47 61
1653 63
1258 63
316 52
8983 57
431 59
97757 70
2291 59
1835 51
356 64
5502 52
4308 59
1203 63
1682 58
1249 65
76251 57
2905 61
318 68
2294 52
32 61
333|5
3785 41
3752 46
3616 37
3615 40
3646 30
334|20
55820 58
1196 61
1580 50
1291 59
3996 56
589 56
30810 54
4027 57
1 58
64957 54
1625 53
50601 43
44195 62
27416 57
6867 59
2997 56
293 57
480 55
5378 50
51935 56
335|6
780 39
592 60
356 67
296 68
2699 48
2001 58
336|12
1267 72
1 67
38798 55
33660 68
1784 67
2001 61
2268 67
293 67
1625 67
4886 68
50 73
150 67
337|16
318 79
47 72
16 72
805 68
1393 70
266 65
667 55
168 63
784 60
65 58
110 73
708 65
25 69
1356 70
277 61
786 64
338|8
189111 70
190207 70
190215 70
190219 70
7153 60
593 62
187541 32
185029 52
339|20
72641 64
5445 64
84152 66
96079 65
106072 61
69122 63
5617 66
41285 62
56869 70
48322 68
65216 64
91630 62
86504 63
91529 65
83613 56
4993 68
3470 67
102407 59
2028 67
5952 66
340|28
10 70
110 70
150 70
153 70
161 70
165 70
185 70
208 70
253 70
288 70
292 70
296 70
316 70
318 70
329 70
344 70
349 70
356 70
454 70
457 70
480 70
589 70
590 70
592 70
595 70
648 70
780 70
1356 70
341|11
2335 57
3624 59
130087 57
1370 59
135137 51
117529 55
5459 57
45672 55
1 63
47099 64
4025 56
342|14
2683 47
2598 49
2881 43
2369 43
1268 52
2605 41
2599 55
1198 65
3157 44
3826 35
2428 39
2827 34
3863 45
1959 56
343|12
858 70
3000 67
48394 64
4226 69
4878 67
3993 58
2571 68
1617 66
31658 65
55363 68
55820 66
296 68
344|14
111362 60
380 56
316 53
2628 50
4226 65
2571 64
4014 53
2012 58
4034 66
260 68
2541 53
4973 67
5418 63
2712 55
345|13
1019 63
2539 55
926 66
5902 67
8810 57
344 52
5707 57
2366 59
56949 58
3649 52
6658 54
3489 61
412 60
346|20
3174 55
778 62
608 62
6711 61
6286 63
306 64
7323 60
307 62
3535 62
1212 65
357 54
3949 60
714 57
7937 63
7396 64
5878 62
1120 54
1131 62
3627 63
7115 54
347|9
434 49
590 58
39 56
150 59
454 55
380 55
587 54
317 52
457 61
348|11
318 79
2324 75
4368 50
1213 75
6016 76
2959 75
6893 68
4973 78
1221 76
1960 72
2019 75
349|8
10 58
161 55
589 58
381 56
349 53
231 48
588 57
509 54
350|8
852 53
7 49
637 51
648 56
733 57
12 44
858 64
661 47
351|20
88932 70
87222 56
73344 67
52579 52
2231 62
88744 59
43836 52
79132 64
597 56
58559 67
12 47
8914 60
8950 60
63082 65
6214 62
90376 63
84152 61
480 59
4878 63
1193 65
352|20
72998 57
71745 52
1801 58
34319 56
2600 65
65682 55
1080 65
79695 51
110730 45
38038 64
130490 53
97752 59
1214 64
94864 55
41566 56
56587 62
44191 65
114935 62
59315 61
47610 60
353|18
552 41
25 62
267 31
216 62
367 47
288 59
144 58
186 38
333 62
266 53
112 57
198 59
234 48
145 55
293 67
158 35
163 58
296 70
354|20
1610 63
4306 63
2692 66
3147 67
47 64
903 67
733 60
3977 51
1225 66
35836 60
648 60
44191 65
8665 62
1917 57
7147 64
1923 60
589 65
2959 67
4718 53
1196 65
355|6
316 59
1580 62
3035 70
3175 65
317 60
916 71
356|20
2248 63
52435 66
52975 64
7122 70
44889 70
1641 64
2706 60
4011 67
802 54
7323 63
2502 67
56367 65
1223 71
55118 67
3949 66
3996 64
1246 63
1466 62
223 66
7153 67
357|20
4354 70
8998 70
27329 70
2804 65
595 62
529 64
4663 48
4091 57
1224 66
1242 67
34 61
208 49
58559 69
6296 59
30793 58
1042 53
2100 55
551 59
471 61
2067 68
358|9
26095 70
605 51
5066 58
52328 61
2226 70
42728 59
7361 68
69844 64
36525 50
359|15
405 38
1092 52
1101 48
51412 38
648 50
296 63
1097 59
2396 58
2424 45
593 64
2701 34
2942 38
1682 58
2530 43
4995 63
360|5
1422 47
1620 49
1488 45
1711 49
1414 55
361|20
47099 56
1580 53
377 56
1552 50
49272 58
1263 58
53125 57
589 56
49822 52
8360 54
318 61
2529 55
5218 56
6188 52
2422 37
3082 55
1732 54
1370 54
46972 49
7458 56
362|20
1945 70
592 61
6539 67
51540 65
5989 66
637 57
70 63
7153 69
1252 72
44665 66
407 63
6874 68
2959 70
1196 69
1208 71
8961 65
48516 70
7438 67
356 69
1201 70
363|6
1552 50
1732 60
1517 55
296 61
653 46
318 64
364|5
858 73
9 58
783 60
376 55
1 67
365|20
59315 47
81229 44
128975 35
6874 52
90345 43
158872 45
129354 40
103075 40
135536 41
70286 43
112852 49
76077 42
112818 36
1777 44
6502 48
155820 28
541 51
95720 30
93270 27
135569 41
366|7
116797 66
59315 60
33794 64
91529 65
2028 66
122882 63
7438 65
367|20
926 69
3061 66
1270 68
1287 68
486 54
3536 62
3824 55
2384 56
3072 65
898 77
3618 65
3225 53
2248 66
3157 54
3969 64
3717 60
1259 69
4023 57
1196 68
1258 70
368|20
3753 47
2112 40
1944 57
2986 40
3869 50
1214 57
2947 56
415 35
3035 57
832 45
50 58
2819 50
1801 45
2490 54
1917 40
1391 44
2193 47
225 45
161 48
2881 42
369|20
1256 57
785 51
47 59
2706 52
839 47
377 54
52973 54
743 42
4214 45
5418 58
3863 52
1372 55
27904 56
60069 60
2857 49
1967 58
150 56
2011 53
1580 54
3174 53
370|19
4011 63
4878 63
8961 59
6377 62
2628 44
1748 62
2116 54
589 59
2329 63
7438 61
3977 45
1676 53
593 63
4973 65
4226 64
1240 60
1089 63
8636 58
2716 58
371|9
2571 75
112512 70
1258 75
4090 64
56715 71
3000 76
4226 77
4993 75
1748 74
372|20
335 70
924 62
318 68
1603 37
1479 48
589 56
81 43
387 37
616 53
337 56
1220 59
1201 61
165 52
1243 65
1258 64
377 45
1401 45
450 40
1206 64
1306 49
373|20
216 57
60 39
169 18
350 42
585 45
44 29
371 50
163 53
616 57
198 54
265 59
25 54
6 63
733 55
47 64
2 49
736 39
305 45
357 57
141 56
374|7
296 65
208 48
1219 62
480 57
592 54
1258 65
1339 56
375|7
344 54
1027 55
32 69
2628 55
3256 62
4226 73
500 59
376|20
91535 56
2002 56
1214 65
1101 62
2916 63
33794 66
1198 71
349 63
1371 57
376 56
1240 66
1375 61
4993 68
858 70
457 67
4226 69
5952 67
344 53
2763 64
2797 66
377|20
4942 70
2793 38
1262 68
2791 65
748 51
1345 60
5027 56
5113 56
27692 70
3421 64
6021 70
3364 61
2072 57
8641 64
2163 51
92760 70
2858 68
1503 46
2124 58
2015 60
378|10
33794 63
7153 66
48516 67
3114 64
858 69
68954 65
91529 65
71535 64
90600 62
364 64
379|8
318 69
377 52
19 37
292 50
480 57
367 48
597 54
344 46
380|20
60818 70
172875 70
172881 70
172887 70
355 48
6979 60
5476 43
2735 54
68194 69
63433 57
72356 71
105731 45
1833 56
551 60
6731 63
27831 66
1665 53
393 54
140956 62
2791 67
381|20
2085 56
1088 56
3253 54
185 55
317 57
27808 57
1240 61
19 48
3753 63
4321 53
72011 63
3082 59
333 62
2140 60
1385 54
2273 55
1208 65
457 62
104 56
2716 59
382|20
1204 74
142372 48
135532 53
1201 71
112171 58
1198 74
912 70
81847 62
4638 53
63540 37
1681 48
170289 70
103042 54
72737 62
2496 56
357 61
81537 56
59501 63
101362 42
4890 53
383|7
2436 63
2541 59
2496 57
1584 62
2558 46
1246 64
903 67
384|14
3527 57
1388 27
2683 52
2502 63
4333 37
3098 60
4396 50
457 61
358 34
968 59
2724 30
296 64
3991 46
1204 66
385|20
736 46
1080 61
249 57
1219 61
1036 57
1136 63
282 51
1073 60
1200 60
1228 63
1022 55
1007 43
1201 62
1246 61
344 47
589 59
1023 56
1287 61
594 56
1303 58
386|14
110 46
410 45
112 43
165 44
223 54
648 38
185 35
608 57
485 36
305 37
44 29
585 37
349 45
10 45
387|20
4393 70
5156 70
5780 70
7336 70
26124 70
40966 70
2712 57
5062 57
1247 61
5489 70
4195 59
7132 63
2946 49
1387 60
3000 61
51939 46
4995 62
912 63
7938 70
1783 44
388|6
6158 70
63239 70
33615 57
86298 56
62999 58
8360 62
389|7
17 69
140 61
628 68
762 53
743 52
95 62
32 72
390|17
6344 70
64957 58
4239 61
5220 46
1193 65
2571 65
9010 64
2291 60
5296 37
4226 67
7254 59
6377 65
63062 56
1206 66
2329 66
4014 51
1784 60
391|20
5575 70
500 52
3994 56
1213 68
516 35
199 62
4027 62
150 59
1408 62
4014 50
1527 61
1059 56
2916 58
4973 69
357 59
555 64
5026 56
4936 47
1210 63
3067 57
392|5
3004 41
2858 64
707 49
1198 68
1125 56
393|20
91658 59
102125 53
48394 61
36517 63
8636 62
110102 62
44199 61
5388 54
54259 55
4848 64
5669 60
1291 64
68848 58
86190 57
2571 66
1206 66
122892 55
106642 73
1625 50
106489 57
394|5
588 54
316 46
344 42
225 47
457 57
395|13
329 48
1025 53
296 58
160 46
208 46
173 41
485 46
355 42
520 47
595 53
126 40
48 47
367 51
396|6
1276 62
1597 43
1777 54
44 26
204 25
2081 55
397|5
4017 63
8645 63
1701 61
8228 61
6993 63
398|10
6408 70
1197 69
5971 64
7022 68
1198 70
60069 68
2455 60
1136 68
48516 70
82459 65
399|8
1198 68
110 59
5445 54
1196 65
593 67
480 57
1270 65
2194 62
400|9
608 70
356 70
2571 71
2959 71
7153 70
1221 72
3578 67
858 73
59615 53
401|15
5952 61
6297 56
55768 54
48982 56
166461 59
49274 45
50872 59
32031 56
79091 60
170939 70
38038 60
8360 56
3114 59
33615 51
1136 62
402|10
1084 68
597 62
52 62
329 57
296 68
586 53
315 56
1036 64
434 53
527 69
403|7
110 65
2427 54
3210 59
296 68
61465 42
1663 61
180 59
404|12
204 50
349 54
474 57
34 55
364 60
508 56
105 51
593 62
509 54
277 50
315 50
185 51
405|20
70708 70
293 64
7254 61
37731 63
2959 67
345 62
1213 68
7134 70
64614 66
6023 55
1241 62
2329 68
1247 65
3052 61
68237 65
1199 68
27592 63
27664 58
3418 60
1215 67
406|5
1586 47
135 43
56949 46
46972 45
724 47
407|5
7153 67
2959 67
6539 65
1240 65
54286 63
408|20
1198 74
122904 68
44840 63
165101 53
6618 68
1291 69
1210 71
89745 69
1278 70
7324 64
44 54
8641 66
115210 66
103596 49
68554 60
2571 72
109487 70
63131 63
80489 68
4649 69
409|20
2485 32
2490 59
2028 67
3812 58
1278 69
2997 66
296 68
1078 56
3016 54
1073 65
2683 58
2289 67
3846 59
912 70
2013 49
1911 38
2352 66
1230 68
2541 51
3174 61
410|20
389 70
3224 75
318 72
2302 60
4002 62
1060 62
4297 65
3263 57
1859 64
111 69
58 69
2145 60
3255 62
2321 63
3504 69
3948 62
11 63
4019 65
3 59
597 63
411|20
508 57
261 57
586 48
432 46
353 60
431 60
194 56
318 69
272 55
515 57
356 64
266 51
257 53
349 55
10 52
31 50
344 47
227 43
455 42
122 46
412|20
2828 31
2384 54
2915 59
903 66
608 67
2720 28
2858 67
1883 59
1307 65
1214 64
1784 63
2239 76
1 65
930 71
1136 68
2710 51
915 63
2398 67
17 59
1079 67
413|12
2706 64
1198 74
3753 67
2424 63
593 71
128360 69
4993 71
16 70
5574 66
3948 65
64957 64
2959 72
414|20
4458 70
4666 70
5285 70
5635 70
6033 70
6493 70
6563 70
6628 70
6797 70
48319 70
58879 70
169992 70
3802 42
3599 54
1600 57
8666 29
4975 54
7444 52
4081 33
177593 74
415|19
296 69
1213 69
4321 58
3507 66
4308 63
47 66
1021 51
111 69
2617 58
1276 69
3861 52
4369 50
99114 66
1221 69
63082 67
1234 68
45722 59
1197 68
175 68
416|11
5952 54
5951 41
531 43
1296 50
1199 57
1721 45
830 40
1206 56
7323 51
4848 53
3677 55
417|14
778 71
4995 71
4975 62
7254 65
1198 73
106782 69
27773 68
168250 67
1625 58
7153 71
74458 66
110102 66
48394 67
4878 71
418|19
356 66
296 69
63082 44
104374 54
1276 68
1136 66
117176 42
1573 45
137337 53
1682 60
5816 50
88125 58
74458 52
367 41
89745 64
45672 45
87869 57
7361 68
54001 60
419|20
4093 70
111 67
46976 65
27822 50
2858 66
319 63
6287 58
3578 65
1213 68
64969 60
47 64
79592 59
34319 61
89580 70
60756 60
27704 70
90943 70
2412 46
1240 65
52245 54
420|20
1161 68
4993 66
45499 58
923 67
26693 70
48385 57
1927 69
5608 63
2052 55
6934 56
7022 65
3979 46
59295 70
2329 67
54259 61
1131 66
2762 63
4973 69
5669 62
527 68
421|8
2858 66
909 66
5008 70
953 64
1178 70
2313 63
2478 53
1203 67
422|19
2539 47
2710 44
4947 52
4971 48
5039 56
4925 70
2581 48
4916 45
1265 61
2804 59
3053 61
2665 70
1283 67
4835 53
2908 57
3943 50
1213 66
2670 49
858 67
423|5
1653 67
110 65
2194 65
5349 61
1320 52
424|20
1193 64
141 56
2804 61
40278 60
608 63
108729 56
293 60
69122 59
1092 53
54503 61
58559 65
3186 58
66097 60
778 63
5679 53
3176 56
2288 60
2174 56
71668 59
112556 60
425|20
45517 57
377 57
2329 64
733 56
6 62
1645 55
8368 60
2081 56
4306 60
1680 58
1909 53
367 55
46723 56
1625 59
1036 59
4901 59
750 65
2353 57
1342 48
145 53
426|18
59784 59
150 62
471 59
337 59
54001 63
1197 67
6378 64
72641 63
4886 62
8644 59
37729 59
597 61
5444 63
91325 47
588 62
3247 52
4022 59
79091 62
427|17
4887 37
5463 38
5015 51
110 61
58 63
5528 58
6348 34
5312 44
2710 46
5696 41
4993 66
5266 41
2683 52
5400 43
5816 51
1208 66
5574 49
428|20
2471 25
2762 53
3827 35
1089 56
2953 41
2916 44
1380 34
1997 46
3440 22
4022 55
317 32
4255 26
1208 58
1391 41
6377 60
2581 41
260 62
3285 42
588 47
653 35
429|12
339 66
421 59
150 69
225 64
165 66
266 63
329 62
252 65
279 57
317 64
237 65
204 56
430|12
923 68
2987 61
3745 57
6287 51
2858 67
6365 51
2571 69
4447 51
4014 54
329 56
2076 65
4446 60
431|5
172 32
1625 43
1376 41
3948 39
802 34
432|20
1831 49
5630 61
6870 59
8640 54
6539 62
3916 61
5989 63
84189 70
110 61
35836 57
4886 61
2762 59
1206 62
49272 63
19 48
318 67
58559 65
69481 62
7158 61
33660 62
433|5
91529 51
1089 62
50 59
5299 39
110 50
434|20
1136 68
3147 67
1090 66
1265 65
5989 62
1101 45
1779 41
586 46
344 49
3863 46
1208 70
3160 64
589 61
780 41
6796 56
2791 62
4226 69
2194 63
8665 61
1291 67
435|9
2353 62
44191 67
485 59
3510 53
34405 68
2302 59
158 50
82459 64
48780 67
436|20
204 47
435 42
440 51
432 47
161 53
480 54
377 52
531 51
536 40
502 40
364 60
235 52
371 52
344 46
2 53
585 44
450 48
587 52
437 40
227 43
437|20
748 49
318 71
5 42
640 49
1299 62
1120 60
1396 60
1246 64
454 60
1171 61
1225 69
1183 62
1097 64
1307 64
1268 62
592 59
198 57
155 44
112 55
246 70
438|20
7154 50
2501 59
8966 52
27801 65
1527 62
6711 65
3898 30
1784 60
8644 54
6367 60
2424 52
3889 40
223 65
1517 60
7361 67
2641 49
5009 51
2617 53
3753 58
2393 51
439|5
356 67
4022 61
7153 67
78499 64
1240 64
440|7
8690 70
541 67
29 65
1653 66
1274 65
3174 59
1235 69
441|9
589 70
2683 62
2959 73
4306 69
260 73
296 73
51255 70
47 71
68358 71
442|5
2908 26
2881 14
1186 26
3752 27
4361 15
443|8
2329 68
79132 67
296 67
48394 64
106487 60
108190 56
7153 68
63082 66
444|9
356 66
592 57
208 50
21 60
111 67
110 65
235 58
296 67
344 50
445|16
2028 64
590 60
34405 63
47 64
116897 65
780 42
4011 65
899 63
593 66
33794 62
1080 63
45722 52
17 50
1230 63
306 66
2710 47
446|17
237 45
339 47
300 54
296 64
480 54
368 52
288 50
172 38
17 51
16 56
357 53
150 55
434 42
153 41
648 46
593 63
337 55
447|16
257 63
293 66
337 64
531 57
382 59
589 68
552 62
253 64
362 62
532 57
292 61
31 62
474 65
540 56
442 59
160 57
448|373
2368 70
3284 70
3933 70
6302 70
6476 70
7245 70
48262 70
49688 70
75803 70
75816 70
78116 70
79590 70
86593 70
92198 70
98908 70
100326 70
102819 70
104760 70
108715 70
109191 70
111680 70
113416 70
116207 70
116985 70
129657 70
130083 70
133377 70
136654 70
138546 70
142424 70
151777 70
152658 70
157130 70
158022 70
161290 70
164375 70
53996 45
136778 70
5418 60
288 51
88356 30
2580 55
155358 70
2889 53
4034 60
148888 36
81156 56
2713 38
103335 45
95441 41
34048 39
80126 42
3057 70
1057 44
2794 38
33830 63
8665 53
6059 43
110553 30
90374 66
151501 70
3764 38
6143 50
103819 40
4361 48
104913 53
3986 36
5528 57
1196 66
105351 36
83349 40
3276 70
1090 63
5349 57
587 44
106330 40
4677 42
95508 70
109895 26
110611 70
671 49
2289 54
152077 59
80693 39
111360 41
170 47
87444 40
94323 40
8493 49
3671 59
91653 42
4981 70
2991 46
78034 70
119145 61
5099 39
4299 40
2567 52
6996 23
109864 31
6582 49
73017 48
370 40
543 44
115617 49
590 60
154065 70
5553 42
41569 54
3286 32
6645 56
589 54
1920 38
2857 48
111663 49
78499 57
2657 51
6537 45
1148 61
46974 42
48516 65
80241 47
445 39
4262 61
3689 19
114935 55
6428 54
127194 70
109673 37
127096 44
89388 70
4156 70
3793 50
33679 43
2014 39
64285 56
3968 41
49530 53
3450 45
160563 55
5502 41
8169 55
6314 27
122490 70
3386 57
140725 48
4896 57
2642 29
127136 62
2763 56
2520 70
457 62
48783 58
3263 42
5400 37
5541 53
4011 63
58351 70
127132 70
152091 57
3698 48
435 30
4799 39
84152 52
3401 27
2858 63
3174 56
7076 52
106542 70
6218 43
2860 43
1283 69
3618 59
2616 39
90439 53
2404 31
4660 70
2530 36
26386 70
4327 45
3030 64
71464 46
32 64
91529 53
4158 30
99114 56
98585 46
93326 39
2268 59
80489 59
130576 41
105504 57
2791 62
50601 45
7007 42
4234 47
3623 32
80727 58
78467 27
8641 58
4128 52
106782 57
2537 35
112138 49
3247 40
112818 37
2027 31
3101 37
5779 70
82202 34
1704 61
98296 70
6863 47
89305 47
4203 47
1201 59
6212 34
637 37
84954 41
6814 70
94864 46
67695 64
159077 70
92439 57
6812 28
3156 42
802 41
118354 70
134130 63
138036 49
65135 70
52975 48
4368 39
90717 54
45722 50
79259 70
68157 59
4233 20
74458 52
3258 43
1262 66
3949 61
101025 31
69526 35
1831 29
1083 43
1884 62
1476 52
156609 35
3755 49
111659 35
4734 44
161 50
95201 70
135887 43
2598 51
87232 60
4634 69
5334 39
5459 39
146730 70
72694 70
157432 70
132488 70
4558 42
1375 47
6424 70
71518 43
2716 60
94780 35
3593 20
129354 35
158 33
1409 35
6514 70
2881 39
51662 54
90522 40
68554 37
2126 49
122932 70
93510 52
137857 58
125916 17
2953 51
2090 45
1760 17
480 54
58803 50
2109 55
50792 28
46062 27
85510 41
80864 70
112171 45
122900 55
2587 49
1527 62
117529 46
4993 67
92264 37
5247 51
533 38
912 65
26464 70
2249 46
4678 52
103772 45
114601 47
96861 40
420 37
59615 45
2349 59
109372 40
95207 46
348 52
19 38
136020 37
4502 32
91094 40
138208 40
3511 33
79428 49
2643 24
109183 70
2139 49
4212 70
5942 45
96417 50
112852 59
99728 53
89470 48
142448 46
64983 39
2640 59
2046 40
4881 53
3882 35
3744 36
1032 59
116799 53
5 38
4040 42
157407 70
2115 58
1617 62
4367 34
105254 51
3388 33
3760 56
2146 49
2968 59
6281 40
466 38
96448 38
86332 50
64969 53
115170 70
1036 55
3397 56
2474 46
1408 60
155743 70
106920 62
8542 55
120466 53
2051 29
7143 53
7150 35
89087 34
34150 36
2253 42
2973 63
449|8
1917 36
2502 63
4034 63
1222 63
2770 48
762 27
2011 52
2324 63
450|11
3977 52
589 66
110 68
3363 67
3535 65
3948 62
3409 57
1035 67
3568 70
358 50
1259 68
451|7
733 63
593 70
7 56
5 34
494 49
25 65
17 63
452|20
4025 64
2858 76
2617 67
5292 72
1206 76
1676 67
3219 64
47 74
3101 66
163 71
1092 64
1917 67
2126 60
1356 72
552 67
2628 68
1200 75
608 75
2707 66
3273 58
453|20
208 54
858 71
2335 60
4022 64
3618 64
1617 68
3452 59
1357 68
112 57
2671 64
1884 66
1894 54
2294 57
318 74
1614 57
3534 60
2959 69
798 58
5266 58
780 65
454|9
7361 67
2692 66
7116 45
55820 64
6016 67
27773 64
2160 67
2858 65
26131 68
455|12
272 58
432 47
367 51
590 62
253 59
364 64
555 60
252 54
110 61
225 54
588 61
597 56
456|9
1407 59
634 41
135 45
5 56
724 57
780 58
733 65
260 72
706 70
457|10
329 53
3593 30
2692 67
1356 63
223 63
2394 55
2701 40
3608 49
733 56
2094 49
458|12
597 65
185 60
10 65
380 63
95 59
454 63
300 60
595 64
153 58
587 64
150 67
552 62
459|6
79132 71
5618 73
8961 66
48780 70
50872 68
260 72
460|17
89039 70
4886 67
4703 48
3831 61
1441 49
4878 69
3483 49
8970 64
1 66
49272 69
40815 65
85414 62
68237 68
76093 66
47610 64
63082 68
2571 70
461|6
74458 56
2762 53
1036 53
91500 54
3578 54
539 53
462|20
26838 70
89090 70
164655 70
188189 70
1136 60
1219 61
158966 64
1248 66
508 55
1653 60
1674 51
8917 50
8620 26
3424 63
2146 51
7044 51
3814 61
1213 61
82857 70
26131 61
463|7
6377 67
2028 67
4310 56
3753 64
2006 58
1092 55
5995 65
464|20
1370 56
58025 53
63853 36
296 69
2019 69
3527 61
5254 54
7007 52
1101 53
1779 47
377 54
1653 68
55820 66
648 55
33493 57
1610 65
65088 59
74727 66
1617 67
62374 62
465|20
2941 68
2987 64
1200 69
3448 65
5060 67
1299 68
3703 69
3649 52
1625 63
292 59
904 73
3101 41
1754 64
750 72
1256 68
593 71
3732 63
3740 67
3334 72
377 56
466|20
5418 65
30793 58
79091 64
92259 69
5989 65
5459 58
318 70
63082 67
59784 62
5010 63
74458 66
6281 59
5952 65
8529 62
64716 67
68954 67
4993 66
45447 60
81845 66
55247 66
467|22
41 70
58 70
389 70
466 70
527 70
593 70
780 70
1183 70
1233 70
1357 70
1365 70
1408 70
1721 70
2028 70
2125 70
2324 70
2334 70
2384 70
2390 70
2393 70
2394 70
2493 70
468|7
592 57
349 59
1 63
317 54
296 66
32 64
165 59
469|20
3658 70
3832 70
3507 65
3032 64
2736 64
2132 69
1958 64
910 66
1090 66
1485 43
1388 43
2321 56
1234 66
2081 58
1193 68
36 61
2908 62
909 63
2023 57
3255 56
470|16
253 58
318 70
110 62
588 61
282 55
5 54
597 58
32 62
595 60
592 56
500 56
26 59
356 65
357 57
434 50
300 56
471|6
2571 65
8874 63
527 65
1 60
8360 58
7147 61
472|6
58559 69
3450 58
3298 62
2840 49
1221 69
858 70
473|8
4979 61
2959 67
60 41
7147 57
6281 45
3897 63
48322 66
2596 54
474|422
638 70
2179 70
2697 70
4046 70
5114 70
5311 70
5353 70
5455 70
5601 70
6201 70
6273 70
6382 70
6407 70
6592 70
6912 70
7702 70
7826 70
7832 70
7839 70
8057 70
8446 70
8458 70
8459 70
8611 70
8650 70
8774 70
8938 70
1466 58
6708 54
2940 61
2616 44
2334 47
7139 59
4218 70
371 53
750 66
2935 57
8645 59
5481 45
6370 65
25865 70
2553 58
912 62
2467 60
5548 52
7301 61
52967 55
5945 50
480 55
1983 35
3462 56
1068 70
8600 65
6650 67
8482 70
6791 61
4016 55
1784 57
3668 58
3977 46
8961 58
4160 57
30820 49
6984 70
2750 54
5034 45
7716 70
2612 70
4419 68
1300 56
4187 55
1187 52
6565 59
272 53
5440 70
25937 47
1099 48
3125 70
5826 70
5649 70
7256 60
4912 60
6016 63
1208 62
2083 56
3385 45
2310 55
3360 57
3163 56
1413 56
4081 31
1643 55
968 57
2116 57
26965 47
5954 57
1263 56
5116 70
3536 49
8778 54
63433 47
2952 56
318 67
3394 41
1200 60
3384 63
4356 65
932 65
7698 59
516 49
4873 58
48385 50
39869 65
1902 70
2641 44
7036 43
2181 55
4638 46
31116 60
2455 53
2146 54
628 55
3897 59
1030 43
4022 59
344 42
3196 59
92 41
237 50
6770 55
3259 51
3368 52
26151 57
1293 60
34072 54
3044 53
1639 53
5944 52
6539 59
477 51
7361 63
55687 70
58 61
4014 49
3467 57
8154 65
4191 52
2134 52
4644 58
4293 45
5013 56
1399 51
1196 63
2918 59
5899 43
4465 50
100 44
361 48
3341 57
8921 70
195 49
3789 70
4709 52
1588 45
3468 64
4678 52
2723 48
2118 61
1939 63
7019 42
3147 64
1792 43
33903 58
1682 57
41566 50
1693 53
1957 58
5021 53
2313 59
3870 70
948 60
47099 60
3447 60
6614 51
216 53
5619 51
3987 41
5060 59
3111 65
45950 59
32584 47
5525 70
2567 51
5956 53
7 46
1172 63
3217 49
8331 70
587 51
5238 51
1189 61
2416 49
832 51
3095 56
7386 54
1223 65
7058 70
5246 31
5418 59
27803 63
26 56
4002 57
1135 48
45 55
6945 69
2411 46
2520 70
7347 51
5375 70
5673 54
3039 53
7833 70
33781 47
720 60
2103 35
33154 63
608 61
1327 42
101 60
7061 70
5451 48
5682 47
5434 56
6609 70
31658 60
4578 40
2009 54
4704 70
7572 70
4929 42
3306 59
6334 54
5379 62
5437 57
42418 50
4128 54
7451 59
2786 32
2243 53
27846 59
6197 51
3264 39
3608 49
5603 66
6124 47
1222 61
1663 53
3566 42
3755 50
2628 50
4815 50
2089 51
7102 49
27706 52
7013 61
1348 54
45666 43
5755 37
4055 68
2058 52
4462 25
1544 45
2405 46
4998 70
273 46
1977 45
1732 62
7822 70
7073 70
41527 61
4787 53
1676 50
3708 49
6669 59
317 44
25940 70
971 61
7366 47
3115 57
7026 43
2710 44
50685 55
2114 58
3809 51
3516 47
2770 47
535 48
4878 61
5992 61
41997 57
1083 48
4487 52
7293 57
1016 49
2006 50
1007 41
4993 63
3412 56
5007 70
3929 44
6639 49
8712 70
1876 46
3546 70
34359 70
7579 67
7325 47
6837 70
2634 51
7753 47
8943 23
8385 70
4308 58
3246 61
3745 53
1148 61
42002 52
50740 60
3952 50
1927 63
7581 48
910 63
3948 53
54881 61
1284 60
4007 56
5341 56
3675 62
52975 55
6244 47
965 58
454 54
1247 58
7215 52
1282 57
8207 63
6242 53
6502 60
4509 47
3528 59
2391 59
4262 58
4039 44
42018 29
3271 59
976 70
48394 57
5384 70
5168 70
1358 56
6534 43
8773 70
2384 48
48780 62
1269 58
4600 47
2642 44
111 62
933 65
3578 63
5297 35
944 55
6020 70
2123 47
748 46
4896 59
5380 57
53953 49
3712 45
25996 70
1997 60
4464 57
4085 49
51540 57
2707 52
2069 64
6710 56
1488 48
6378 57
928 62
3038 62
7116 41
44511 70
594 55
1962 58
421 46
4316 24
2761 63
4823 48
892 58
1345 54
5294 61
1408 61
6579 63
3272 51
3421 55
3844 54
6787 61
37736 56
2249 50
1610 58
2468 39
3498 58
4902 54
6268 55
5225 61
5404 68
929 70
25999 70
7835 70
805 52
4126 56
475|20
6539 73
4993 75
87232 71
40815 70
5816 69
8644 67
81564 68
4701 66
81834 75
6564 56
68791 67
111759 74
7153 75
1527 69
71530 60
4896 70
106487 71
112852 73
3578 72
82461 65
476|14
594 64
34 64
380 58
158 43
153 45
586 53
440 58
364 67
378 56
357 62
224 62
165 62
296 71
11 63
477|20
34 61
913 67
3100 66
2105 56
1271 58
1207 67
70687 24
2174 59
45672 55
4571 63
3973 42
4226 69
1103 68
5291 62
348 61
3593 28
1 64
1274 66
6502 67
59615 51
478|5
1917 36
3114 56
594 55
1584 45
1101 40
479|20
5365 70
4488 56
524 56
1025 62
3707 51
1220 61
4010 55
3244 44
3526 58
4092 39
1968 62
4700 40
4003 41
3671 62
2671 37
341 70
2012 58
2542 63
454 57
2384 52
480|20
43914 70
2700 60
8533 59
2193 49
2797 60
3484 48
2571 66
1210 63
2596 54
8866 39
47610 51
6306 55
5379 66
2018 57
7153 65
3911 61
44191 61
38061 65
5673 58
380 49
481|7
1608 46
1687 46
1629 36
1729 54
1620 34
1597 37
1485 33
482|20
2068 72
8985 53
1036 61
474 59
1042 52
4389 47
780 61
27706 56
3211 65
1610 62
4367 54
1374 60
1220 59
1602 45
653 53
592 54
30812 58
4862 48
8361 53
8529 58
483|20
105325 70
783 55
2541 50
2959 69
109971 70
45722 56
1199 68
50872 62
2000 60
4306 63
69757 58
2683 56
2273 51
1588 48
109487 66
66934 66
1721 55
2328 38
68522 70
8972 56
484|20
93320 70
1438 52
6155 59
6944 64
2706 60
33166 65
6874 64
3697 56
1059 61
76293 60
919 66
2762 63
1821 56
837 61
5810 62
1753 60
3254 60
4718 57
2413 62
3646 46
485|5
588 66
161 63
253 63
292 60
231 54
486|12
653 59
47 68
110 70
153 56
474 66
95 60
288 60
329 60
161 65
318 77
292 62
6 69
487|12
27611 45
8961 47
318 61
1198 58
31658 51
1197 56
6539 48
5445 42
116797 51
4027 53
8874 50
86377 52
488|20
720 60
838 56
608 62
1223 67
26 54
5135 56
2109 54
7720 43
7303 58
4014 54
5995 60
457 60
105 50
1136 61
272 55
1269 55
3176 53
1278 62
1125 56
910 64
489|20
79536 70
86000 70
4848 59
736 33
8387 10
4700 43
45666 42
4720 54
2683 49
2021 54
2389 30
1619 52
950 58
58559 61
2236 49
2167 36
1616 43
247 62
376 49
2717 45
490|20
46578 61
89492 58
81591 58
91077 63
60074 35
5816 51
4144 61
54001 57
1 58
1784 57
7153 61
4993 62
89759 63
86320 38
60128 47
76251 53
8368 58
69122 49
2006 30
78499 59
491|13
106782 71
69757 70
7293 67
27808 66
4246 70
3948 65
104374 73
86833 67
140110 69
8529 65
180231 70
4306 69
88405 62
492|20
736 66
784 60
628 68
858 76
852 63
64 57
990 58
830 60
743 55
62 66
52 66
1499 51
66 56
1210 73
881 54
1474 51
1405 58
724 64
1047 64
65 57
493|13
2985 51
4444 48
2916 55
1275 59
2571 63
1527 58
2028 61
3793 57
2167 41
1215 62
4701 38
2924 62
260 63
494|5
1196 68
4498 48
3578 66
2028 68
1210 68
495|20
140523 70
115149 66
1259 67
1721 59
136562 59
80489 66
19 46
50872 66
231 54
102123 57
52319 62
7254 63
7360 68
8528 66
1645 59
46578 69
30810 63
2918 67
148626 69
56775 58
496|6
1221 61
99149 50
858 60
904 57
8865 42
114713 42
497|11
1193 57
112556 51
112290 54
1916 53
92259 56
2329 58
112552 54
1258 60
2762 54
5349 52
111362 52
498|7
344 56
231 57
648 63
10 59
300 64
356 72
316 60
499|6
1202 62
2337 56
38304 71
327 41
56286 58
1304 65
500|18
2599 56
2987 55
543 49
2700 58
2542 61
1265 59
2916 55
356 60
3301 50
1784 55
1914 56
595 54
2355 50
3536 46
1885 47
322 52
838 56
720 61
501|9
6 62
62 56
93 51
45 55
3 51
637 50
11 56
18 59
662 47
502|7
7236 46
1077 56
4412 12
3469 51
2001 50
2520 70
1777 57
503|19
7455 70
7361 63
4878 58
356 61
91500 52
593 61
527 63
858 64
4226 61
1259 58
1342 42
2877 47
92509 52
90866 53
500 48
441 57
48516 61
2858 59
48394 55
504|18
4995 67
5812 65
2321 57
1 64
3556 62
7153 68
6708 60
1288 67
6927 70
4033 66
4700 53
6565 64
342 56
3408 60
6879 56
4361 60
5952 66
5955 62
505|7
1241 64
4105 65
1029 60
74685 58
273 54
6502 68
54999 61
506|9
59258 37
54272 56
37741 61
56782 68
62293 63
51834 39
49286 50
112556 56
61024 60
507|5
165 55
266 51
253 57
377 53
593 64
508|5
2872 38
2011 32
1952 47
1175 40
898 49
509|20
26958 70
130073 70
2028 61
87232 58
33830 67
5313 40
48 48
2090 50
2080 50
6942 59
8907 37
6156 50
5816 50
39 52
3988 45
6807 60
7458 55
1196 62
45447 49
616 52
510|20
1882 11
7026 21
35836 49
494 28
1198 58
514 50
457 56
2935 54
858 60
2699 30
317 26
8949 54
2918 56
145 41
1262 58
6787 57
1208 61
372 38
1242 56
40819 54
511|11
2959 69
53953 58
115149 65
164179 68
6534 49
99114 65
92259 69
318 73
2324 68
1653 68
56757 61
512|10
480 61
150 61
349 59
47 66
350 56
442 57
457 66
50 71
317 50
593 69
513|7
5952 65
318 70
2174 58
235 55
1304 60
1220 61
1080 64
514|20
1335 70
5704 70
62586 70
168358 70
180263 70
1704 61
2005 59
2792 51
2013 44
1673 64
134130 64
76093 64
1333 59
58998 62
68157 63
2406 54
3210 57
54503 61
4855 60
1644 32
515|6
33794 71
2028 74
527 77
91529 73
58559 77
2959 76
516|26
260 70
457 70
480 70
647 70
708 70
1042 70
1090 70
1197 70
1198 70
1954 70
1958 70
2021 70
2259 70
2268 70
3052 70
3471 70
4027 70
4291 70
4306 70
4321 70
4322 70
4333 70
4337 70
4349 70
4361 70
4429 70
517|20
4306 33
53125 28
1265 55
165489 70
97938 31
88744 32
86880 25
4148 25
26761 70
3398 47
1293 39
3988 26
2858 48
4963 38
1204 62
1704 48
47629 40
7669 33
1206 55
46578 34
518|5
3101 44
2657 53
783 53
1876 46
6365 48
519|6
1704 72
356 73
140110 70
6378 70
7445 65
1968 69
520|20
7266 70
318 72
1049 60
59315 64
4995 69
32 67
2716 65
4333 52
1291 67
1732 68
4085 59
2723 60
3081 58
3994 61
33493 60
135 34
2393 53
60516 49
2406 60
1584 64
521|8
661 52
112 53
86 62
104 57
58 66
79 54
52 60
852 56
522|20
99114 65
81932 62
89492 62
63113 44
2959 67
1193 66
1375 53
4993 66
223 64
27611 61
76060 57
180 58
59315 62
1617 65
10 50
67255 64
2023 59
6187 65
318 69
127098 66
523|15
168252 77
8970 68
5989 71
318 79
91529 73
1721 65
293 71
65261 77
4270 64
3147 76
27731 69
134130 74
31696 66
527 76
101962 69
524|20
1356 62
150 59
552 55
748 50
344 48
442 55
253 56
1225 63
20 42
589 60
1242 65
544 51
173 42
1302 55
380 55
457 63
1020 52
788 47
193 41
466 49
525|20
120807 70
317 49
6863 52
8622 54
33004 54
7147 58
2396 59
40815 59
137337 56
1639 55
1968 58
91869 70
45880 51
2100 49
339 53
4886 58
50872 59
86332 56
8983 55
3996 59
526|12
593 68
55247 65
46578 67
176415 70
1295 52
90430 66
4014 61
2352 64
176413 70
215 67
81845 65
51255 65
527|20
2137 60
3114 68
3210 62
3016 60
2161 65
4571 66
2118 69
3421 64
455 52
2867 67
2450 44
1909 60
1214 68
4299 62
736 58
2477 52
588 65
4016 65
1259 68
2533 60
528|15
4886 58
2278 55
80906 61
4037 59
1240 59
64614 63
3821 37
150 57
1291 62
80463 62
593 65
99813 56
85342 61
48516 65
58559 65
529|5
653 49
135 41
65 42
62 60
733 56
530|6
292 56
500 58
300 61
586 51
593 70
11 62
531|5
593 69
590 63
919 62
480 60
1215 69
532|10
1721 61
4863 76
457 68
290 68
1245 73
1242 70
2023 62
2329 71
1304 69
517 55
533|8
1200 71
6502 72
79132 73
46578 72
93840 68
4973 76
2455 65
66934 72
534|20
116724 70
97913 66
94953 62
2003 61
2167 60
7569 66
153 56
1485 60
65514 66
104218 57
344 55
2571 69
5445 65
95875 60
112818 55
82461 59
96610 62
2987 62
138036 64
1566 63
535|6
2571 61
2581 48
2700 58
2688 27
2583 52
2882 17
536|8
232 64
272 58
356 65
335 70
225 54
150 61
434 49
589 62
537|10
80906 69
367 60
7153 68
53322 65
104218 57
97304 65
6539 67
318 72
89745 65
105504 68
538|8
595 66
3671 68
80549 70
4039 57
69757 67
5047 64
44889 70
66934 70
539|8
4306 63
6753 58
5218 61
50872 64
88 53
3301 60
4886 63
69122 62
540|9
2598 56
2959 72
1073 67
8874 70
1681 49
2183 64
2841 62
2747 54
1196 70
541|18
590 64
457 65
413 45
15 49
110 65
595 62
597 57
480 62
356 68
203 52
529 64
357 59
22 55
345 62
546 40
586 49
281 62
350 53
542|20
6539 61
30793 55
5299 54
2542 63
34319 54
33679 52
4963 62
5481 47
1997 60
4025 49
3623 45
924 63
4369 55
6378 59
2571 64
7254 58
41566 53
37733 60
7361 66
45517 54
543|16
73881 72
1702 59
595 67
3301 67
231 56
2378 59
2379 56
86882 68
6377 73
588 68
377 68
48385 62
2571 73
4526 58
4388 57
92259 75
544|22
1 70
3 70
14 70
32 70
40 70
62 70
68 70
95 70
116 70
619 70
626 70
648 70
650 70
694 70
736 70
780 70
839 70
1042 70
1047 70
1059 70
1105 70
1356 70
545|5
1438 48
1267 69
2763 62
1367 53
44 32
546|13
1270 64
3328 63
480 56
1970 52
2456 47
1976 43
589 59
2657 52
1673 65
3941 70
3959 60
3566 48
1977 50
547|5
1211 57
2859 67
2917 62
1394 63
1288 66
548|26
69 70
260 70
356 70
733 70
1196 70
1393 70
1477 70
1621 70
2571 70
2716 70
3263 70
3578 70
3916 70
4776 70
4899 70
5955 70
6874 70
7458 70
8531 70
49910 70
58559 70
74532 70
80862 70
122904 70
125916 70
168712 70
549|5
2571 62
2028 60
4226 64
1210 59
589 58
550|6
167296 70
102125 65
106782 70
116797 70
112852 69
122882 67
551|20
5010 59
34162 58
60069 63
1544 52
45186 56
103772 57
51935 62
4226 63
2353 59
7153 64
5989 62
135569 54
115149 61
88129 59
134130 64
6934 58
47 61
4701 56
2959 62
98809 62
552|20
2916 53
3317 64
1405 40
2953 49
2245 46
2944 61
2890 56
2125 42
508 58
3948 35
5349 53
2959 66
2857 46
173 36
2991 43
2871 54
2628 36
4308 56
4878 63
3101 34
553|17
55765 70
3481 66
1923 65
2571 72
4011 72
50 75
3949 70
1089 73
44199 68
5513 70
2231 68
2395 65
3052 66
61257 70
1221 73
33166 70
2959 73
554|18
1196 68
1022 62
2820 70
1207 70
1517 61
1282 65
1210 68
1760 25
2282 55
1225 69
907 51
1358 64
2096 62
1028 69
593 70
608 68
953 65
2324 68
555|20
790 70
3664 70
1 64
3111 70
3395 59
104 55
1334 57
2506 53
2072 53
4002 61
1266 67
2641 51
2256 53
2791 63
2701 49
1333 61
1320 54
337 60
1393 61
3526 59
556|7
162600 66
122890 64
3081 62
88125 68
588 68
72998 65
74789 61
557|6
648 60
231 50
1291 63
260 66
1210 66
150 63
558|12
5329 57
5064 65
4903 61
2297 63
2568 61
4993 67
4306 66
367 60
5283 58
1097 65
4164 57
5294 73
559|20
552 50
608 65
355 31
329 54
544 51
1527 62
173 41
377 52
745 66
174 45
529 62
350 50
349 57
533 42
836 44
1210 67
420 42
786 50
227 43
253 59
560|20
5839 70
91535 51
136018 46
67997 60
79132 62
3253 54
142558 70
2355 55
39435 52
1527 60
40414 62
64614 63
48744 58
56587 57
593 64
76251 57
84944 57
109313 70
5878 63
40819 60
561|20
168174 70
5308 48
78469 50
3703 63
60069 65
91535 48
2105 53
73017 55
5445 55
2000 59
83134 57
79132 63
79592 46
80463 63
89745 63
527 66
8972 50
353 62
33162 54
68157 62
562|20
27140 70
6870 65
6377 69
2580 69
1249 73
4776 66
36529 66
1259 68
1982 64
2268 66
2133 64
83134 67
3210 62
48394 66
30707 68
33836 50
2692 70
88163 67
99191 70
1240 67
563|20
61071 70
70932 70
80858 70
919 62
74450 44
588 60
5943 49
118997 51
86833 57
1197 66
128832 70
85397 53
45221 45
33499 45
7380 56
96821 64
81784 52
95307 44
65585 57
55250 46
564|20
50942 70
356 65
31685 52
131013 59
61024 60
79224 50
87869 61
500 57
108156 58
81784 57
93270 48
6188 57
106918 65
65230 57
67087 57
80693 56
94677 58
8984 56
73266 60
2671 60
565|6
590 61
231 48
19 39
21 55
50 68
539 55
566|15
648 55
10 59
231 48
329 52
342 53
141 54
203 56
345 59
39 58
497 63
265 59
588 59
708 54
353 60
2 57
567|20
8189 70
26743 70
92681 70
109897 70
152071 70
5690 38
136602 45
122888 70
6333 51
1274 54
122922 36
153070 70
151687 70
117877 70
108928 24
954 54
122924 29
27773 42
648 27
135887 29
568|23
50 70
147 70
296 70
356 70
480 70
593 70
765 70
1103 70
1104 70
1257 70
1298 70
1895 70
2313 70
2359 70
2863 70
3053 70
3148 70
3261 70
3363 70
8169 70
46723 70
63853 70
65088 70
569|5
231 56
50 74
380 65
588 67
592 62
570|20
208 41
8636 58
48516 63
1225 62
586 44
2683 49
457 60
1196 61
110 60
4993 62
7361 63
1198 65
1079 61
10 48
3793 56
1391 47
589 57
380 51
527 64
185 43
571|20
1331 70
2982 70
2366 55
1128 42
610 56
2902 39
1998 22
3696 50
1980 70
1987 70
70 57
1924 45
2279 33
1327 31
3732 51
1972 30
1278 63
1644 30
2327 64
1978 36
572|20
1961 65
2570 53
2788 71
2321 63
111 70
904 71
2987 63
2302 60
1834 68
2539 56
2917 69
1307 66
1 65
161 62
3421 63
838 66
1356 65
2006 61
3167 62
1953 66
573|20
89745 71
72998 64
3752 60
356 70
7293 65
6754 64
8665 67
32587 68
1073 67
88744 69
1127 67
68954 70
98809 68
2640 65
48516 73
71535 69
59369 67
60069 72
88140 66
1562 46
574|23
47 70
110 70
150 70
153 70
161 70
185 70
225 70
231 70
292 70
296 70
300 70
316 70
318 70
329 70
339 70
344 70
380 70
410 70
434 70
588 70
592 70
593 70
595 70
575|8
2566 49
2580 60
296 66
2581 49
2572 55
2542 65
2574 33
2598 52
576|5
849 46
1321 53
1373 48
1479 47
2289 59
577|20
2415 70
1183 58
1288 64
1129 58
2944 62
2194 60
733 55
1213 65
2076 60
2020 62
1262 64
1931 57
1391 47
2987 56
952 61
1909 51
260 65
919 61
2248 57
1270 63
578|6
6751 70
52668 66
45668 57
830 54
72407 36
75446 70
579|15
3174 62
2485 59
1022 62
2018 63
838 67
1917 61
1391 59
596 60
1573 62
2965 70
1653 68
2599 64
892 66
2687 65
595 65
580|20
5767 70
6583 70
480 58
8844 70
6989 56
3809 55
41569 54
3699 54
4041 53
33166 61
356 63
508 58
8376 53
3578 61
608 60
3785 49
3089 63
1320 51
54286 59
1201 63
581|8
7153 70
5995 67
4973 72
116797 68
3949 66
4306 66
109487 67
6377 69
582|12
91529 65
2959 66
116797 65
4993 66
5618 67
2571 66
76251 60
69844 65
104841 61
48516 68
97752 62
76093 65
583|12
8533 56
88405 51
2706 51
117590 60
317 52
60756 53
6942 60
595 55
46578 60
104 53
2694 50
7451 59
584|17
288 62
22 64
203 65
315 61
500 66
316 63
539 69
234 57
296 72
257 67
434 62
586 61
338 61
349 66
282 64
480 68
590 69
585|13
3173 57
1228 71
54503 67
2959 70
428 65
1405 56
7254 64
441 67
1805 60
296 71
27373 70
5325 65
79132 70
586|20
34332 61
4016 71
111659 60
106002 63
149406 68
167036 70
45499 64
136556 70
5445 69
117851 62
1291 71
71264 68
106489 63
135436 62
3753 69
2640 65
3147 73
122916 71
3793 68
101362 57
587|20
1234 69
628 64
2012 61
534 63
2002 56
1641 66
236 61
1376 65
2622 62
1541 55
3260 68
497 68
3082 63
445 59
3448 65
2574 47
765 56
691 63
329 60
3406 61
588|12
50 66
16 57
20 38
356 64
350 42
198 52
593 65
364 62
163 50
253 57
223 63
3 44
589|8
1092 56
318 74
590 64
373 64
586 53
587 59
527 71
337 62
590|20
924 63
8807 52
2371 48
38061 66
81834 60
40815 59
4890 43
903 61
5 38
3624 44
555 60
4047 55
51662 56
2085 50
419 38
595 57
329 51
2376 48
3635 53
2398 63
591|11
2908 60
2706 54
2712 56
2355 53
3615 42
3578 63
2394 57
3798 47
356 66
223 63
2724 39
592|19
514 63
2 64
153 56
415 51
110 68
177 55
420 53
380 62
44 54
788 55
588 65
163 63
204 54
610 62
39 62
419 54
253 62
432 55
240 51
593|20
1196 61
1073 57
1086 60
1617 61
4034 62
41566 48
1197 62
344 43
8368 58
339 54
2959 61
8961 57
5816 48
2797 57
4896 57
588 57
595 56
5952 60
377 44
141 53
594|20
7031 70
2671 69
7115 63
1616 59
5943 58
1188 70
2269 60
1733 71
4902 67
6996 43
780 69
1429 61
6140 68
7046 60
39 67
595 68
799 64
2028 71
8482 70
7169 66
595|5
265 65
50 73
1186 65
1199 71
1966 61
596|20
33649 70
43744 70
182793 70
129397 47
128908 70
1 61
142488 63
122922 59
4310 48
71838 52
4025 48
2501 56
110102 59
149406 55
2774 70
5502 51
8665 57
6537 49
2571 63
345 59
597|20
1799 62
490 60
3040 60
2529 67
2858 70
903 72
3039 65
2000 64
1291 68
357 63
1228 73
1845 71
2411 35
1580 58
1148 72
1198 70
2723 62
485 57
592 63
2692 70
598|5
56367 65
8360 63
593 69
114265 70
103543 52
599|496
26142 70
26567 70
26590 70
26676 70
26854 70
27595 70
34800 70
53450 70
60803 70
69131 70
74696 70
79895 70
84523 70
87960 70
92674 70
98799 70
102735 70
102852 70
104017 70
105020 70
122433 70
157865 70
158874 70
160978 70
161044 70
174727 70
179053 70
1801 38
6035 55
3387 34
33437 43
112 42
5995 53
167706 70
4394 70
836 28
7235 43
8809 47
102749 70
89087 29
42011 29
432 28
471 50
5628 42
1015 34
2 44
2269 45
69 50
3947 29
79091 43
104837 70
4037 50
7587 49
6881 40
1449 55
7225 45
81229 41
68952 59
4728 37
5081 43
33966 70
1779 35
3669 70
87197 70
170297 70
79057 43
95965 70
55207 70
4007 44
1220 58
80831 44
46723 42
71282 49
7757 54
3259 38
92309 44
1376 43
7192 35
4654 37
101423 70
53468 34
62662 70
3174 45
3698 42
2882 25
2359 50
1183 51
2792 44
1095 55
8387 17
53125 37
115713 48
2949 51
2471 28
3 37
1231 53
3861 34
240 34
1480 44
2301 54
1445 23
8045 70
586 40
2942 27
1185 52
4594 70
2474 42
3671 55
3196 50
64839 53
98697 70
2606 32
1777 47
5309 30
7022 60
4873 54
541 64
27311 48
43921 47
67734 46
4240 70
5026 50
168 32
33493 41
4125 19
7354 39
207 39
1094 38
742 34
1609 32
1042 36
3362 58
4553 42
4632 39
2278 44
468 39
122904 46
75416 70
42718 45
4285 41
79274 50
1794 70
45081 35
108192 70
3489 45
3503 50
89804 51
163809 70
577 23
3071 42
1204 63
3981 26
95771 70
45382 57
6548 38
59387 47
166528 52
168492 58
6691 70
605 33
424 21
2991 41
248 39
97950 70
3865 50
1216 42
342 40
35836 46
27772 33
176419 36
151781 70
277 39
6320 21
39381 49
5111 70
4090 38
2450 29
2676 45
2356 35
79702 48
1597 38
410 47
1721 42
3702 46
183301 70
1387 59
2072 42
26729 48
2393 38
4247 37
4591 33
1032 49
3087 45
1895 40
634 23
210 40
2074 49
51575 31
3505 49
5247 45
481 44
4215 24
1355 26
2657 45
2028 58
4011 57
420 31
552 37
1196 65
2395 45
5303 45
1752 34
3186 50
4310 31
1784 45
3200 62
7254 45
688 30
473 28
1079 53
1552 33
1148 53
1544 32
63113 38
2325 42
26649 56
6804 70
161 43
4109 35
34332 33
1653 53
4808 35
7707 70
3468 58
502 23
1221 63
1792 33
68319 35
6787 55
2119 21
3884 28
4254 22
3973 21
103609 70
8934 70
5377 54
42632 50
55290 45
4506 41
7840 52
5568 36
1689 36
7005 70
103228 45
59947 70
786 35
4351 36
172253 70
4679 45
1411 57
117630 70
1590 33
112623 52
3146 27
8984 33
1920 36
519 25
179817 53
3979 38
3741 50
44020 33
26630 70
7285 47
3030 57
1021 27
8638 47
87 34
7153 60
2877 43
2018 46
3173 42
5198 70
7101 42
7701 22
3213 50
26159 46
2339 70
33896 46
2000 46
4006 40
136562 42
37382 42
6645 50
171763 61
8528 45
27008 70
4017 51
4167 35
86142 53
1249 58
3255 46
736 33
2779 40
84414 55
27773 51
2083 49
98499 34
4034 52
119828 70
1993 31
94864 41
6631 21
2321 41
26242 38
3703 60
41566 44
2529 58
1968 49
8914 53
3257 35
159403 70
1036 50
76093 48
5103 42
6947 45
1952 55
2124 38
4084 35
6016 55
778 56
81 36
2171 46
1253 57
4275 41
7982 44
3723 49
849 40
2681 41
6565 49
39414 43
122916 54
6440 53
8917 48
72011 43
1605 33
1240 53
923 60
68157 51
5961 70
5053 70
3571 46
2403 47
3871 56
44238 70
72226 44
7004 34
2054 37
62970 38
5159 33
354 47
122924 36
48774 49
1394 53
3763 48
70286 51
1904 41
3969 39
81562 41
102590 70
233 45
4155 37
1031 42
76 38
459 27
1097 48
1178 55
60291 46
3328 51
1232 50
3036 39
5283 35
4327 40
610 54
2726 50
4732 27
5970 38
2396 46
594 52
1247 55
45499 40
3476 43
2399 28
137218 70
1997 47
3271 50
27801 55
6365 39
1799 52
580 37
122900 49
2803 37
80219 42
466 33
110882 47
3997 25
26176 70
2378 45
117895 22
26662 53
90603 43
119218 70
44 31
809 27
1960 45
4519 41
1959 49
414 36
1073 59
61236 46
1479 41
4019 52
1245 51
37857 53
161032 70
371 39
3020 47
88593 70
6774 48
2005 55
90405 37
26285 70
6793 23
627 42
1617 56
6734 22
108090 70
2427 40
51024 44
122922 46
3440 24
6874 61
4919 39
338 35
81591 51
1704 51
1499 21
357 46
62155 38
144 38
34148 44
53519 34
4504 70
2796 34
216 47
6827 20
1429 39
7445 40
1385 36
90471 43
8425 70
10 41
26542 41
7387 52
72998 43
89470 42
3629 60
1297 55
3424 50
1672 48
44761 52
196 32
70703 70
2383 30
180 52
4040 35
6333 48
4440 52
5291 49
88235 46
1639 48
4580 17
153236 70
86190 47
4477 34
103027 70
32291 41
34811 70
5171 30
122260 70
8784 46
5954 51
8798 51
707 41
880 33
314 45
61323 42
600|20
3269 42
1394 54
3785 42
2717 41
5569 47
4306 53
1206 58
56775 44
2015 52
7 40
2013 39
262 52
1210 60
1060 53
2431 47
2077 52
2423 51
4641 54
527 62
5076 41
601|20
141846 70
68157 69
1262 70
106782 69
60069 70
49272 69
5445 67
1193 70
1207 70
79132 70
904 73
166024 73
1917 60
7153 70
2324 70
170697 64
31658 71
5989 67
88810 70
2571 71
602|20
161 53
19 44
350 53
494 56
14 55
471 54
125 53
434 46
235 52
481 49
315 46
371 52
474 55
527 63
21 53
349 52
440 51
339 52
480 56
163 52
603|20
602 70
803 70
2008 70
2577 70
3459 70
4787 59
2912 61
1769 45
485 50
4420 70
920 59
1 59
2706 54
1844 62
3787 64
1222 64
190 54
2716 58
3983 65
101 62
604|20
220 70
292 55
151 57
329 54
410 54
426 57
435 45
316 54
22 55
235 57
181 48
332 55
273 51
637 51
285 70
173 44
588 62
23 54
553 60
1 63
605|20
35347 70
6787 59
1197 61
5667 70
42738 48
51662 55
7373 53
596 51
780 59
4571 56
2316 58
7454 46
150 56
60040 52
8977 44
3269 49
72982 70
1210 60
62376 44
60937 38
606|20
263 70
563 70
583 70
3808 70
4671 70
4840 70
5856 70
6111 70
6573 70
8685 70
32728 70
55805 70
3147 67
4392 60
2311 59
6308 42
50842 67
6591 67
8270 60
2025 65
607|20
891 55
1610 64
448 60
3147 69
1094 60
1307 65
592 59
204 52
1552 57
527 68
3476 58
296 67
2313 63
3440 46
423 56
1518 56
2118 67
2193 61
380 61
2028 67
608|20
52245 48
2997 57
3793 58
2763 54
174 42
2000 53
1214 58
919 55
2700 55
4161 52
5146 54
1639 52
541 59
473 39
2529 58
522 58
4343 47
1909 48
2431 51
1220 54
609|8
296 60
833 32
356 59
339 49
454 52
318 65
208 45
292 48
610|20
5953 70
58975 70
70206 70
78626 70
82765 70
97988 70
107447 70
107462 70
110591 70
110746 70
118082 70
139655 70
160341 70
86644 47
56801 49
61024 64
77561 59
4816 61
62434 55
3972 64
