1|20
260 102
1927 106
804 72
3 78
1009 75
2406 84
1587 81
3671 95
2617 75
3053 95
2571 100
1222 101
2137 82
1377 76
2395 86
2761 97
2641 73
2872 91
1258 101
2700 94
2|6
333 73
122882 76
71535 73
46970 63
58559 81
80489 76
3|8
5764 70
647 40
6835 70
5919 42
2851 34
2288 46
5048 30
4518 39
4|20
106 70
1291 78
3408 67
265 72
52 69
4347 71
2467 74
908 79
345 70
1304 77
1923 69
2959 82
368 66
1219 75
4765 75
1199 81
4166 37
1732 76
21 68
2858 77
5|9
515 75
1 78
364 79
608 84
290 82
261 75
34 71
318 88
21 72
6|20
349 82
318 88
775 70
141 81
348 65
104 75
327 60
410 66
165 82
87 60
366 69
17 75
1084 77
222 68
16 77
416 41
277 78
460 60
867 12
316 71
7|20
8528 67
3623 51
8636 68
8360 65
1517 62
466 52
8373 46
1220 69
7155 50
8808 50
6863 60
31878 64
1610 69
1219 70
4700 58
45668 62
8970 64
27741 74
6333 67
8865 50
8|10
356 84
47 80
231 62
318 88
454 73
292 70
32 80
141 71
380 70
252 69
9|10
5451 60
923 79
5890 6
2901 61
922 84
6044 70
1987 70
5378 60
3735 75
5447 56
10|20
597 65
33679 62
8533 64
8969 57
72720 67
88810 73
136020 58
6377 74
5943 49
109374 74
113394 70
61250 51
82167 50
140110 65
5377 69
77841 70
6942 70
1028 70
72330 70
66203 52
11|13
733 79
1584 82
1210 92
170 76
1438 61
648 77
1918 66
493 84
10 78
457 88
1693 77
150 83
1923 80
12|7
2717 74
2100 78
838 99
2072 73
1876 76
2581 77
6942 96
13|7
3717 70
3624 71
3798 68
2174 79
47 88
3893 74
305 61
14|10
344 64
477 69
110 84
540 56
597 71
153 65
592 67
4 47
539 72
105 68
15|20
91529 73
7438 73
111759 72
2329 77
1 73
1909 63
1240 72
115713 72
1200 74
293 74
2571 76
3949 73
120466 64
1198 78
2028 76
2011 66
158 52
160980 66
4306 72
4022 68
16|20
1230 73
78499 76
913 75
1136 76
1299 72
1617 75
1203 77
3429 79
2858 74
608 76
3683 75
4002 68
1199 77
912 78
2707 63
5782 71
1260 68
319 68
27773 73
2109 63
17|20
260 89
64839 81
296 88
5952 86
527 89
1193 87
3681 87
1240 82
2717 63
2858 84
1093 72
81932 79
5618 88
50 90
5971 85
2959 92
1201 88
541 87
82459 83
1 84
18|20
8117 70
65596 70
88094 70
145283 70
157110 70
166015 70
171023 70
103253 64
60684 79
44199 78
2 65
86628 75
59784 73
2918 78
109374 82
4226 86
53129 88
139385 80
47 80
1291 83
19|20
3692 70
3662 47
54 34
2733 38
1702 45
1240 64
1270 64
3712 6
1881 51
216 55
3 50
1834 65
2184 50
3017 65
2044 6
2354 42
2005 61
3146 39
3387 44
2694 52
20|20
1566 73
5419 63
4014 80
2140 77
586 68
661 72
3189 75
5014 82
1333 81
4161 71
3784 62
1030 54
5313 52
2804 84
2054 60
34 80
1097 83
6358 70
4519 70
1722 65
21|20
107013 70
117922 70
140301 70
57640 72
2985 63
2990 61
2717 55
5418 73
31433 58
112175 73
7153 79
30793 59
4446 65
52973 70
45186 67
2023 65
79185 63
1721 67
102125 69
5459 61
22|20
8961 54
2723 48
60950 49
64575 49
1193 58
70286 55
4993 57
2160 59
39183 49
7147 53
3996 55
3481 52
55765 54
48780 54
7361 58
51540 53
6711 58
2968 54
3949 56
48394 52
23|20
6234 70
3996 71
293 74
1206 75
1136 76
1960 68
7587 72
3424 74
3181 80
2467 71
1248 82
1617 75
6807 72
1952 74
6440 72
1258 75
1243 77
1080 72
8228 68
1711 58
24|20
1784 71
2617 61
111759 76
134853 76
58998 73
1265 75
1198 82
3147 80
1197 83
1220 75
2424 62
5418 74
72011 70
54286 71
27773 77
64957 69
356 81
44191 76
1682 73
68358 76
25|6
58559 101
60069 97
74458 97
79132 99
527 103
260 102
26|21
10 70
34 70
47 70
150 70
153 70
165 70
185 70
208 70
225 70
288 70
296 70
300 70
344 70
349 70
356 70
380 70
434 70
454 70
457 70
592 70
593 70
27|20
1196 82
2478 61
2640 75
3508 85
3555 69
1201 84
3519 64
969 79
2080 68
673 61
2886 19
2529 79
1387 82
1101 69
1947 73
1250 82
1276 84
3114 77
1083 62
3809 69
28|20
27450 70
60943 70
61011 70
63033 70
5617 65
59369 60
60046 70
507 53
3300 59
55094 55
59018 70
26695 70
2951 66
3006 62
2231 63
5418 62
26812 49
2058 56
353 62
61167 70
29|17
98961 85
7379 71
1250 87
1201 89
111362 81
48516 89
1100 55
26554 88
3441 69
4327 78
2872 78
2301 79
1617 87
3681 87
55820 83
4223 77
99114 84
30|7
5952 99
108932 91
1200 96
91529 97
116823 91
112852 98
1198 101
31|10
1198 89
1200 85
648 76
1363 67
1073 82
1036 83
1197 90
377 78
1246 83
1270 86
32|20
236 67
314 80
1356 79
357 76
224 76
627 79
1079 84
1084 85
318 91
761 57
1197 88
849 62
912 88
880 57
1198 88
58 85
203 72
608 87
497 80
410 66
33|20
110 83
17 79
2396 79
2272 7
448 77
428 78
265 79
1280 91
1177 87
1617 85
50 88
261 78
11 78
452 54
345 77
608 87
150 78
1188 72
800 83
2690 80
34|18
780 61
2273 61
3717 60
26606 72
45499 64
3996 74
4310 57
3624 61
31685 60
1721 64
5146 60
7090 76
70 66
2006 58
3000 79
4306 73
27728 31
3997 41
35|5
11 95
185 80
595 93
21 83
300 83
36|12
5171 44
3066 62
552 46
4025 44
1262 60
2735 40
2359 52
1372 48
1278 60
2194 57
3347 63
1704 59
37|5
344 72
356 95
661 75
329 76
457 92
38|16
434 59
39 62
223 69
161 69
246 77
168 60
273 53
480 72
356 77
457 74
364 74
50 73
500 64
300 62
551 60
21 62
39|20
2571 86
2391 79
1921 84
1862 43
1219 83
1907 78
2081 78
2459 69
924 83
2529 82
1729 75
47 84
260 88
2080 70
592 72
296 89
3213 83
610 77
589 83
596 73
40|20
440 80
454 79
588 85
339 76
158 63
432 58
431 81
186 62
616 82
514 80
21 80
592 77
1 88
223 86
585 62
216 79
104 77
371 77
111 92
267 68
41|20
96829 73
64839 68
122882 67
6287 53
1569 60
106920 69
86781 79
3160 66
1721 60
2028 71
6763 37
5418 65
53519 56
122904 67
55247 68
924 68
4011 72
2324 74
35836 62
5995 72
42|20
3869 80
4654 64
1021 55
2423 78
3248 44
4477 44
2500 44
1431 57
195 58
3326 79
2407 70
1090 87
2735 61
3693 55
1020 71
4545 73
4132 55
2263 58
3535 85
2805 64
43|20
225 95
296 106
596 94
588 102
587 102
420 77
158 81
631 79
5 84
597 95
168 87
355 66
47 106
367 90
519 66
594 98
236 92
1 106
60 92
259 76
44|10
36 81
663 77
12 50
661 70
94 78
1 82
104 72
112 69
494 76
889 70
45|20
2718 77
1036 88
2028 93
1653 92
1682 86
2396 87
3249 72
261 83
4308 81
329 73
1367 67
2890 82
593 94
1127 83
2431 78
6377 92
569 65
1197 97
1060 82
2858 91
46|9
590 88
588 84
315 67
208 66
1 88
432 65
225 83
434 74
339 84
47|20
508 62
68932 56
72395 65
2420 60
597 59
148626 67
5989 66
96588 65
69122 62
6155 56
4975 57
30749 64
106100 65
45950 61
2028 67
4018 53
1259 67
6373 56
33166 65
2407 54
48|7
4886 88
1320 71
1527 82
1193 93
3793 84
48 72
1653 91
49|5
2028 88
1214 85
139385 84
318 94
527 91
50|20
8143 70
114335 70
136564 70
142074 70
171759 70
175693 70
179073 70
175707 70
71264 56
82848 70
1377 48
44555 63
8157 57
6807 61
95543 50
8253 60
96610 55
924 63
32875 70
4896 55
51|20
7040 70
5620 66
2613 62
4437 91
2023 77
1500 84
522 84
858 98
4508 80
2951 90
1014 84
1407 76
2282 61
2420 82
3388 56
260 95
3186 80
3994 78
3501 53
2371 72
52|20
152081 90
51255 95
74458 94
1923 85
7438 92
40583 83
59784 83
55765 92
112852 96
86892 90
55363 97
112138 86
49272 97
52245 75
69481 95
50794 64
1704 97
54736 88
44665 91
47200 77
53|5
481 84
1100 72
249 112
1125 103
916 118
54|7
296 67
593 68
639 36
1 64
205 51
161 60
500 56
55|5
2407 51
673 45
3275 66
2890 58
4011 66
56|10
786 71
253 78
165 81
110 91
589 86
370 70
434 70
410 69
69 77
185 73
57|20
2140 72
942 87
920 72
3175 70
1784 71
3429 83
933 86
1193 83
3446 31
160 47
1499 36
2640 73
892 73
11 69
2947 74
6 75
2478 60
2291 74
1688 65
2301 74
58|20
588 85
282 74
185 68
419 63
367 72
277 70
48 70
280 86
337 83
345 82
3 73
357 81
527 93
587 80
218 75
500 76
508 83
368 78
364 89
353 84
59|20
1696 44
6460 108
3489 78
1188 78
1222 93
2076 87
3448 83
1263 89
1247 90
527 95
1244 91
904 97
903 92
965 85
2616 67
1953 87
608 94
105 79
912 96
3471 85
60|5
832 66
58559 78
805 71
455 48
858 81
61|8
266 73
1101 72
7438 83
173 56
555 80
2012 73
4878 84
3949 84
62|20
99114 90
176371 83
3793 84
56757 84
73017 85
30793 70
179819 67
68554 74
185135 93
168248 94
5903 87
4878 89
2028 91
5502 73
6058 68
344 70
1721 77
45499 75
41566 78
78105 62
63|20
5669 71
4246 72
48780 77
500 62
6016 80
31658 78
2858 77
64285 78
85414 67
1221 80
106696 71
4963 74
50 82
1097 71
260 79
110 74
1222 78
4979 71
5952 78
77561 67
64|20
5878 87
3101 68
2640 78
2959 91
8784 78
2054 59
4239 79
4025 62
5026 87
40819 82
266 71
2699 61
27266 82
3969 77
1805 61
6296 80
4776 80
3148 80
4262 81
356 84
65|7
1246 84
33660 83
7458 73
2329 88
4993 87
91542 77
3147 86
66|20
593 93
47 89
5418 84
922 95
2139 82
2956 63
3745 77
1956 87
4581 70
5349 80
1210 92
1094 75
2001 73
380 74
6539 87
671 76
1 86
6378 83
7766 95
296 96
67|8
99114 81
4306 79
27193 76
79132 83
60069 81
2012 71
4886 79
4993 84
68|20
47978 70
95218 70
6534 47
48696 65
67267 73
30825 55
1799 64
3556 70
8622 67
4351 64
63113 70
58295 65
7151 66
2413 68
6287 59
653 56
41566 69
5541 56
260 72
48043 62
69|10
4370 79
4848 96
3671 93
2476 90
1193 99
356 99
553 91
4022 89
260 100
3994 84
70|13
1193 91
1097 83
1914 72
1269 87
4995 88
318 95
8949 83
1968 83
1210 89
89492 84
1250 91
1235 92
2366 80
71|7
494 75
647 72
736 72
95 67
733 75
589 80
7 65
72|9
1047 71
150 83
858 92
2490 75
1357 88
260 91
50 92
1198 91
1196 89
73|20
1193 85
45720 77
105037 58
6333 78
59315 80
76293 63
138204 74
2706 72
152081 79
45221 42
68135 71
150 76
8376 67
93510 84
59784 73
116823 79
106072 69
1682 79
52245 66
35836 73
74|20
31522 70
2594 85
2908 86
30749 84
6870 82
3006 82
52281 81
49772 81
55118 92
2997 87
6305 83
608 91
4546 84
41863 89
27773 88
6001 91
1251 96
6552 84
46976 82
44555 91
75|14
5445 66
1240 70
5952 73
2193 62
6870 67
2529 70
168 54
541 74
3176 63
1962 65
2078 68
1889 67
1266 75
1374 68
76|20
48877 51
5956 59
2918 62
58803 60
1247 67
74458 66
7669 71
79132 67
8957 51
858 71
55820 65
1258 67
63436 49
1201 69
1208 69
48 45
288 56
34405 62
1 59
1196 67
77|6
3996 78
4973 86
7361 84
8636 75
3578 81
33794 79
78|13
296 79
165 67
3809 64
589 75
546 41
27904 70
260 79
590 73
480 71
68791 63
344 58
44974 71
380 65
79|13
3266 104
3029 73
589 87
1916 83
307 86
4005 76
260 92
1189 89
1345 78
2000 82
1374 84
2659 70
2076 85
80|20
7445 83
96691 74
84189 70
91630 84
49530 86
8950 91
6539 91
4223 85
5630 79
3527 86
76251 83
80363 62
52604 86
6502 94
34048 76
1221 97
60684 90
6952 66
5989 92
77561 82
81|26
10 70
32 70
47 70
110 70
150 70
153 70
161 70
165 70
208 70
231 70
288 70
296 70
316 70
318 70
329 70
344 70
356 70
364 70
367 70
377 70
380 70
457 70
480 70
588 70
589 70
592 70
82|20
6886 70
2381 51
2378 63
6566 46
368 70
6536 73
3253 73
4310 61
1608 68
1372 66
145 63
356 82
6708 75
1485 64
4369 63
6564 51
6888 43
5803 45
4015 56
364 79
83|20
56367 68
7143 67
7323 65
6539 68
161 64
586 55
2115 65
1270 70
6874 71
2324 73
1537 68
7153 73
68954 71
48774 68
30749 67
8014 75
1222 71
3753 60
1223 77
64983 58
84|20
55 70
987 70
912 85
1096 80
420 57
1227 82
113 53
580 72
5060 80
1293 81
900 72
1097 79
62 74
368 72
1305 74
1247 80
1296 78
11 79
1073 79
1094 68
85|7
1519 70
1624 47
1140 70
1694 50
1643 70
1747 65
1635 76
86|14
4993 87
4310 63
6947 77
2411 60
457 84
5418 80
3996 82
4901 73
1835 72
33794 82
1196 87
3555 73
1097 80
2687 71
87|5
4023 68
2009 76
3504 88
671 75
2139 79
88|12
7312 70
74795 72
4993 90
68157 89
5952 89
1193 91
223 84
8665 83
4262 85
56782 97
8677 44
58559 91
89|104
26645 70
32060 70
44851 70
53280 70
53578 70
67888 70
69211 70
81087 70
84246 70
103602 70
108078 70
109596 70
118894 70
121007 70
128089 70
128944 70
131098 70
131439 70
134847 70
140481 70
146684 70
148632 70
150554 70
164226 70
30793 58
169912 47
87869 66
1923 67
4015 51
950 76
173253 70
2324 79
27826 70
92259 79
11 63
3977 50
86298 55
8154 83
77688 70
2997 75
170837 70
49274 46
157775 70
1 67
142196 70
99117 57
62008 70
72624 70
108156 55
3752 61
2059 56
128520 83
3175 65
133879 70
48649 70
126088 70
5529 46
65588 70
99130 70
40962 53
1732 75
68659 63
91666 70
2683 62
3751 65
750 81
6650 9
149508 70
2395 64
51575 48
65230 61
171751 70
85881 74
139157 70
6863 61
4246 68
108949 61
1230 76
160567 77
73319 64
177185 70
130520 59
5220 52
121338 70
153386 70
50872 68
149566 70
145491 70
4890 58
129354 55
32243 70
84944 68
6402 70
1288 74
140133 70
119141 65
947 83
176621 70
4973 79
158398 70
69469 70
54503 73
141928 70
102481 67
90|11
1137 70
1144 70
581 96
81 70
892 82
1073 86
116 70
896 7
17 84
7 62
613 67
91|20
3013 70
6395 70
8147 70
7153 82
3360 75
2791 76
3897 78
1080 78
4850 53
3429 82
7000 64
2060 65
2916 71
1391 60
2100 60
318 84
2146 69
1225 83
1246 78
8501 71
92|5
2572 84
2114 86
1015 72
2454 77
1801 83
93|20
736 83
1917 75
552 81
1721 87
539 90
480 97
1372 82
368 89
2355 90
1923 90
2193 87
2006 78
339 88
1097 96
1591 69
260 106
2968 95
1676 85
593 107
558 75
94|12
231 54
377 67
367 60
364 72
288 53
19 50
10 62
586 56
590 69
380 64
589 69
318 75
95|20
18 85
4878 89
6979 78
4732 46
3019 91
5246 40
32 91
2952 81
1247 90
1198 95
5283 69
3361 83
1513 66
2009 78
539 78
122 60
1584 83
1240 88
4262 87
5349 80
96|16
527 87
1094 69
272 79
3819 92
150 80
2021 74
2571 85
1214 81
2058 69
1220 79
733 75
2340 64
1721 71
2396 79
367 68
1291 85
97|8
4701 75
4306 90
3578 93
4993 95
4963 89
4299 77
3981 55
4161 76
98|19
81845 84
8961 81
122912 81
5299 66
63992 53
187541 63
56152 76
134853 82
69644 59
6863 70
5618 87
56801 54
3499 82
134130 82
74789 63
82461 67
1258 86
88810 84
79132 86
99|11
318 105
161 92
420 70
592 80
196 66
122 67
145 76
150 96
316 80
236 84
588 92
100|20
497 82
296 90
1393 77
95 63
592 74
605 60
6059 74
28 91
2245 69
62 77
4308 77
1777 74
838 84
2125 80
1288 89
234 53
1197 91
2005 80
4014 80
4623 74
101|13
2580 82
3285 60
2723 69
2700 79
2908 80
2390 88
3175 73
2395 73
358 57
2702 63
3394 56
2997 82
2502 84
102|12
158 57
588 73
150 75
592 65
253 70
480 74
344 61
539 69
553 72
593 81
586 61
223 74
103|20
86014 70
1954 84
60040 69
1968 82
77206 70
2161 78
1732 88
81834 83
608 92
2384 64
4254 45
104 72
139642 54
56782 92
2096 73
101 85
6534 57
374 49
60069 83
30793 67
104|20
4740 70
743 49
5218 74
8643 67
1288 84
47997 73
468 66
76251 72
8533 73
4018 63
38038 79
1566 71
7361 86
6060 46
3034 71
1641 76
4641 73
108190 57
616 73
7034 78
105|20
4788 70
69685 70
95311 70
95313 70
110586 70
141816 70
141818 70
170597 70
172587 70
172793 70
173351 70
173535 70
6433 58
4974 58
70286 85
108981 70
95175 70
69122 81
1243 89
3916 79
106|7
69844 91
72998 85
59501 82
86880 80
5349 85
53125 80
59784 82
107|7
231 68
253 77
590 87
165 83
434 75
208 66
318 94
108|16
800 89
6022 65
4995 90
2585 87
5316 69
4975 77
3978 68
5349 79
2926 78
4246 83
4878 89
4994 79
1968 85
1684 68
497 85
5380 88
109|20
380 65
1033 64
231 57
364 74
589 72
480 70
62 68
31 61
587 68
1032 63
586 58
778 72
540 51
256 53
163 65
252 64
223 71
553 69
537 61
168 59
110|11
26171 12
2468 50
1198 84
1089 85
1222 83
1208 87
4881 80
47 80
527 85
1193 85
2428 52
111|20
100194 70
162602 70
171251 70
2145 68
96588 77
65088 71
66203 59
84772 70
2081 73
91529 80
6365 68
45666 48
3255 70
1282 75
6539 78
86833 75
122882 79
59143 79
86911 63
5283 62
112|13
788 52
161 72
1917 61
16 79
21 73
208 57
434 56
39 66
3717 65
19 54
110 78
32 80
70286 81
113|20
4083 70
39 66
3168 71
932 92
2331 55
3359 82
1086 82
3504 84
1339 70
904 88
3546 70
4063 42
4062 63
1077 78
1589 71
2475 72
3831 79
46 60
1733 95
4007 76
114|7
141718 70
54001 68
2291 65
167732 70
122886 65
8961 66
3147 70
115|20
1580 73
2804 83
1387 85
2792 68
3146 50
3273 55
3052 77
2841 73
2719 45
595 76
2700 82
383 66
2027 42
2148 63
2770 62
3785 61
2916 77
3175 75
588 80
1377 65
116|18
2716 72
858 78
1299 73
62383 57
1339 64
1276 78
597 69
1029 63
1101 65
2797 70
2657 64
1961 73
1407 62
5995 75
1704 76
165 70
2115 71
8360 68
117|20
708 66
587 72
589 76
151 71
36 75
1036 74
595 73
288 60
596 68
48 62
315 57
454 72
353 71
474 72
10 67
60 66
805 71
491 64
616 70
485 59
118|5
1221 79
1625 69
153 52
1961 73
1810 65
119|20
95441 73
117176 90
1092 74
91529 93
74458 92
4387 86
79132 95
168252 95
44022 76
78499 95
122904 90
106782 92
442 69
4993 95
31685 74
6365 78
141004 49
4148 70
88744 85
8644 80
120|5
260 79
32 76
5 57
631 54
52 69
121|12
497 69
440 66
161 68
527 75
292 65
344 58
186 53
316 61
1 72
19 51
163 62
337 67
122|20
27660 88
69784 86
7022 97
148652 73
4816 87
56174 84
94959 94
81591 87
71535 91
30810 85
2997 97
1732 98
108932 91
780 82
1090 96
3253 88
106782 99
72226 101
1200 98
1214 96
123|12
68554 68
115569 85
79132 84
109487 82
1196 84
4226 85
296 86
7153 85
143458 70
47 82
96829 85
2858 82
124|10
56145 81
2161 77
260 90
175 89
1358 81
6377 86
4226 90
3147 89
608 90
1223 96
125|20
5088 70
86721 70
110330 70
54503 82
72011 77
162578 88
119145 82
176371 77
55247 81
1240 82
86332 74
68157 86
112623 81
4082 41
160567 88
3342 75
109487 83
88140 75
98607 70
81562 76
126|8
364 74
349 67
231 55
380 67
410 57
300 61
253 63
457 75
127|5
2915 55
903 63
55276 62
5060 61
272 60
128|7
904 91
965 80
926 89
1066 93
1721 73
1080 83
1198 89
129|20
4370 71
480 81
3698 72
2692 86
2138 86
1968 81
8368 87
653 67
7143 83
316 71
6874 87
239 68
2916 78
733 78
4896 84
2028 87
3977 60
3000 89
1907 81
31658 87
130|6
208 57
316 64
292 70
110 81
590 75
296 74
131|14
2273 57
6947 64
58559 73
908 74
4878 71
89745 68
7256 71
68237 72
2722 50
2028 72
48516 75
3178 64
64614 70
969 71
132|20
6251 70
3275 69
4995 67
2987 59
7444 55
3262 57
4168 58
31658 67
44191 65
1089 68
3967 65
5502 55
50 70
58559 68
5992 63
2108 57
1844 67
2657 56
47 66
2470 53
133|7
454 58
356 67
589 64
150 61
153 48
380 56
527 68
134|7
442 68
595 80
349 76
380 75
367 70
509 71
296 81
135|20
592 72
4084 58
893 62
3994 73
2004 72
608 88
1358 79
3852 72
3489 73
1614 61
1198 88
4128 77
1883 65
2302 68
1291 86
410 66
1261 88
4022 77
4881 83
1077 82
136|20
161 78
193 50
585 60
338 61
277 70
380 75
181 48
337 74
437 53
165 76
611 59
151 76
340 69
252 73
432 62
552 66
350 78
280 78
273 59
150 83
137|20
6787 81
2716 77
1198 85
750 88
919 78
1270 80
318 88
150 74
2997 81
1200 81
6986 70
7153 83
1242 83
110 79
33493 72
1197 86
2959 87
1237 89
903 82
7762 84
138|5
2707 69
1960 75
1959 75
849 59
3996 77
139|20
4025 38
7445 44
60684 47
4865 43
68319 38
7090 48
5502 40
260 49
8371 39
53953 38
58025 37
106782 47
6957 40
7163 35
3827 37
3624 39
52722 38
54259 44
4367 38
115617 49
140|20
5699 70
5299 61
1393 70
356 84
609 64
32596 62
4795 66
34072 69
1617 79
5256 45
5943 51
1084 80
4337 70
3108 75
43396 75
4719 55
1005 46
4321 66
5812 75
4259 70
141|20
5418 73
54503 74
4963 75
2478 60
71535 72
317 60
68954 78
54286 71
6365 65
54272 70
4447 64
5502 63
6377 77
6373 65
1265 74
91529 77
2502 78
441 74
1517 67
48516 81
142|8
434 65
384 71
588 79
50 85
527 86
356 87
337 76
377 76
143|15
1721 64
61250 50
6942 70
7169 66
8533 66
106696 68
3421 68
87232 70
78316 62
69069 66
59421 53
2144 68
96821 71
7173 55
500 63
144|20
589 79
541 82
8368 80
597 72
590 77
410 64
1246 80
527 85
356 83
500 68
19 55
2700 77
434 60
733 72
780 69
1036 78
5377 77
552 64
586 63
2081 75
145|5
344 60
339 67
380 67
318 82
588 72
146|7
7293 67
3257 56
32 74
1367 56
3686 54
410 59
47610 68
147|5
1234 79
168 59
552 62
555 74
2395 68
148|10
88125 73
5618 78
108932 72
81847 74
72998 68
5816 71
8368 77
7153 79
81834 76
4993 78
149|12
1097 62
1374 62
1831 39
1527 59
260 68
173 45
1206 66
1200 65
2021 58
1580 57
1391 50
1375 54
150|6
3 69
1356 77
5 64
95 65
733 74
1073 77
151|12
786 75
562 82
780 85
837 77
747 72
1265 87
828 77
1073 88
1 92
648 83
1393 82
1359 64
152|13
50 85
2959 87
116897 83
89492 77
1193 83
69481 80
85774 73
115713 78
111 82
92259 86
1234 80
79132 82
318 88
153|20
134853 46
1732 49
8533 43
4014 44
81456 40
106782 48
8528 45
6863 41
87194 39
2617 36
1246 47
106100 47
1954 47
7458 42
4226 51
89904 47
72998 42
133780 70
586 35
36535 45
154|7
114662 84
119145 91
81834 95
122904 92
106072 79
76093 94
77561 83
155|10
153 58
3286 37
1200 85
260 88
141 71
2355 76
2384 62
2948 80
432 52
2959 92
156|20
26313 70
31038 70
1230 82
1711 63
3341 82
6296 75
762 46
2361 57
2076 78
4784 60
661 67
2926 71
8571 70
47 78
3176 69
58 80
848 61
866 83
1485 60
923 81
157|5
785 65
3617 60
2720 40
2770 56
527 81
158|6
1093 71
2605 65
2872 77
2723 70
2428 54
66320 70
159|20
2959 79
60069 74
45720 68
597 66
4022 69
89864 68
49286 65
140110 66
84954 59
4447 62
1197 78
68954 75
6942 70
1961 71
106696 68
480 68
539 65
166643 66
40819 72
63082 74
160|20
126 32
1371 53
1198 72
196 40
3408 59
5349 60
3213 68
2408 43
839 50
3593 22
2748 28
533 51
1975 45
1676 57
3745 59
2011 57
733 57
3826 41
778 70
2840 46
161|8
4980 63
7247 75
47610 76
1223 92
38038 82
3429 90
2144 77
2336 78
162|8
150 92
225 80
168 75
50 101
300 84
266 84
31 79
62 87
163|5
1608 59
1810 61
1747 58
1777 61
1837 45
164|8
1036 89
2916 83
110 93
589 91
3527 85
1101 78
1201 95
2167 75
165|13
2353 66
3624 62
110 79
5505 66
5527 70
3256 69
5956 68
5418 73
5530 47
5450 68
1127 71
3409 57
5881 65
166|20
33794 84
1721 74
4011 90
5378 66
3481 81
49530 79
2353 73
47644 64
54272 79
8961 83
1198 90
2542 87
1036 83
608 88
434 62
5219 66
5418 82
2396 82
349 74
2324 90
167|20
33493 69
4886 73
778 77
3052 69
7147 74
6857 73
45501 56
6480 70
1682 72
2231 74
784 53
33794 74
2083 73
2413 69
6333 71
8961 73
2139 69
150 69
6773 73
35836 67
168|19
3730 95
1248 101
1201 94
1089 94
296 96
923 89
1222 92
5291 85
3543 86
1302 80
3362 87
1148 93
3101 72
57669 93
2076 87
1729 80
908 93
85354 63
80463 88
169|20
3536 82
2028 99
364 99
953 99
4886 95
5400 72
8644 83
524 85
2795 91
1022 87
3114 93
3967 96
1517 85
1035 98
8641 91
6365 81
661 82
457 98
3287 68
1416 84
170|10
318 79
296 71
586 59
377 69
34 69
592 61
277 62
500 65
266 65
588 70
171|17
485 75
1220 92
1025 91
801 70
1259 97
1079 97
828 79
317 77
869 95
380 83
1136 100
1225 101
661 81
318 106
47 97
1198 101
1208 105
172|6
3087 64
3578 80
7438 78
2072 58
3793 74
2762 77
173|5
10 67
329 64
586 60
597 68
588 73
174|14
553 75
520 64
224 68
648 74
161 78
317 70
158 64
780 78
315 61
485 63
282 68
440 75
350 76
10 72
175|5
531 73
8911 70
43904 36
38388 86
8362 59
176|8
165 81
434 71
39 75
368 77
380 79
780 81
47 87
471 76
177|20
42002 61
91542 73
6332 48
3668 74
45672 58
783 61
27706 63
2657 65
114662 70
1206 78
83132 78
5218 72
508 71
3114 74
1321 66
2176 75
8798 75
88140 69
2012 67
339 61
178|16
7361 91
527 91
2329 90
5995 88
6502 86
4235 88
1198 91
208 62
6539 83
296 91
349 76
10 75
4226 89
1240 84
2579 84
318 95
179|14
367 73
589 84
161 81
231 66
288 65
743 56
1061 79
317 73
786 72
592 71
671 73
296 82
434 71
364 88
180|5
1261 81
260 81
1748 76
1242 79
2140 70
181|20
157 54
593 72
596 62
353 62
539 67
516 67
132 58
169 43
25 63
31 59
542 52
6 66
707 53
185 67
464 49
502 51
415 57
480 74
592 57
344 59
182|20
4879 70
6969 70
3911 74
2728 76
4313 68
8042 95
1291 81
3113 60
3578 79
1590 60
161 71
4452 46
224 73
4980 61
4262 78
2353 66
2890 72
1127 72
541 83
6041 76
183|12
480 81
380 74
1196 83
2951 81
2534 38
4085 70
1287 78
2194 79
3247 62
1233 85
2662 70
1408 77
184|20
158035 70
181413 70
193565 70
97304 83
74754 60
168250 78
191005 70
106072 70
166291 81
127152 89
86332 76
80463 84
5816 78
122898 63
81845 85
5810 72
170813 58
174479 70
112852 85
148626 85
185|10
1685 70
2396 75
5377 76
1721 67
5952 80
1393 70
595 71
2085 66
4995 80
899 81
186|20
2605 72
1214 90
1291 94
3745 78
1269 91
2527 79
2532 66
4361 87
1307 89
2968 87
4306 90
2541 78
1702 64
480 88
1097 88
3977 64
919 88
3527 86
593 97
1196 94
187|20
26122 70
3949 79
49272 77
231 58
1206 82
6874 80
1729 70
1209 82
48394 73
6502 78
2701 43
4027 77
288 67
2542 79
7153 80
39427 51
6890 77
1222 81
8949 75
1748 77
188|10
2346 75
1212 97
594 86
1282 90
3469 84
2396 89
1091 57
3341 96
1264 98
2206 93
189|5
48516 85
4993 83
79132 82
2959 87
58559 83
190|14
6711 84
4776 77
8784 75
4995 82
5630 69
4306 79
30749 78
1221 85
4975 70
8961 78
858 86
8464 74
69844 77
7438 79
191|17
496 70
21 80
72 70
175 89
494 75
417 86
17 83
6 84
85 87
292 68
314 79
58 88
235 79
213 64
161 75
160 54
162 93
192|5
356 91
288 62
316 71
349 79
432 63
193|7
44555 75
55442 74
4878 73
6016 76
307 71
1270 72
5618 75
194|5
163 72
1396 70
1500 74
1288 82
5060 77
195|20
3424 78
2770 56
1041 88
1653 78
1923 70
3160 72
4723 45
1863 49
2336 73
2166 49
4308 70
1909 66
260 81
2028 80
3252 73
2908 75
1392 65
1365 66
70 68
190 48
196|7
70286 79
3578 82
59315 75
58559 83
364 83
1214 78
110 85
197|7
1513 61
1240 81
1882 44
786 63
2167 68
153 60
1784 76
198|20
3894 70
3499 77
920 71
1213 80
3949 76
1994 69
1485 62
2572 71
4019 72
1089 81
110 81
593 82
4128 72
1270 79
4886 76
1079 77
2117 73
912 81
1573 66
1682 73
199|20
5464 67
2165 73
2280 49
736 50
5673 71
349 61
5502 61
482 73
8532 70
1172 77
300 64
50068 71
4881 74
3175 66
7445 65
2973 75
34338 66
41997 70
1956 73
377 60
200|20
3809 74
7022 85
50802 54
3968 66
2485 62
500 73
5610 46
590 82
1029 72
53996 75
2572 80
4993 89
4041 75
57640 82
1302 78
1784 79
6383 53
1653 87
1569 75
1517 75
201|20
1748 91
1527 84
1584 86
2858 93
339 80
589 93
2717 69
994 96
788 66
1196 95
2797 87
733 84
1259 93
2174 83
1198 98
2455 82
1569 79
1213 97
160 68
24 77
202|20
3329 70
924 83
29 83
2289 82
1197 88
1196 86
2966 80
161 73
608 88
1209 86
1296 82
3194 74
1784 75
469 78
923 84
2000 77
1587 69
1719 93
3147 85
32 83
203|9
56174 73
8665 79
2407 68
5952 85
590 81
49272 85
40815 79
333 79
296 88
204|17
1136 89
3949 85
33794 84
48394 81
27075 70
1080 85
79008 89
6104 92
8874 87
81591 77
4878 86
91658 77
711 63
2313 80
86320 78
55820 84
5218 78
205|6
912 84
99114 80
91542 73
5816 74
95167 70
96079 77
206|5
36 87
608 92
733 80
140 72
141 78
207|5
2991 62
2428 44
2707 58
3740 68
100 50
208|6
1210 78
2628 59
380 64
2353 63
2278 67
2762 73
209|7
60684 81
1291 87
68157 86
74458 85
185029 87
122886 80
88125 80
210|20
123553 70
34405 93
166203 70
3147 94
31696 75
7649 66
58559 96
2105 74
6365 79
34397 70
4625 49
84772 78
122926 94
76093 91
62836 70
33493 83
1584 84
47610 84
108932 86
122918 89
211|18
58559 86
63113 73
90405 67
57669 87
60684 79
7153 86
73017 79
2105 68
4367 62
356 86
2642 48
1556 36
318 92
44665 80
85414 73
1198 87
1136 86
260 87
212|20
170697 69
122920 70
122892 68
2571 77
5218 69
48394 71
3578 75
1196 77
135143 69
74795 62
179401 61
79132 77
77800 79
108932 72
110102 74
96821 75
8874 76
65261 77
59784 67
2291 71
213|17
3285 66
87520 50
80363 58
76251 79
8957 69
2860 57
1234 88
5419 68
51935 84
69844 84
39446 60
4132 54
858 93
69526 55
4558 59
49530 81
58559 91
214|5
83 70
628 59
743 40
1363 51
802 55
215|20
1172 85
4973 87
63082 82
1291 83
2028 83
3252 76
3210 71
1968 77
1247 81
49272 83
1089 85
72407 56
5650 75
318 89
1208 87
2000 75
1197 87
1196 83
1297 73
4019 77
216|20
104 65
21 71
3996 76
3946 51
2946 64
3993 66
3897 76
2599 73
34 69
3994 67
4034 78
3363 76
1965 71
3422 64
3555 66
3253 70
2087 71
3986 55
2018 68
1923 70
217|20
1867 70
3434 70
1275 68
2468 43
3197 51
1912 67
2302 56
1876 52
380 60
1221 72
2471 47
1918 52
1385 48
3165 66
1590 51
1562 39
1703 53
2056 70
1831 41
160 51
218|6
2657 63
2692 73
1380 60
1198 77
6934 56
5349 65
219|20
60072 58
2115 69
59315 69
6539 72
442 55
30707 73
1704 76
180 65
1219 75
1005 43
27773 74
56156 59
6188 67
6721 61
30825 58
2997 75
1552 56
1500 70
2890 68
1921 76
220|20
3996 85
733 79
1198 93
3994 76
6539 85
1258 90
1917 65
4545 73
33794 86
165 79
71264 82
4623 75
53464 53
5218 81
6365 74
3751 77
32 88
1036 86
5502 71
1591 61
221|20
4338 70
7013 88
8529 71
1080 85
3246 87
2871 84
1208 94
7063 92
2702 66
4029 85
5954 83
2352 80
922 91
2997 87
1278 88
2858 88
1212 90
1959 80
1961 83
3671 83
222|20
81831 70
100498 40
48516 75
1249 75
99813 74
91529 71
59900 51
93287 71
1721 62
2706 62
3273 47
2411 51
64622 67
7143 69
87869 65
778 72
30825 56
42011 42
673 53
64839 69
223|15
55854 70
6711 71
1 66
736 52
1961 66
457 67
2716 65
48394 64
608 70
8784 64
48516 73
3863 53
4306 67
260 71
2683 55
224|11
3496 70
3044 80
356 90
2915 77
289 69
3668 83
1270 88
2797 83
1721 76
2716 84
1259 89
225|15
2423 78
1285 80
588 83
1717 63
2791 84
1321 73
1136 88
1197 92
1753 79
2004 74
2371 68
1407 72
785 73
1060 79
3024 63
226|20
6938 70
32666 70
3552 78
542 52
1240 80
3098 76
2804 81
3668 77
3653 80
2231 80
145 64
2253 51
3052 74
2628 64
762 52
53129 88
4816 74
16 81
2144 76
46948 65
227|19
46976 80
52319 80
81845 86
109487 85
134130 83
215 84
48738 85
47099 82
1196 87
32587 83
912 90
55721 89
1682 80
750 92
778 86
40629 78
97913 80
70286 84
150 78
228|5
2571 89
1373 61
362 77
318 95
3113 64
229|13
34 79
589 82
377 79
45 73
587 81
5 67
475 88
442 69
597 75
364 86
213 57
110 88
527 86
230|20
34330 70
52715 70
47 66
7438 62
527 68
3147 68
45499 58
6537 52
2291 62
1387 64
6863 57
1485 52
595 60
4022 62
2096 56
588 62
4034 66
1676 55
8644 58
2641 50
231|5
92259 87
858 87
593 86
1198 86
109487 82
232|20
31867 70
41769 70
57526 70
70336 50
8644 69
1586 57
44972 45
4019 75
43928 37
30883 30
65802 57
8376 64
39292 75
1035 77
66198 63
66097 74
32011 44
6564 51
7451 77
33164 37
233|20
48394 65
3751 61
48516 73
1721 60
356 71
106100 67
162600 62
608 72
7153 72
134214 61
57669 72
122920 63
2329 72
4239 66
7371 72
3977 48
3147 71
3948 58
49272 70
5418 65
234|20
2616 66
2140 78
172 60
126 46
1562 50
4519 72
153 64
2710 60
3624 69
3483 69
1391 68
438 65
1460 77
2987 78
65 53
260 91
1359 59
3175 77
588 84
2080 74
235|13
480 76
736 66
500 68
454 73
592 66
235 69
595 75
32 78
527 81
648 69
223 75
588 75
377 72
236|30
1214 70
1278 70
1345 70
1350 70
1387 70
1388 70
1982 70
1997 70
1998 70
2447 70
2459 70
2490 70
2496 70
2502 70
2505 70
2542 70
2572 70
2580 70
2596 70
2598 70
2606 70
2657 70
2683 70
2694 70
2718 70
2770 70
2806 70
2858 70
3024 70
3052 70
237|10
32 70
4254 38
94959 67
293 71
1371 54
1193 72
7361 74
7980 70
43936 53
1374 67
238|9
4954 76
3528 76
4265 60
4901 72
4238 68
593 87
4499 84
4957 48
1193 86
239|20
58559 91
5459 66
4085 75
380 75
95 61
7445 78
608 89
7147 85
6378 81
2115 80
4896 84
36529 80
3994 78
33679 73
47 88
590 83
4022 81
208 63
733 78
51662 81
240|20
368 82
543 77
480 93
367 79
810 58
500 83
546 49
110 98
173 66
1 92
542 65
104 81
34 88
174 67
204 58
225 86
383 71
262 91
434 77
420 68
241|16
81786 70
71899 88
527 87
1206 84
1193 86
99114 82
100714 36
8981 77
53123 85
116897 85
56367 79
3910 80
106782 83
115569 85
4235 84
48780 82
242|7
39 68
380 70
231 62
457 80
592 69
454 73
111 81
243|8
112 80
353 87
62 91
588 91
193 58
586 76
181 53
376 77
244|19
3090 91
1049 70
110 82
257 67
165 73
151 75
1090 81
3755 66
2278 74
648 71
1580 72
1957 80
1610 79
1196 85
3256 73
1573 70
1242 85
3753 71
2243 71
245|5
3196 58
2739 59
3114 55
3274 49
1361 56
246|20
1304 92
616 81
1680 84
6016 95
3081 78
44191 91
60684 88
4973 97
1732 91
1298 82
53125 78
2291 86
2692 91
293 93
4011 95
5013 88
60069 92
48082 90
82202 62
95167 81
247|20
48516 80
593 79
2858 76
49272 78
1961 73
44191 75
527 80
116797 76
68358 75
122886 72
480 70
223 72
1265 73
2078 71
1198 79
1682 72
6377 76
1089 79
953 77
919 72
248|11
4886 77
1198 83
166528 78
176371 73
316 65
147374 66
102903 67
189333 74
122912 77
58559 83
5218 73
249|20
110350 70
102903 74
2167 72
94959 86
84601 72
2395 76
97306 75
3408 77
89047 70
91500 76
91542 80
40815 82
69844 84
904 93
46723 77
3826 55
68791 75
88812 66
67695 72
50 93
250|6
1282 89
2407 75
318 102
1597 73
1246 92
8880 79
251|5
142115 99
293 94
356 96
318 102
1089 98
252|8
164179 84
89745 85
6377 87
164909 82
1682 82
166643 78
143355 73
78499 90
253|10
44555 94
916 96
608 94
2300 89
7099 89
4217 89
26366 70
1192 101
4642 98
3363 88
254|20
46578 85
44195 86
207 75
49278 73
6333 78
780 71
110 84
1210 87
49272 85
27846 85
32587 82
2571 87
44929 84
47 84
293 85
1580 73
5995 86
32 84
592 72
48394 79
255|9
1270 57
4467 55
2023 49
3501 34
1663 52
1394 55
3392 43
2542 56
2915 49
256|20
3247 69
88744 83
377 83
4973 96
53972 76
118696 76
95441 70
104841 85
71535 83
2953 60
81229 76
53121 62
30707 87
2571 93
68791 76
170 77
6942 85
90405 72
6537 70
33493 81
257|5
1500 75
594 74
2502 82
494 74
2406 70
258|5
4995 85
7147 81
72641 78
76093 81
47099 80
259|6
508 67
5945 59
1784 67
4886 70
1356 68
1584 66
260|20
7361 81
3556 71
162 83
903 79
5690 83
6337 72
4878 77
5617 78
342 66
5219 58
2997 77
8011 78
1206 79
3317 76
6709 61
8874 77
2348 72
3822 76
2959 85
8645 78
261|11
3897 80
16 81
2060 69
296 87
2723 69
1682 77
4085 72
2194 81
7361 87
4238 67
58559 85
262|12
708 61
539 62
457 70
322 63
339 61
85 70
26 68
17 67
213 51
273 51
593 75
728 61
263|20
223 79
150 79
500 70
2987 73
2953 53
110 84
4226 85
8370 80
1197 87
7458 71
708 71
1111 82
2125 76
6942 77
5013 79
163 74
457 82
8636 77
1967 80
2085 69
264|12
7841 87
1376 68
151 70
5816 72
1907 73
1320 61
1917 58
150 72
3578 78
1090 77
253 72
1876 59
265|20
3807 70
316 63
253 70
1302 67
724 59
1240 73
3504 75
230 65
3831 72
1956 73
3098 69
529 73
1270 76
3791 60
1177 78
2322 62
1488 62
2474 65
1198 80
1962 68
266|20
476 70
2812 70
2700 76
2278 70
24 63
2770 58
2702 60
64 45
1405 55
2580 78
1527 72
2167 64
457 76
1580 68
2300 78
1923 71
2094 64
132 62
2571 81
2097 58
267|12
2858 89
593 95
1175 91
3006 83
1302 80
3999 56
3113 66
1093 76
589 89
2571 92
923 88
3996 86
268|20
1641 70
587 64
1125 69
1911 53
2802 56
1036 73
1370 64
50 80
2064 74
1784 68
1912 73
1966 69
454 63
1234 76
2247 57
1394 75
2829 60
802 62
260 78
2858 76
269|6
724 67
743 55
95 68
1 85
63 64
648 77
270|8
661 58
62 65
79 50
628 62
14 61
1356 67
141 63
25 63
271|9
3897 69
32 72
2791 69
969 71
6787 72
2858 72
55765 69
1320 57
2288 69
272|7
177765 70
1240 73
51662 70
122922 71
49272 77
158238 69
6365 63
273|11
440 84
593 99
500 80
608 97
223 90
111 96
150 90
21 84
466 66
235 84
520 76
274|20
50147 70
2947 74
3037 83
1645 68
4951 68
2036 50
1359 54
35957 64
553 74
76293 61
3918 68
1503 50
45431 65
4816 70
54999 67
5667 70
4876 46
56805 68
1921 78
54004 69
275|20
1784 79
2289 86
5884 70
1171 77
357 79
1912 85
2539 69
235 79
4886 83
2572 78
2355 78
3253 79
1192 97
926 92
111 91
2100 68
3089 91
1393 77
1719 98
1392 74
276|9
673 77
356 108
466 73
104 88
631 74
648 90
2 92
1367 78
344 80
277|6
637 72
736 73
656 62
1 90
780 79
260 96
278|5
2371 69
1347 70
4002 81
318 96
2369 60
279|20
134130 75
1101 65
166528 75
90405 62
61132 67
79132 78
56782 85
97913 72
1608 64
4226 80
59315 72
88129 70
54286 71
1258 79
8665 72
58559 80
4993 79
8376 62
107406 67
1200 77
280|20
92535 95
344 66
262 86
3146 52
4239 83
4447 72
8638 84
919 84
72641 84
86817 57
8368 88
49530 81
6863 74
35836 78
55052 78
54503 86
4246 83
48516 93
1911 63
3916 81
281|5
46578 72
8361 55
35836 63
3897 70
3861 55
282|20
5995 89
3977 60
3263 68
25 79
6708 79
2683 70
4718 66
6711 90
5481 63
6863 73
5669 81
3752 70
588 82
80463 85
1921 87
1193 90
4369 66
48322 95
1194 82
784 61
283|7
1580 64
39 62
1704 74
356 76
586 57
2082 51
805 67
284|18
474 83
173 62
2 81
296 87
15 68
348 77
248 68
318 96
47 87
353 82
275 39
44 57
339 80
367 74
276 74
165 81
637 70
235 77
285|8
1193 82
949 77
1247 78
6978 58
113207 70
4447 63
441 76
296 83
286|20
454 75
778 82
5989 80
1333 77
165 74
500 71
7438 80
2294 64
4993 84
4995 83
7361 85
70 72
4980 62
1258 84
4963 78
1097 78
4848 81
539 73
377 74
110 84
287|20
3160 60
3578 62
223 60
2633 60
1059 58
586 47
3005 44
532 46
1193 66
2599 59
2028 64
1485 48
3826 38
2081 57
8949 60
2012 53
101 63
4034 63
2422 29
2115 57
288|20
4473 70
4966 70
1008 70
2867 69
42015 61
141 62
2571 76
13 65
53519 60
2407 60
5418 70
3916 68
2347 42
2528 59
30810 65
575 52
32587 73
587 61
2517 53
8361 57
289|24
3 70
16 70
235 70
266 70
594 70
708 70
750 70
1080 70
1101 70
1208 70
1220 70
1258 70
1917 70
2012 70
2174 70
2710 70
2797 70
4322 70
6125 70
6327 70
6453 70
7025 70
7028 70
26704 70
290|20
1228 90
1299 86
2494 86
2739 88
608 91
2130 79
908 92
341 70
1447 79
342 73
1056 71
1719 98
953 88
928 89
1394 88
2648 75
475 94
2731 87
1357 88
2385 50
291|7
40815 92
122892 86
106489 79
134853 94
7153 100
88125 92
1 94
292|20
520 63
103339 58
122900 72
4896 76
2291 72
474 71
85056 61
46972 63
95167 70
164909 74
3176 67
3476 68
1608 65
31221 41
1101 66
3985 65
3984 69
1017 65
69844 76
231 59
293|5
1682 59
1673 63
344 50
1617 64
1097 60
294|20
416 36
3869 60
1064 52
2794 47
610 57
2133 54
1391 51
3868 58
1129 57
520 53
3387 44
355 33
2378 52
3693 41
785 53
2193 56
2367 50
2458 49
348 63
3501 39
295|9
1221 84
3198 78
1287 78
1213 83
4351 66
1198 83
858 85
318 87
2329 83
296|6
160848 70
2028 85
169034 70
4144 85
50 89
2324 88
297|15
832 49
543 54
1645 55
111 65
454 49
1089 66
6 60
1249 65
1047 50
1370 53
1488 52
150 54
170 54
1092 51
866 66
298|20
57640 53
95510 47
6811 42
8370 54
8807 50
63131 47
6881 49
3785 42
122900 50
103042 44
6294 32
2167 47
2005 54
6006 44
653 46
55995 36
3018 49
69757 51
103772 48
3825 40
299|5
3793 81
1387 88
188 77
1198 91
1214 85
300|32
318 70
356 70
527 70
593 70
1172 70
1704 70
2028 70
2324 70
2329 70
2571 70
2762 70
2858 70
2959 70
4848 70
4973 70
5995 70
6016 70
6711 70
7361 70
8950 70
48394 70
56174 70
63082 70
79132 70
81591 70
92259 70
99114 70
109487 70
112183 70
112290 70
112552 70
112556 70
301|20
21 68
357 68
2490 65
6711 78
589 74
8949 72
837 64
3948 64
364 74
527 80
5989 75
4963 73
608 78
292 63
3578 76
3897 74
4226 79
3753 65
1393 67
1792 59
302|7
480 83
14 79
3 73
25 81
648 77
707 66
110 89
303|11
5378 62
3703 79
1127 74
5544 79
1196 83
3471 76
1580 71
1394 80
2683 65
920 74
1358 76
304|20
314 85
2571 90
2433 64
10 77
1376 76
480 84
1373 62
1777 75
1270 88
1517 76
151 81
356 92
208 64
474 82
1214 85
1375 73
640 61
1722 67
185 68
2701 49
305|20
74624 70
140627 70
87869 79
919 83
1197 92
106100 85
138210 77
788 58
7482 83
80590 63
103075 75
903 88
6537 67
93840 84
54736 81
592 75
2288 85
58803 79
55276 86
1272 89
306|20
5784 41
68954 76
69644 53
6377 76
95543 61
81847 72
111743 58
85367 67
168418 75
167018 68
72998 67
122904 73
69406 64
85788 47
4963 72
115664 68
134368 66
112852 75
161634 61
133419 64
307|20
2190 70
4181 70
31424 70
49314 70
5010 66
7845 55
3392 52
1220 63
6793 31
6483 17
2332 23
56003 45
1991 47
3273 43
4876 42
3421 64
1409 44
413 46
4447 55
52867 70
308|20
2959 53
45517 47
96821 50
72998 48
318 56
2 43
904 55
589 48
8961 50
56152 48
56367 51
5618 52
36 47
410 41
79132 53
4993 54
8464 48
1221 50
2248 47
6 50
309|20
2202 85
1645 68
898 87
1682 73
296 82
1089 81
1269 77
7153 80
6947 70
8340 71
1104 89
7218 70
25886 81
1219 77
8154 87
971 79
1944 75
6365 64
1262 80
2762 75
310|13
6863 68
6947 73
1101 68
6503 50
2524 76
2457 72
5899 78
733 68
246 88
3254 67
1223 89
1080 80
2671 72
311|6
6561 70
5992 48
1517 43
6461 48
1407 41
2706 43
312|20
5816 75
1375 70
3499 82
589 82
2454 69
1358 79
4878 84
4103 83
3793 77
2028 85
1371 64
4121 68
2366 77
2747 63
4105 78
5446 69
2699 60
2529 82
1350 80
1356 78
313|20
4980 60
170 67
3917 66
2455 69
5544 76
541 81
2193 68
2000 73
6 76
1968 74
1089 82
1301 74
1240 76
3175 69
4865 72
2005 73
2167 64
1375 65
2087 71
2530 55
314|20
7 54
1042 54
44 46
165 63
457 70
293 68
597 62
329 58
442 55
26 68
830 56
728 60
618 70
107 60
536 46
10 61
1376 60
153 53
208 52
150 68
315|7
1262 70
2729 64
2529 67
2067 72
2553 60
909 67
902 68
316|11
1748 70
253 67
3968 54
158 51
5445 65
3751 63
7438 70
6874 73
48 57
3882 50
2572 65
317|20
133115 70
73321 65
91529 76
74545 72
7445 68
1213 81
48774 76
4262 75
1884 78
5989 76
3578 78
4011 80
68358 75
1208 85
72011 71
3897 75
3499 76
96829 80
116797 76
56782 85
318|20
26713 70
81191 70
90245 70
111817 70
127180 70
145080 70
150696 70
7445 71
1090 81
116799 75
82459 80
48385 71
2294 67
64839 79
88125 73
109487 80
4021 101
33794 77
54286 73
89753 80
319|7
115617 86
6377 90
356 92
136864 48
1221 93
122904 86
110 89
320|5
72998 65
71535 68
31184 68
59315 67
1013 61
321|12
587 81
356 86
160 68
592 65
597 71
780 78
339 77
355 54
410 63
3 70
500 73
457 83
322|20
2882 35
1968 66
2542 71
58559 72
2788 71
2146 61
2617 55
2918 66
778 70
2599 64
4027 68
4993 72
1230 69
51540 67
1 70
1617 71
1923 63
4010 61
11 68
1035 70
323|20
377 61
480 65
356 71
1094 58
161 63
115569 71
1198 73
29 68
551 60
22 59
318 76
112183 59
253 64
111659 48
3257 52
260 72
150 66
329 57
342 58
266 60
324|5
2764 75
3972 72
3864 31
3949 70
3897 69
325|20
2848 70
235 71
2986 53
262 74
1573 66
2596 70
1584 70
1217 85
1676 65
4714 6
3770 47
3261 68
2894 70
2155 68
1279 78
1614 58
3994 67
2268 73
2915 69
5008 85
326|20
8665 79
47610 77
20 57
2858 84
86882 77
5418 79
4973 90
133771 81
48774 82
2324 88
1293 83
2692 84
72605 65
70159 56
54286 77
5446 69
6591 92
4226 87
105844 76
31410 80
327|10
3301 81
150 87
858 96
1923 81
51255 90
48516 95
1304 91
765 69
6888 48
2706 79
328|20
2687 57
112852 66
70286 66
1196 70
457 67
364 68
80463 66
3489 59
318 74
595 63
5349 60
2542 68
1219 67
35836 59
3751 59
79091 63
7153 69
596 60
2398 66
1148 71
329|5
130482 70
136850 70
858 53
1884 50
750 54
330|20
5378 59
316 61
1639 73
2918 77
919 76
3949 80
3535 78
5349 71
380 62
1676 67
2502 83
3703 78
1682 75
2683 66
1206 83
1721 67
2791 78
2081 73
8874 83
592 68
331|20
8874 80
6157 53
88125 75
6539 77
3897 77
4446 67
7361 84
50872 76
4995 80
4306 76
6874 80
5502 65
3911 73
608 81
4447 65
593 82
3751 69
8665 74
4367 59
2959 85
332|20
47 77
1653 78
1258 80
316 63
8983 70
431 71
97757 70
2291 73
1835 66
356 79
5502 63
4308 70
1203 81
1682 73
1249 81
76251 69
2905 93
318 85
2294 61
32 77
333|5
3785 49
3752 53
3616 53
3615 51
3646 36
334|20
55820 70
1196 73
1580 63
1291 73
3996 69
589 71
30810 62
4027 69
1 71
64957 64
1625 66
50601 46
44195 73
27416 71
6867 70
2997 70
293 71
480 68
5378 55
51935 69
335|6
780 69
592 70
356 84
296 86
2699 58
2001 67
336|12
1267 93
1 89
38798 71
33660 89
1784 82
2001 74
2268 85
293 91
1625 83
4886 88
50 96
150 86
337|16
318 105
47 96
16 93
805 92
1393 86
266 87
667 61
168 83
784 66
65 62
110 103
708 84
25 88
1356 93
277 82
786 82
338|8
189111 70
190207 70
190215 70
190219 70
7153 71
593 73
187541 52
185029 70
339|20
72641 80
5445 79
84152 85
96079 81
106072 72
69122 78
5617 87
41285 80
56869 70
48322 94
65216 83
91630 76
86504 88
91529 84
83613 64
4993 88
3470 90
102407 73
2028 88
5952 87
340|28
10 70
110 70
150 70
153 70
161 70
165 70
185 70
208 70
253 70
288 70
292 70
296 70
316 70
318 70
329 70
344 70
349 70
356 70
454 70
457 70
480 70
589 70
590 70
592 70
595 70
648 70
780 70
1356 70
341|11
2335 70
3624 68
130087 64
1370 74
135137 59
117529 69
5459 64
45672 65
1 83
47099 81
4025 64
342|14
2683 60
2598 53
2881 60
2369 51
1268 73
2605 58
2599 69
1198 78
3157 57
3826 47
2428 49
2827 43
3863 59
1959 71
343|12
858 89
3000 88
48394 79
4226 87
4878 84
3993 72
2571 86
1617 86
31658 85
55363 85
55820 82
296 89
344|14
111362 78
380 73
316 68
2628 65
4226 82
2571 83
4014 76
2012 72
4034 82
260 84
2541 69
4973 86
5418 77
2712 69
345|13
1019 77
2539 66
926 89
5902 84
8810 57
344 64
5707 63
2366 77
56949 69
3649 52
6658 67
3489 75
412 76
346|20
3174 65
778 77
608 79
6711 79
6286 75
306 80
7323 70
307 74
3535 73
1212 79
357 67
3949 76
714 73
7937 79
7396 74
5878 78
1120 68
1131 74
3627 77
7115 63
347|9
434 63
590 77
39 67
150 78
454 75
380 71
587 75
317 66
457 80
348|11
318 104
2324 100
4368 49
1213 99
6016 99
2959 103
6893 93
4973 101
1221 100
1960 89
2019 99
349|8
10 70
161 74
589 79
381 71
349 71
231 62
588 76
509 71
350|8
852 63
7 59
637 60
648 67
733 69
12 47
858 79
661 63
351|20
88932 70
87222 69
73344 79
52579 61
2231 77
88744 74
43836 57
79132 82
597 70
58559 83
12 47
8914 74
8950 78
63082 81
6214 79
90376 80
84152 79
480 72
4878 81
1193 83
352|20
72998 77
71745 57
1801 77
34319 71
2600 81
65682 75
1080 84
79695 66
110730 51
38038 84
130490 70
97752 77
1214 84
94864 68
41566 74
56587 76
44191 84
114935 82
59315 80
47610 79
353|18
552 66
25 74
267 63
216 74
367 69
288 65
144 67
186 60
333 78
266 73
112 69
198 70
234 50
145 65
293 79
158 61
163 71
296 84
354|20
1610 78
4306 81
2692 82
3147 84
47 83
903 82
733 74
3977 57
1225 86
35836 72
648 72
44191 81
8665 77
1917 62
7147 79
1923 74
589 82
2959 89
4718 62
1196 84
355|6
316 73
1580 78
3035 95
3175 80
317 70
916 97
356|20
2248 82
52435 91
52975 79
7122 70
44889 70
1641 82
2706 75
4011 90
802 73
7323 80
2502 89
56367 84
1223 96
55118 91
3949 86
3996 85
1246 86
1466 81
223 84
7153 90
357|20
4354 70
8998 70
27329 70
2804 84
595 76
529 83
4663 53
4091 70
1224 84
1242 87
34 72
208 60
58559 89
6296 80
30793 68
1042 65
2100 66
551 75
471 74
2067 89
358|9
26095 70
605 57
5066 68
52328 76
2226 70
42728 68
7361 86
69844 77
36525 54
359|15
405 48
1092 61
1101 65
51412 54
648 66
296 80
1097 72
2396 72
2424 60
593 80
2701 43
2942 52
1682 71
2530 54
4995 77
360|5
1422 51
1620 64
1488 68
1711 65
1414 60
361|20
47099 67
1580 62
377 62
1552 54
49272 72
1263 66
53125 60
589 68
49822 59
8360 63
318 77
2529 68
5218 64
6188 62
2422 34
3082 59
1732 69
1370 61
46972 57
7458 61
362|20
1945 92
592 76
6539 85
51540 84
5989 87
637 69
70 77
7153 91
1252 94
44665 84
407 87
6874 90
2959 96
1196 91
1208 97
8961 85
48516 94
7438 87
356 90
1201 93
363|6
1552 53
1732 68
1517 60
296 72
653 54
318 76
364|5
858 90
9 70
783 78
376 72
1 89
365|20
59315 60
81229 53
128975 45
6874 61
90345 56
158872 52
129354 45
103075 53
135536 45
70286 61
112852 64
76077 53
112818 57
1777 54
6502 61
155820 25
541 61
95720 45
93270 36
135569 57
366|7
116797 81
59315 76
33794 80
91529 81
2028 83
122882 79
7438 80
367|20
926 95
3061 83
1270 92
1287 89
486 60
3536 77
3824 58
2384 67
3072 85
898 102
3618 81
3225 55
2248 86
3157 69
3969 83
3717 73
1259 92
4023 72
1196 94
1258 94
368|20
3753 58
2112 52
1944 68
2986 47
3869 63
1214 68
2947 66
415 44
3035 73
832 57
50 74
2819 65
1801 61
2490 59
1917 50
1391 54
2193 60
225 54
161 62
2881 55
369|20
1256 71
785 63
47 75
2706 65
839 56
377 67
52973 68
743 47
4214 53
5418 70
3863 58
1372 61
27904 70
60069 74
2857 55
1967 72
150 71
2011 67
1580 65
3174 65
370|19
4011 79
4878 75
8961 73
6377 76
2628 60
1748 75
2116 62
589 75
2329 79
7438 74
3977 52
1676 64
593 80
4973 81
4226 78
1240 73
1089 79
8636 71
2716 72
371|9
2571 99
112512 70
1258 98
4090 86
56715 103
3000 100
4226 99
4993 99
1748 94
372|20
335 70
924 74
318 83
1603 45
1479 60
589 76
81 60
387 45
616 69
337 70
1220 72
1201 78
165 69
1243 79
1258 77
377 69
1401 75
450 56
1206 76
1306 58
373|20
216 65
60 57
169 37
350 59
585 50
44 47
371 63
163 72
616 67
198 65
265 72
25 68
6 73
733 65
47 75
2 61
736 51
305 52
357 67
141 62
374|7
296 80
208 58
1219 75
480 77
592 67
1258 80
1339 67
375|7
344 67
1027 68
32 88
2628 69
3256 78
4226 92
500 73
376|20
91535 68
2002 65
1214 84
1101 75
2916 79
33794 85
1198 91
349 79
1371 66
376 68
1240 84
1375 72
4993 89
858 91
457 89
4226 88
5952 88
344 69
2763 82
2797 81
377|20
4942 70
2793 48
1262 93
2791 88
748 72
1345 80
5027 60
5113 73
27692 70
3421 85
6021 70
3364 81
2072 65
8641 84
2163 45
92760 70
2858 91
1503 57
2124 76
2015 77
378|10
33794 78
7153 83
48516 84
3114 76
858 84
68954 81
91529 80
71535 74
90600 74
364 80
379|8
318 82
377 75
19 55
292 73
480 79
367 67
597 69
344 63
380|20
60818 70
172875 70
172881 70
172887 70
355 53
6979 77
5476 33
2735 62
68194 93
63433 72
72356 95
105731 47
1833 65
551 77
6731 81
27831 86
1665 64
393 55
140956 78
2791 86
381|20
2085 69
1088 70
3253 73
185 59
317 64
27808 66
1240 77
19 54
3753 71
4321 67
72011 74
3082 69
333 76
2140 72
1385 57
2273 66
1208 86
457 79
104 69
2716 76
382|20
1204 97
142372 46
135532 86
1201 94
112171 83
1198 94
912 94
81847 87
4638 65
63540 36
1681 62
170289 70
103042 73
72737 82
2496 72
357 81
81537 64
59501 77
101362 58
4890 69
383|7
2436 81
2541 71
2496 68
1584 77
2558 48
1246 83
903 84
384|14
3527 68
1388 55
2683 59
2502 74
4333 45
3098 68
4396 54
457 73
358 51
968 69
2724 51
296 77
3991 47
1204 80
385|20
736 56
1080 73
249 74
1219 74
1036 73
1136 77
282 61
1073 72
1200 75
1228 76
1022 66
1007 54
1201 78
1246 73
344 57
589 74
1023 64
1287 74
594 68
1303 78
386|14
110 63
410 51
112 52
165 56
223 61
648 55
185 47
608 65
485 49
305 44
44 41
585 44
349 55
10 55
387|20
4393 70
5156 70
5780 70
7336 70
26124 70
40966 70
2712 65
5062 72
1247 76
5489 70
4195 66
7132 75
2946 61
1387 73
3000 77
51939 53
4995 72
912 78
7938 70
1783 53
388|6
6158 70
63239 70
33615 63
86298 58
62999 67
8360 69
389|7
17 91
140 79
628 85
762 66
743 62
95 78
32 95
390|17
6344 70
64957 71
4239 76
5220 52
1193 83
2571 82
9010 81
2291 75
5296 55
4226 83
7254 73
6377 80
63062 77
1206 82
2329 83
4014 75
1784 73
391|20
5575 70
500 63
3994 69
1213 85
516 62
199 81
4027 78
150 70
1408 76
4014 74
1527 74
1059 74
2916 72
4973 85
357 71
555 77
5026 83
4936 70
1210 81
3067 71
392|5
3004 52
2858 78
707 57
1198 81
1125 71
393|20
91658 71
102125 71
48394 75
36517 76
8636 75
110102 78
44199 75
5388 67
54259 72
4848 79
5669 73
1291 81
68848 71
86190 69
2571 82
1206 80
122892 72
106642 89
1625 73
106489 66
394|5
588 61
316 54
344 51
225 55
457 65
395|13
329 60
1025 63
296 64
160 58
208 52
173 51
485 53
355 46
520 54
595 68
126 40
48 58
367 60
396|6
1276 77
1597 58
1777 64
44 47
204 44
2081 68
397|5
4017 74
8645 79
1701 74
8228 74
6993 82
398|10
6408 70
1197 91
5971 86
7022 85
1198 90
60069 84
2455 75
1136 88
48516 90
82459 84
399|8
1198 86
110 83
5445 75
1196 84
593 86
480 78
1270 82
2194 79
400|9
608 94
356 93
2571 93
2959 98
7153 93
1221 95
3578 91
858 96
59615 67
401|15
5952 78
6297 68
55768 62
48982 69
166461 71
49274 48
50872 73
32031 58
79091 72
170939 70
38038 75
8360 69
3114 72
33615 63
1136 80
402|10
1084 82
597 76
52 76
329 74
296 81
586 69
315 64
1036 82
434 72
527 86
403|7
110 81
2427 64
3210 71
296 85
61465 57
1663 76
180 69
404|12
204 46
349 68
474 69
34 69
364 75
508 69
105 63
593 76
509 63
277 61
315 55
185 62
405|20
70708 70
293 85
7254 76
37731 77
2959 92
345 79
1213 88
7134 70
64614 84
6023 66
1241 83
2329 88
1247 84
3052 77
68237 86
1199 89
27592 80
27664 66
3418 77
1215 88
406|5
1586 52
135 53
56949 59
46972 58
724 56
407|5
7153 83
2959 88
6539 78
1240 79
54286 74
408|20
1198 96
122904 89
44840 72
165101 73
6618 88
1291 94
1210 95
89745 91
1278 96
7324 76
44 59
8641 86
115210 86
103596 39
68554 76
2571 95
109487 92
63131 80
80489 89
4649 84
409|20
2485 60
2490 73
2028 87
3812 74
1278 89
2997 85
296 91
1078 70
3016 68
1073 83
2683 70
2289 84
3846 71
912 91
2013 65
1911 60
2352 80
1230 86
2541 71
3174 73
410|20
389 70
3224 99
318 92
2302 69
4002 79
1060 79
4297 78
3263 66
1859 72
111 88
58 86
2145 72
3255 75
2321 74
3504 87
3948 71
11 79
4019 80
3 68
597 74
411|20
508 72
261 73
586 62
432 58
353 68
431 62
194 62
318 82
272 69
515 71
356 83
266 69
257 73
349 72
10 67
31 63
344 62
227 59
455 49
122 55
412|20
2828 21
2384 61
2915 73
903 85
608 87
2720 43
2858 84
1883 65
1307 81
1214 82
1784 75
2239 99
1 81
930 89
1136 87
2710 58
915 78
2398 81
17 79
1079 84
413|12
2706 84
1198 101
3753 82
2424 77
593 102
128360 91
4993 99
16 95
5574 84
3948 81
64957 85
2959 104
414|20
4458 70
4666 70
5285 70
5635 70
6033 70
6493 70
6563 70
6628 70
6797 70
48319 70
58879 70
169992 70
3802 44
3599 77
1600 81
8666 29
4975 72
7444 65
4081 40
177593 97
415|19
296 90
1213 89
4321 72
3507 85
4308 77
47 85
1021 54
111 88
2617 66
1276 90
3861 64
4369 65
99114 85
1221 90
63082 86
1234 86
45722 75
1197 90
175 88
416|11
5952 62
5951 43
531 51
1296 60
1199 66
1721 53
830 48
1206 64
7323 57
4848 62
3677 65
417|14
778 91
4995 92
4975 78
7254 81
1198 94
106782 90
27773 89
168250 82
1625 83
7153 93
74458 90
110102 86
48394 84
4878 90
418|19
356 82
296 88
63082 83
104374 84
1276 86
1136 86
117176 79
1573 69
137337 83
1682 77
5816 75
88125 78
74458 82
367 63
89745 80
45672 62
87869 75
7361 87
54001 80
419|20
4093 70
111 84
46976 78
27822 55
2858 83
319 76
6287 63
3578 83
1213 86
64969 76
47 82
79592 68
34319 69
89580 70
60756 72
27704 70
90943 70
2412 44
1240 79
52245 66
420|20
1161 86
4993 85
45499 69
923 83
26693 70
48385 70
1927 89
5608 81
2052 58
6934 64
7022 82
3979 52
59295 70
2329 86
54259 75
1131 81
2762 80
4973 88
5669 77
527 87
421|8
2858 85
909 83
5008 92
953 86
1178 94
2313 79
2478 65
1203 89
422|19
2539 61
2710 54
4947 6
4971 63
5039 75
4925 70
2581 59
4916 58
1265 75
2804 76
3053 75
2665 70
1283 84
4835 68
2908 76
3943 57
1213 81
2670 77
858 83
423|5
1653 81
110 88
2194 79
5349 73
1320 64
424|20
1193 82
141 69
2804 78
40278 73
608 83
108729 67
293 80
69122 73
1092 64
54503 77
58559 82
3186 70
66097 75
778 80
5679 66
3176 70
2288 77
2174 71
71668 74
112556 76
425|20
45517 66
377 67
2329 81
733 69
6 76
1645 69
8368 78
2081 72
4306 76
1680 72
1909 66
367 61
46723 69
1625 72
1036 75
4901 68
750 83
2353 66
1342 53
145 61
426|18
59784 67
150 78
471 70
337 74
54001 79
1197 83
6378 73
72641 75
4886 78
8644 68
37729 71
597 72
5444 75
91325 40
588 77
3247 61
4022 73
79091 73
427|17
4887 51
5463 48
5015 64
110 75
58 77
5528 66
6348 47
5312 50
2710 52
5696 44
4993 77
5266 58
2683 61
5400 55
5816 68
1208 82
5574 65
428|20
2471 39
2762 63
3827 46
1089 68
2953 37
2916 57
1380 52
1997 63
3440 32
4022 58
317 43
4255 36
1208 69
1391 49
6377 62
2581 48
260 66
3285 48
588 58
653 46
429|12
339 89
421 76
150 95
225 87
165 88
266 84
329 80
252 84
279 62
317 81
237 78
204 59
430|12
923 84
2987 75
3745 72
6287 64
2858 85
6365 70
2571 87
4447 68
4014 78
329 67
2076 81
4446 71
431|5
172 43
1625 57
1376 54
3948 53
802 51
432|20
1831 49
5630 69
6870 75
8640 60
6539 78
3916 74
5989 80
84189 70
110 79
35836 71
4886 78
2762 77
1206 82
49272 82
19 54
318 88
58559 83
69481 81
7158 75
33660 79
433|5
91529 73
1089 78
50 79
5299 58
110 74
434|20
1136 88
3147 84
1090 83
1265 81
5989 82
1101 70
1779 59
586 62
344 60
3863 64
1208 90
3160 79
589 81
780 62
6796 78
2791 81
4226 89
2194 82
8665 77
1291 85
435|9
2353 76
44191 88
485 70
3510 76
34405 90
2302 74
158 64
82459 89
48780 90
436|20
204 47
435 48
440 69
432 52
161 71
480 73
377 69
531 64
536 50
502 47
364 77
235 69
371 67
344 60
2 68
585 54
450 57
587 70
437 45
227 55
437|20
748 68
318 93
5 59
640 60
1299 84
1120 77
1396 76
1246 85
454 70
1171 75
1225 90
1183 78
1097 81
1307 83
1268 84
592 73
198 73
155 45
112 68
246 93
438|20
7154 61
2501 77
8966 59
27801 79
1527 75
6711 84
3898 29
1784 74
8644 69
6367 62
2424 64
3889 46
223 80
1517 71
7361 85
2641 62
5009 64
2617 64
3753 69
2393 66
439|5
356 84
4022 76
7153 85
78499 85
1240 80
440|7
8690 70
541 84
29 81
1653 82
1274 82
3174 70
1235 86
441|9
589 92
2683 75
2959 101
4306 91
260 97
296 98
51255 93
47 94
68358 92
442|5
2908 27
2881 22
1186 25
3752 22
4361 26
443|8
2329 90
79132 89
296 91
48394 81
106487 76
108190 61
7153 90
63082 87
444|9
356 84
592 72
208 59
21 76
111 86
110 82
235 76
296 90
344 63
445|16
2028 81
590 77
34405 79
47 80
116897 82
780 68
4011 83
899 82
593 84
33794 78
1080 78
45722 70
17 76
1230 79
306 83
2710 55
446|17
237 57
339 63
300 62
296 73
480 69
368 63
288 57
172 49
17 67
16 69
357 65
150 70
434 56
153 55
648 63
593 75
337 66
447|16
257 77
293 83
337 81
531 72
382 66
589 86
552 70
253 79
362 79
532 67
292 78
31 72
474 82
540 60
442 70
160 67
448|373
2368 70
3284 70
3933 70
6302 70
6476 70
7245 70
48262 70
49688 70
75803 70
75816 70
78116 70
79590 70
86593 70
92198 70
98908 70
100326 70
102819 70
104760 70
108715 70
109191 70
111680 70
113416 70
116207 70
116985 70
129657 70
130083 70
133377 70
136654 70
138546 70
142424 70
151777 70
152658 70
157130 70
158022 70
161290 70
164375 70
53996 58
136778 70
5418 67
288 62
88356 41
2580 73
155358 70
2889 75
4034 75
148888 50
81156 77
2713 49
103335 68
95441 56
34048 56
80126 64
3057 70
1057 65
2794 53
33830 6
8665 65
6059 63
110553 47
90374 78
151501 70
3764 43
6143 70
103819 27
4361 70
104913 67
3986 51
5528 64
1196 77
105351 51
83349 59
3276 70
1090 75
5349 63
587 63
106330 36
4677 63
95508 70
109895 35
110611 70
671 63
2289 75
152077 68
80693 59
111360 54
170 63
87444 63
94323 54
8493 54
3671 72
91653 62
4981 70
2991 67
78034 70
119145 72
5099 46
4299 59
2567 54
6996 24
109864 27
6582 52
73017 68
370 56
543 64
115617 67
590 71
154065 70
5553 57
41569 58
3286 34
6645 73
589 75
1920 54
2857 58
111663 60
78499 76
2657 65
6537 55
1148 79
46974 48
48516 78
80241 63
445 54
4262 72
3689 27
114935 73
6428 68
127194 70
109673 50
127096 70
89388 70
4156 70
3793 65
33679 57
2014 53
64285 76
3968 55
49530 65
3450 58
160563 60
5502 59
8169 68
6314 35
122490 70
3386 69
140725 66
4896 65
2642 43
127136 77
2763 67
2520 70
457 71
48783 67
3263 57
5400 52
5541 58
4011 76
58351 70
127132 70
152091 62
3698 62
435 45
4799 58
84152 71
3401 48
2858 77
3174 62
7076 71
106542 70
6218 61
2860 49
1283 81
3618 65
2616 53
90439 67
2404 40
4660 70
2530 54
26386 70
4327 70
3030 81
71464 61
32 75
91529 69
4158 48
99114 72
98585 64
93326 48
2268 69
80489 74
130576 36
105504 72
2791 72
50601 46
7007 67
4234 58
3623 46
80727 6
78467 29
8641 67
4128 70
106782 76
2537 43
112138 64
3247 55
112818 68
2027 37
3101 59
5779 70
82202 47
1704 72
98296 70
6863 59
89305 59
4203 64
1201 78
6212 35
637 58
84954 57
6814 70
94864 57
67695 60
159077 70
92439 75
6812 36
3156 51
802 62
118354 70
134130 68
138036 63
65135 70
52975 64
4368 39
90717 61
45722 60
79259 70
68157 76
4233 35
74458 74
3258 56
1262 80
3949 74
101025 48
69526 44
1831 42
1083 58
1884 75
1476 66
156609 47
3755 59
111659 49
4734 58
161 65
95201 70
135887 62
2598 51
87232 65
4634 6
5334 43
5459 50
146730 70
72694 70
157432 70
132488 70
4558 52
1375 63
6424 70
71518 62
2716 72
94780 52
3593 24
129354 53
158 51
1409 51
6514 70
2881 58
51662 66
90522 59
68554 59
2126 48
122932 70
93510 67
137857 67
125916 6
2953 47
2090 64
1760 24
480 68
58803 66
2109 65
50792 35
46062 24
85510 60
80864 70
112171 67
122900 63
2587 54
1527 68
117529 57
4993 74
92264 55
5247 48
533 54
912 80
26464 70
2249 61
4678 65
103772 63
114601 66
96861 61
420 50
59615 56
2349 72
109372 6
95207 53
348 72
19 49
136020 57
4502 36
91094 57
138208 60
3511 36
79428 65
2643 35
109183 70
2139 71
4212 70
5942 57
96417 59
112852 70
99728 65
89470 66
142448 59
64983 58
2640 70
2046 60
4881 74
3882 48
3744 54
1032 67
116799 69
5 55
4040 46
157407 70
2115 67
1617 78
4367 50
105254 71
3388 47
3760 72
2146 64
2968 72
6281 59
466 51
96448 47
86332 63
64969 67
115170 70
1036 73
3397 66
2474 64
1408 70
155743 70
106920 73
8542 70
120466 63
2051 32
7143 69
7150 51
89087 51
34150 49
2253 47
2973 76
449|8
1917 55
2502 77
4034 75
1222 77
2770 55
762 46
2011 65
2324 79
450|11
3977 61
589 87
110 88
3363 86
3535 84
3948 74
3409 65
1035 88
3568 70
358 62
1259 89
451|7
733 78
593 91
7 66
5 66
494 79
25 79
17 83
452|20
4025 77
2858 102
2617 79
5292 105
1206 104
1676 85
3219 80
47 102
3101 82
163 93
1092 82
1917 76
2126 66
1356 97
552 81
2628 80
1200 102
608 105
2707 87
3273 66
453|20
208 66
858 94
2335 74
4022 83
3618 79
1617 91
3452 70
1357 91
112 74
2671 81
1884 90
1894 63
2294 71
318 99
1614 65
3534 73
2959 97
798 61
5266 68
780 79
454|9
7361 79
2692 75
7116 29
55820 73
6016 78
27773 75
2160 79
2858 75
26131 84
455|12
272 75
432 54
367 66
590 77
253 72
364 80
555 73
252 69
110 82
225 69
588 75
597 71
456|9
1407 77
634 50
135 68
5 70
724 72
780 81
733 84
260 97
706 70
457|10
329 67
3593 25
2692 83
1356 78
223 80
2394 73
2701 47
3608 65
733 74
2094 68
458|12
597 81
185 79
10 80
380 83
95 79
454 89
300 77
595 88
153 77
587 90
150 92
552 73
459|6
79132 92
5618 94
8961 87
48780 91
50872 86
260 94
460|17
89039 70
4886 86
4703 95
3831 85
1441 79
4878 88
3483 70
8970 80
1 86
49272 91
40815 84
85414 77
68237 90
76093 87
47610 81
63082 88
2571 91
461|6
74458 62
2762 60
1036 61
91500 54
3578 63
539 54
462|20
26838 70
89090 70
164655 70
188189 70
1136 76
1219 73
158966 83
1248 79
508 61
1653 72
1674 65
8917 63
8620 9
3424 73
2146 62
7044 70
3814 81
1213 76
82857 70
26131 80
463|7
6377 85
2028 87
4310 64
3753 73
2006 66
1092 69
5995 87
464|20
1370 74
58025 64
63853 53
296 90
2019 89
3527 79
5254 70
7007 77
1101 73
1779 62
377 75
1653 86
55820 84
648 74
33493 77
1610 81
65088 76
74727 86
1617 87
62374 75
465|20
2941 86
2987 79
1200 89
3448 82
5060 87
1299 88
3703 87
3649 55
1625 80
292 75
904 96
3101 71
1754 79
750 97
1256 85
593 94
3732 74
3740 89
3334 92
377 77
466|20
5418 80
30793 66
79091 79
92259 90
5989 83
5459 65
318 93
63082 84
59784 73
5010 80
74458 83
6281 69
5952 86
8529 73
64716 87
68954 86
4993 87
45447 67
81845 85
55247 83
467|22
41 70
58 70
389 70
466 70
527 70
593 70
780 70
1183 70
1233 70
1357 70
1365 70
1408 70
1721 70
2028 70
2125 70
2324 70
2334 70
2384 70
2390 70
2393 70
2394 70
2493 70
468|7
592 65
349 70
1 76
317 65
296 76
32 76
165 71
469|20
3658 70
3832 70
3507 82
3032 82
2736 77
2132 88
1958 79
910 82
1090 81
1485 60
1388 59
2321 70
1234 83
2081 74
1193 87
36 76
2908 80
909 81
2023 69
3255 70
470|16
253 70
318 85
110 84
588 75
282 66
5 65
597 71
32 77
595 77
592 65
500 71
26 75
356 85
357 72
434 66
300 67
471|6
2571 78
8874 77
527 80
1 74
8360 69
7147 73
472|6
58559 89
3450 66
3298 79
2840 58
1221 90
858 91
473|8
4979 74
2959 87
60 65
7147 77
6281 65
3897 77
48322 87
2596 71
474|422
638 70
2179 70
2697 70
4046 70
5114 70
5311 70
5353 70
5455 70
5601 70
6201 70
6273 70
6382 70
6407 70
6592 70
6912 70
7702 70
7826 70
7832 70
7839 70
8057 70
8446 70
8458 70
8459 70
8611 70
8650 70
8774 70
8938 70
1466 72
6708 73
2940 73
2616 61
2334 54
7139 74
4218 70
371 60
750 83
2935 70
8645 77
5481 58
6370 82
25865 70
2553 70
912 80
2467 75
5548 66
7301 80
52967 66
5945 61
480 59
1983 47
3462 68
1068 70
8600 78
6650 8
8482 70
6791 83
4016 73
1784 70
3668 72
3977 51
8961 72
4160 83
30820 64
6984 70
2750 66
5034 53
7716 70
2612 70
4419 81
1300 80
4187 78
1187 65
6565 73
272 72
5440 70
25937 63
1099 62
3125 70
5826 70
5649 70
7256 78
4912 72
6016 78
1208 78
2083 70
3385 58
2310 74
3360 74
3163 75
1413 74
4081 38
1643 69
968 71
2116 64
26965 79
5954 74
1263 75
5116 70
3536 68
8778 8
63433 63
2952 68
318 81
3394 51
1200 74
3384 83
4356 78
932 88
7698 72
516 55
4873 73
48385 65
39869 80
1902 70
2641 59
7036 63
2181 70
4638 53
31116 82
2455 66
2146 68
628 67
3897 76
1030 46
4022 70
344 53
3196 76
92 42
237 50
6770 70
3259 60
3368 62
26151 73
1293 73
34072 67
3044 67
1639 68
5944 56
6539 75
477 63
7361 83
55687 70
58 76
4014 71
3467 75
8154 86
4191 61
2134 60
4644 67
4293 58
5013 74
1399 60
1196 77
2918 72
5899 75
4465 66
100 53
361 52
3341 76
8921 70
195 42
3789 70
4709 62
1588 59
3468 83
4678 64
2723 63
2118 73
1939 85
7019 47
3147 76
1792 63
33903 75
1682 73
41566 64
1693 67
1957 71
5021 66
2313 73
3870 70
948 79
47099 74
3447 78
6614 62
216 63
5619 68
3987 41
5060 75
3111 84
45950 72
32584 59
5525 70
2567 59
5956 70
7 45
1172 81
3217 64
8331 70
587 52
5238 66
1189 78
2416 62
832 58
3095 77
7386 72
1223 84
7058 70
5246 35
5418 72
27803 82
26 69
4002 72
1135 62
45 60
6945 86
2411 54
2520 70
7347 70
5375 70
5673 74
3039 71
7833 70
33781 8
720 83
2103 51
33154 77
608 76
1327 51
101 77
7061 70
5451 57
5682 58
5434 71
6609 70
31658 78
4578 35
2009 66
4704 70
7572 70
4929 48
3306 74
6334 63
5379 77
5437 60
42418 59
4128 68
7451 73
2786 33
2243 64
27846 78
6197 61
3264 49
3608 58
5603 83
6124 61
1222 79
1663 72
3566 54
3755 60
2628 58
4815 60
2089 63
7102 51
27706 65
7013 78
1348 67
45666 50
5755 39
4055 87
2058 64
4462 20
1544 54
2405 59
4998 70
273 54
1977 49
1732 79
7822 70
7073 70
41527 74
4787 69
1676 64
3708 59
6669 72
317 52
25940 70
971 79
7366 58
3115 73
7026 51
2710 53
50685 77
2114 73
3809 65
3516 66
2770 58
535 76
4878 79
5992 74
41997 74
1083 61
4487 66
7293 68
1016 59
2006 58
1007 54
4993 80
3412 72
5007 70
3929 53
6639 59
8712 70
1876 57
3546 70
34359 70
7579 51
7325 65
6837 70
2634 52
7753 66
8943 20
8385 70
4308 69
3246 77
3745 67
1148 76
42002 60
50740 81
3952 61
1927 82
7581 63
910 74
3948 64
54881 80
1284 82
4007 73
5341 71
3675 75
52975 70
6244 71
965 73
454 55
1247 77
7215 66
1282 72
8207 80
6242 66
6502 78
4509 67
3528 71
2391 74
4262 76
4039 60
42018 11
3271 75
976 70
48394 72
5384 70
5168 70
1358 70
6534 50
8773 70
2384 55
48780 80
1269 75
4600 74
2642 44
111 77
933 83
3578 77
5297 38
944 73
6020 70
2123 56
748 60
4896 70
5380 76
53953 62
3712 8
25996 70
1997 72
4464 73
4085 66
51540 72
2707 63
2069 82
6710 74
1488 63
6378 70
928 79
3038 86
7116 33
44511 70
594 62
1962 69
421 57
4316 31
2761 77
4823 62
892 71
1345 69
5294 72
1408 74
6579 81
3272 65
3421 72
3844 67
6787 77
37736 73
2249 66
1610 70
2468 48
3498 67
4902 76
6268 74
5225 76
5404 80
929 70
25999 70
7835 70
805 62
4126 62
475|20
6539 95
4993 101
87232 92
40815 93
5816 91
8644 84
81564 89
4701 80
81834 97
6564 60
68791 83
111759 96
7153 101
1527 89
71530 71
4896 94
106487 86
112852 98
3578 99
82461 77
476|14
594 78
34 79
380 75
158 61
153 64
586 68
440 77
364 86
378 65
357 78
224 77
165 77
296 90
11 82
477|20
34 69
913 87
3100 82
2105 69
1271 75
1207 88
70687 21
2174 75
45672 64
4571 78
3973 49
4226 91
1103 89
5291 83
348 81
3593 26
1 79
1274 86
6502 86
59615 62
478|5
1917 49
3114 62
594 59
1584 60
1101 55
479|20
5365 70
4488 76
524 68
1025 75
3707 54
1220 76
4010 70
3244 75
3526 73
4092 50
1968 76
4700 65
4003 76
3671 78
2671 72
341 70
2012 68
2542 81
454 65
2384 59
480|20
43914 70
2700 74
8533 68
2193 66
2797 70
3484 50
2571 78
1210 77
2596 68
8866 59
47610 70
6306 82
5379 75
2018 66
7153 78
3911 71
44191 74
38061 79
5673 73
380 60
481|7
1608 55
1687 53
1629 50
1729 59
1620 51
1597 52
1485 52
482|20
2068 89
8985 59
1036 83
474 80
1042 66
4389 82
780 80
27706 68
3211 81
1610 80
4367 63
1374 80
1220 80
1602 45
653 68
592 72
30812 74
4862 49
8361 63
8529 72
483|20
105325 70
783 61
2541 69
2959 91
109971 70
45722 72
1199 87
50872 79
2000 76
4306 80
69757 78
2683 68
2273 67
1588 64
109487 83
66934 82
1721 69
2328 58
68522 70
8972 73
484|20
93320 70
1438 61
6155 73
6944 76
2706 77
33166 85
6874 89
3697 65
1059 82
76293 68
919 85
2762 85
1821 60
837 75
5810 75
1753 81
3254 75
4718 67
2413 80
3646 48
485|5
588 82
161 83
253 77
292 80
231 66
486|12
653 72
47 91
110 95
153 73
474 85
95 74
288 71
329 77
161 86
318 99
292 82
6 88
487|12
27611 59
8961 61
318 70
1198 66
31658 64
1197 67
6539 62
5445 58
116797 63
4027 61
8874 63
86377 70
488|20
720 86
838 76
608 81
1223 87
26 75
5135 79
2109 67
7720 60
7303 82
4014 74
5995 82
457 77
105 70
1136 82
272 76
1269 78
3176 69
1278 81
1125 73
910 79
489|20
79536 70
86000 70
4848 71
736 52
8387 8
4700 58
45666 43
4720 67
2683 58
2021 64
2389 35
1619 60
950 74
58559 74
2236 53
2167 58
1616 54
247 73
376 51
2717 52
490|20
46578 69
89492 67
81591 63
91077 69
60074 52
5816 61
4144 70
54001 66
1 64
1784 63
7153 71
4993 71
89759 74
86320 63
60128 58
76251 63
8368 67
69122 63
2006 52
78499 71
491|13
106782 95
69757 90
7293 87
27808 76
4246 88
3948 80
104374 97
86833 89
140110 83
8529 81
180231 70
4306 93
88405 72
492|20
736 83
784 67
628 86
858 100
852 81
64 58
990 52
830 79
743 62
62 89
52 88
1499 45
66 57
1210 98
881 52
1474 50
1405 68
724 76
1047 78
65 61
493|13
2985 66
4444 65
2916 71
1275 76
2571 80
1527 71
2028 79
3793 72
2167 64
1215 80
4701 63
2924 83
260 81
494|5
1196 90
4498 65
3578 88
2028 89
1210 90
495|20
140523 70
115149 87
1259 91
1721 77
136562 77
80489 87
19 61
50872 86
231 69
102123 74
52319 84
7254 82
7360 88
8528 85
1645 80
46578 91
30810 78
2918 86
148626 91
56775 73
496|6
1221 77
99149 67
858 78
904 79
8865 51
114713 58
497|11
1193 72
112556 66
112290 70
1916 65
92259 74
2329 72
112552 71
1258 71
2762 67
5349 61
111362 65
498|7
344 72
231 69
648 81
10 79
300 77
356 96
316 75
499|6
1202 76
2337 67
38304 88
327 62
56286 76
1304 85
500|18
2599 67
2987 64
543 62
2700 69
2542 72
1265 69
2916 65
356 71
3301 63
1784 65
1914 59
595 65
2355 64
3536 61
1885 58
322 64
838 69
720 78
501|9
6 69
62 72
93 54
45 64
3 65
637 59
11 74
18 67
662 60
502|7
7236 75
1077 78
4412 21
3469 72
2001 65
2520 70
1777 69
503|19
7455 70
7361 77
4878 72
356 74
91500 62
593 78
527 77
858 79
4226 76
1259 74
1342 51
2877 53
92509 60
90866 69
500 61
441 71
48516 77
2858 74
48394 68
504|18
4995 85
5812 81
2321 73
1 83
3556 78
7153 87
6708 76
1288 88
6927 70
4033 82
4700 68
6565 81
342 72
3408 75
6879 73
4361 80
5952 85
5955 74
505|7
1241 88
4105 84
1029 76
74685 83
273 65
6502 90
54999 78
506|9
59258 61
54272 67
37741 73
56782 81
62293 73
51834 58
49286 64
112556 70
61024 67
507|5
165 66
266 63
253 62
377 67
593 73
508|5
2872 43
2011 42
1952 48
1175 48
898 52
509|20
26958 70
130073 70
2028 74
87232 71
33830 7
5313 48
48 58
2090 63
2080 62
6942 70
8907 46
6156 57
5816 70
39 62
3988 55
6807 72
7458 65
1196 75
45447 59
616 66
510|20
1882 34
7026 41
35836 56
494 52
1198 65
514 54
457 56
2935 61
858 69
2699 44
317 43
8949 60
2918 60
145 47
1262 65
6787 63
1208 68
372 45
1242 64
40819 61
511|11
2959 95
53953 71
115149 85
164179 85
6534 57
99114 88
92259 94
318 96
2324 92
1653 88
56757 82
512|10
480 78
150 79
349 73
47 83
350 70
442 64
457 82
50 87
317 67
593 87
513|7
5952 82
318 89
2174 72
235 73
1304 82
1220 77
1080 79
514|20
1335 70
5704 70
62586 70
168358 70
180263 70
1704 79
2005 74
2792 64
2013 60
1673 80
134130 76
76093 76
1333 75
58998 73
68157 79
2406 68
3210 70
54503 76
4855 77
1644 43
515|6
33794 95
2028 98
527 102
91529 97
58559 101
2959 104
516|26
260 70
457 70
480 70
647 70
708 70
1042 70
1090 70
1197 70
1198 70
1954 70
1958 70
2021 70
2259 70
2268 70
3052 70
3471 70
4027 70
4291 70
4306 70
4321 70
4322 70
4333 70
4337 70
4349 70
4361 70
4429 70
517|20
4306 54
53125 47
1265 51
165489 70
97938 49
88744 48
86880 47
4148 42
26761 70
3398 49
1293 54
3988 41
2858 51
4963 51
1204 58
1704 54
47629 49
7669 58
1206 52
46578 53
518|5
3101 65
2657 68
783 66
1876 61
6365 67
519|6
1704 96
356 98
140110 84
6378 88
7445 84
1968 91
520|20
7266 70
318 95
1049 73
59315 81
4995 88
32 86
2716 83
4333 53
1291 89
1732 87
4085 76
2723 72
3081 75
3994 77
33493 79
135 62
2393 70
60516 49
2406 75
1584 79
521|8
661 69
112 70
86 84
104 73
58 85
79 59
52 76
852 70
522|20
99114 81
81932 77
89492 78
63113 71
2959 88
1193 84
1375 67
4993 84
223 77
27611 76
76060 71
180 70
59315 76
1617 83
10 70
67255 81
2023 70
6187 82
318 88
127098 87
523|15
168252 98
8970 87
5989 95
318 106
91529 96
1721 83
293 97
65261 100
4270 72
3147 99
27731 90
134130 94
31696 78
527 101
101962 85
524|20
1356 75
150 77
552 63
748 62
344 62
442 63
253 72
1225 80
20 49
589 78
1242 79
544 61
173 55
1302 69
380 70
457 80
1020 64
788 58
193 49
466 57
525|20
120807 70
317 62
6863 66
8622 70
33004 68
7147 75
2396 74
40815 74
137337 79
1639 70
1968 74
91869 70
45880 66
2100 60
339 66
4886 76
50872 75
86332 70
8983 70
3996 75
526|12
593 88
55247 82
46578 84
176415 70
1295 67
90430 83
4014 78
2352 77
176413 70
215 82
81845 84
51255 84
527|20
2137 76
3114 88
3210 81
3016 72
2161 82
4571 82
2118 87
3421 85
455 57
2867 86
2450 48
1909 77
1214 89
4299 76
736 77
2477 68
588 88
4016 86
1259 91
2533 69
528|15
4886 70
2278 64
80906 76
4037 68
1240 70
64614 71
3821 41
150 70
1291 74
80463 70
593 76
99813 74
85342 72
48516 75
58559 74
529|5
653 60
135 57
65 48
62 73
733 70
530|6
292 75
500 73
300 71
586 66
593 86
11 82
531|5
593 90
590 82
919 81
480 80
1215 87
532|10
1721 76
4863 7
457 88
290 90
1245 93
1242 90
2023 76
2329 92
1304 89
517 68
533|8
1200 94
6502 94
79132 96
46578 95
93840 90
4973 100
2455 83
66934 91
534|20
116724 70
97913 84
94953 74
2003 80
2167 73
7569 83
153 69
1485 71
65514 84
104218 66
344 71
2571 92
5445 82
95875 64
112818 82
82461 70
96610 80
2987 80
138036 79
1566 77
535|6
2571 67
2581 50
2700 63
2688 50
2583 69
2882 33
536|8
232 69
272 68
356 77
335 70
225 65
150 72
434 58
589 71
537|10
80906 90
367 67
7153 88
53322 75
104218 65
97304 84
6539 83
318 93
89745 84
105504 87
538|8
595 87
3671 90
80549 88
4039 72
69757 87
5047 74
44889 70
66934 89
539|8
4306 77
6753 69
5218 72
50872 75
88 63
3301 70
4886 77
69122 72
540|9
2598 64
2959 99
1073 89
8874 92
1681 64
2183 84
2841 79
2747 68
1196 94
541|18
590 79
457 83
413 56
15 63
110 85
595 78
597 71
480 80
356 86
203 68
529 73
357 72
22 71
345 72
546 42
586 64
281 75
350 74
542|20
6539 75
30793 60
5299 61
2542 78
34319 64
33679 65
4963 74
5481 56
1997 73
4025 59
3623 54
924 76
4369 59
6378 72
2571 80
7254 69
41566 68
37733 68
7361 81
45517 65
543|16
73881 97
1702 67
595 92
3301 86
231 75
2378 76
2379 57
86882 89
6377 96
588 93
377 88
48385 80
2571 99
4526 63
4388 66
92259 102
544|22
1 70
3 70
14 70
32 70
40 70
62 70
68 70
95 70
116 70
619 70
626 70
648 70
650 70
694 70
736 70
780 70
839 70
1042 70
1047 70
1059 70
1105 70
1356 70
545|5
1438 59
1267 89
2763 81
1367 65
44 55
546|13
1270 80
3328 84
480 76
1970 59
2456 52
1976 37
589 80
2657 69
1673 81
3941 70
3959 68
3566 53
1977 53
547|5
1211 74
2859 76
2917 84
1394 84
1288 87
548|26
69 70
260 70
356 70
733 70
1196 70
1393 70
1477 70
1621 70
2571 70
2716 70
3263 70
3578 70
3916 70
4776 70
4899 70
5955 70
6874 70
7458 70
8531 70
49910 70
58559 70
74532 70
80862 70
122904 70
125916 70
168712 70
549|5
2571 73
2028 73
4226 75
1210 73
589 70
550|6
167296 70
102125 78
106782 88
116797 87
112852 88
122882 86
551|20
5010 76
34162 70
60069 80
1544 58
45186 70
103772 68
51935 76
4226 82
2353 67
7153 83
5989 78
135569 73
115149 77
88129 72
134130 78
6934 63
47 79
4701 65
2959 85
98809 75
552|20
2916 66
3317 73
1405 50
2953 44
2245 58
2944 72
2890 67
2125 67
508 66
3948 61
5349 65
2959 80
2857 55
173 45
2991 67
2871 72
2628 56
4308 66
4878 74
3101 59
553|17
55765 88
3481 85
1923 82
2571 94
4011 94
50 97
3949 89
1089 95
44199 85
5513 70
2231 88
2395 79
3052 82
61257 70
1221 95
33166 88
2959 99
554|18
1196 93
1022 81
2820 70
1207 94
1517 79
1282 87
1210 94
1760 31
2282 61
1225 95
907 67
1358 84
2096 77
1028 90
593 96
608 94
953 92
2324 95
555|20
790 70
3664 70
1 83
3111 94
3395 71
104 72
1334 59
2506 71
2072 62
4002 78
1266 88
2641 62
2256 63
2791 82
2701 46
1333 81
1320 67
337 79
1393 75
3526 77
556|7
162600 81
122890 78
3081 78
88125 86
588 87
72998 81
74789 68
557|6
648 76
231 66
1291 87
260 89
1210 88
150 83
558|12
5329 70
5064 86
4903 75
2297 81
2568 68
4993 94
4306 89
367 74
5283 70
1097 87
4164 91
5294 87
559|20
552 63
608 83
355 45
329 65
544 62
1527 73
173 53
377 70
745 80
174 54
529 77
350 67
349 70
533 61
836 58
1210 83
420 54
786 60
227 56
253 74
560|20
5839 70
91535 61
136018 50
67997 84
79132 79
3253 70
142558 70
2355 70
39435 54
1527 72
40414 77
64614 78
48744 66
56587 68
593 83
76251 70
84944 71
109313 70
5878 80
40819 75
561|20
168174 70
5308 55
78469 58
3703 75
60069 74
91535 59
2105 63
73017 71
5445 70
2000 71
83134 73
79132 77
79592 59
80463 74
89745 72
527 81
8972 63
353 73
33162 66
68157 77
562|20
27140 70
6870 83
6377 89
2580 89
1249 93
4776 84
36529 82
1259 89
1982 80
2268 84
2133 74
83134 86
3210 78
48394 84
30707 87
33836 55
2692 89
88163 88
99191 70
1240 86
563|20
61071 70
70932 70
80858 70
919 75
74450 62
588 74
5943 52
118997 64
86833 74
1197 83
128832 70
85397 67
45221 42
33499 53
7380 67
96821 78
81784 53
95307 48
65585 67
55250 45
564|20
50942 70
356 82
31685 65
131013 67
61024 76
79224 53
87869 74
500 67
108156 61
81784 55
93270 47
6188 73
106918 81
65230 67
67087 71
80693 67
94677 78
8984 66
73266 53
2671 73
565|6
590 77
231 62
19 54
21 72
50 85
539 69
566|15
648 71
10 70
231 62
329 67
342 67
141 71
203 69
345 73
39 68
497 76
265 75
588 76
708 69
353 75
2 72
567|20
8189 70
26743 70
92681 70
109897 70
152071 70
5690 59
136602 49
122888 70
6333 52
1274 51
122922 53
153070 70
151687 70
117877 70
108928 42
954 54
122924 46
27773 51
648 44
135887 48
568|23
50 70
147 70
296 70
356 70
480 70
593 70
765 70
1103 70
1104 70
1257 70
1298 70
1895 70
2313 70
2359 70
2863 70
3053 70
3148 70
3261 70
3363 70
8169 70
46723 70
63853 70
65088 70
569|5
231 71
50 91
380 84
588 87
592 76
570|20
208 54
8636 70
48516 78
1225 77
586 57
2683 59
457 73
1196 76
110 74
4993 77
7361 78
1198 78
1079 74
10 65
3793 70
1391 56
589 73
380 64
527 78
185 54
571|20
1331 70
2982 70
2366 66
1128 58
610 67
2902 50
1998 28
3696 66
1980 70
1987 70
70 64
1924 58
2279 45
1327 49
3732 61
1972 42
1278 76
1644 40
2327 72
1978 37
572|20
1961 85
2570 65
2788 90
2321 76
111 90
904 94
2987 78
2302 71
1834 87
2539 68
2917 88
1307 85
1 85
161 78
3421 82
838 85
1356 82
2006 67
3167 73
1953 85
573|20
89745 92
72998 83
3752 74
356 97
7293 85
6754 80
8665 88
32587 89
1073 89
88744 85
1127 85
68954 94
98809 88
2640 86
48516 97
71535 86
59369 85
60069 92
88140 83
1562 54
574|23
47 70
110 70
150 70
153 70
161 70
185 70
225 70
231 70
292 70
296 70
300 70
316 70
318 70
329 70
339 70
344 70
380 70
410 70
434 70
588 70
592 70
593 70
595 70
575|8
2566 7
2580 83
296 88
2581 63
2572 75
2542 84
2574 42
2598 58
576|5
849 50
1321 57
1373 48
1479 54
2289 65
577|20
2415 70
1183 70
1288 80
1129 66
2944 74
2194 75
733 70
1213 80
2076 73
2020 77
1262 79
1931 77
1391 60
2987 68
952 76
1909 65
260 81
919 74
2248 71
1270 78
578|6
6751 70
52668 92
45668 83
830 76
72407 66
75446 70
579|15
3174 78
2485 64
1022 80
2018 78
838 89
1917 68
1391 70
596 79
1573 77
2965 70
1653 90
2599 83
892 84
2687 77
595 86
580|20
5767 70
6583 70
480 72
8844 70
6989 70
3809 67
41569 66
3699 64
4041 67
33166 76
356 81
508 72
8376 63
3578 79
608 78
3785 58
3089 80
1320 60
54286 74
1201 81
581|8
7153 90
5995 88
4973 92
116797 87
3949 85
4306 85
109487 87
6377 88
582|12
91529 85
2959 91
116797 85
4993 88
5618 87
2571 87
76251 76
69844 82
104841 80
48516 90
97752 77
76093 84
583|12
8533 69
88405 58
2706 67
117590 74
317 62
60756 67
6942 73
595 72
46578 77
104 66
2694 62
7451 73
584|17
288 68
22 84
203 79
315 71
500 86
316 79
539 88
234 56
296 85
257 90
434 81
586 75
338 71
349 88
282 78
480 96
590 93
585|13
3173 74
1228 90
54503 86
2959 96
428 83
1405 62
7254 80
441 85
1805 64
296 93
27373 70
5325 77
79132 90
586|20
34332 67
4016 91
111659 68
106002 81
149406 79
167036 90
45499 82
136556 70
5445 87
117851 78
1291 98
71264 89
106489 80
135436 74
3753 83
2640 88
3147 98
122916 94
3793 91
101362 63
587|20
1234 89
628 79
2012 77
534 81
2002 65
1641 83
236 73
1376 77
2622 75
1541 62
3260 86
497 85
3082 72
445 67
3448 82
2574 44
765 67
691 66
329 73
3406 72
588|12
50 78
16 72
20 49
356 76
350 62
198 63
593 77
364 73
163 67
253 68
223 70
3 60
589|8
1092 70
318 96
590 86
373 80
586 70
587 82
527 91
337 82
590|20
924 77
8807 68
2371 60
38061 78
81834 74
40815 70
4890 58
903 79
5 55
3624 60
555 73
4047 75
51662 69
2085 64
419 53
595 70
329 61
2376 63
3635 66
2398 74
591|11
2908 78
2706 71
2712 70
2355 73
3615 62
3578 82
2394 71
3798 63
356 84
223 78
2724 56
592|19
514 75
2 79
153 70
415 61
110 90
177 63
420 62
380 77
44 55
788 64
588 81
163 71
204 53
610 78
39 72
419 60
253 76
432 60
240 62
593|20
1196 73
1073 69
1086 71
1617 73
4034 72
41566 60
1197 75
344 54
8368 69
339 58
2959 77
8961 68
5816 63
2797 66
4896 66
588 67
595 65
5952 72
377 61
141 61
594|20
7031 70
2671 91
7115 82
1616 77
5943 67
1188 87
2269 76
1733 117
4902 100
6996 33
780 90
1429 88
6140 96
7046 69
39 86
595 96
799 92
2028 103
8482 70
7169 90
595|5
265 86
50 96
1186 83
1199 95
1966 83
596|20
33649 70
43744 70
182793 70
129397 45
128908 70
1 75
142488 84
122922 73
4310 58
71838 61
4025 58
2501 73
110102 75
149406 65
2774 70
5502 64
8665 73
6537 60
2571 80
345 71
597|20
1799 75
490 66
3040 76
2529 88
2858 93
903 94
3039 84
2000 84
1291 91
357 80
1228 94
1845 95
2411 61
1580 76
1148 95
1198 95
2723 75
485 67
592 77
2692 91
598|5
56367 81
8360 76
593 88
114265 70
103543 44
599|496
26142 70
26567 70
26590 70
26676 70
26854 70
27595 70
34800 70
53450 70
60803 70
69131 70
74696 70
79895 70
84523 70
87960 70
92674 70
98799 70
102735 70
102852 70
104017 70
105020 70
122433 70
157865 70
158874 70
160978 70
161044 70
174727 70
179053 70
1801 55
6035 66
3387 43
33437 56
112 50
5995 66
167706 70
4394 70
836 43
7235 50
8809 64
102749 70
89087 46
42011 38
432 36
471 56
5628 58
1015 49
2 53
2269 48
69 58
3947 54
79091 60
104837 70
4037 62
7587 64
6881 58
1449 62
7225 59
81229 54
68952 65
4728 48
5081 48
33966 70
1779 46
3669 70
87197 70
170297 70
79057 54
95965 70
55207 70
4007 60
1220 61
80831 58
46723 57
71282 63
7757 59
3259 51
92309 59
1376 55
7192 48
4654 49
101423 70
53468 50
62662 70
3174 58
3698 54
2882 33
2359 59
1183 57
2792 51
1095 59
8387 9
53125 51
115713 62
2949 58
2471 40
3 49
1231 64
3861 50
240 47
1480 57
2301 59
1445 41
8045 70
586 48
2942 44
1185 63
4594 70
2474 58
3671 61
3196 64
64839 62
98697 70
2606 44
1777 55
5309 44
7022 64
4873 61
541 66
27311 67
43921 58
67734 60
4240 70
5026 67
168 44
33493 57
4125 17
7354 52
207 54
1094 54
742 45
1609 44
1042 47
3362 63
4553 58
4632 51
2278 58
468 52
122904 60
75416 70
42718 59
4285 62
79274 66
1794 70
45081 51
108192 70
3489 57
3503 66
89804 58
163809 70
577 41
3071 52
1204 69
3981 39
95771 70
45382 67
6548 49
59387 61
166528 63
168492 75
6691 70
605 46
424 31
2991 58
248 44
97950 70
3865 57
1216 55
342 53
35836 58
27772 45
176419 58
151781 70
277 46
6320 18
39381 61
5111 70
4090 57
2450 34
2676 59
2356 45
79702 61
1597 51
410 50
1721 53
3702 55
183301 70
1387 63
2072 45
26729 64
2393 53
4247 38
4591 48
1032 56
3087 51
1895 57
634 34
210 49
2074 68
51575 40
3505 66
5247 40
481 49
4215 34
1355 29
2657 54
2028 65
4011 67
420 41
552 49
1196 67
2395 57
5303 55
1752 41
3186 55
4310 47
1784 57
3200 69
7254 61
688 39
473 39
1079 64
1552 49
1148 66
1544 46
63113 55
2325 55
26649 70
6804 70
161 59
4109 46
34332 47
1653 65
4808 39
7707 70
3468 71
502 37
1221 68
1792 51
68319 48
6787 65
2119 28
3884 15
4254 35
3973 38
103609 70
8934 70
5377 62
42632 65
55290 58
4506 53
7840 59
5568 46
1689 42
7005 70
103228 58
59947 70
786 44
4351 55
172253 70
4679 53
1411 65
117630 70
1590 49
112623 63
3146 39
8984 51
1920 47
519 37
179817 69
3979 41
3741 64
44020 44
26630 70
7285 63
3030 71
1021 40
8638 63
87 47
7153 65
2877 48
2018 55
3173 53
5198 70
7101 51
7701 17
3213 64
26159 59
2339 70
33896 63
2000 59
4006 56
136562 55
37382 48
6645 63
171763 70
8528 59
27008 70
4017 61
4167 57
86142 66
1249 66
3255 56
736 44
2779 53
84414 68
27773 64
2083 62
98499 45
4034 66
119828 70
1993 38
94864 51
6631 24
2321 57
26242 53
3703 62
41566 53
2529 62
1968 59
8914 59
3257 46
159403 70
1036 63
76093 61
5103 55
6947 60
1952 65
2124 51
4084 45
6016 67
778 66
81 50
2171 61
1253 62
4275 50
7982 44
3723 60
849 45
2681 53
6565 62
39414 52
122916 62
6440 64
8917 57
72011 61
1605 49
1240 63
923 65
68157 66
5961 70
5053 70
3571 62
2403 59
3871 69
44238 70
72226 66
7004 45
2054 45
62970 51
5159 54
354 60
122924 52
48774 64
1394 63
3763 50
70286 64
1904 68
3969 58
81562 58
102590 70
233 60
4155 57
1031 58
76 50
459 38
1097 59
1178 69
60291 7
3328 67
1232 59
3036 59
5283 48
4327 60
610 58
2726 66
4732 34
5970 53
2396 60
594 56
1247 64
45499 52
3476 57
2399 39
137218 70
1997 62
3271 63
27801 63
6365 52
1799 54
580 57
122900 58
2803 49
80219 52
466 44
110882 64
3997 36
26176 70
2378 50
117895 35
26662 66
90603 64
119218 70
44 40
809 39
1960 60
4519 51
1959 61
414 37
1073 61
61236 52
1479 52
4019 60
1245 68
37857 63
161032 70
371 54
3020 57
88593 70
6774 64
2005 60
90405 52
26285 70
6793 33
627 61
1617 67
6734 30
108090 70
2427 52
51024 58
122922 60
3440 33
6874 65
4919 56
338 46
81591 58
1704 64
1499 32
357 56
62155 58
144 53
34148 61
53519 52
4504 70
2796 49
216 55
6827 19
1429 55
7445 55
1385 46
90471 56
8425 70
10 56
26542 52
7387 64
72998 57
89470 59
3629 68
1297 58
3424 65
1672 54
44761 65
196 40
70703 70
2383 34
180 58
4040 36
6333 60
4440 69
5291 61
88235 59
1639 57
4580 9
153236 70
86190 56
4477 32
103027 70
32291 59
34811 70
5171 49
122260 70
8784 60
5954 63
8798 62
707 46
880 42
314 58
61323 58
600|20
3269 49
1394 72
3785 50
2717 51
5569 63
4306 66
1206 73
56775 55
2015 60
7 46
2013 54
262 66
1210 70
1060 67
2431 58
2077 62
2423 62
4641 64
527 73
5076 51
601|20
141846 70
68157 90
1262 91
106782 89
60069 90
49272 91
5445 81
1193 91
1207 91
79132 91
904 95
166024 91
1917 67
7153 93
2324 93
170697 81
31658 91
5989 88
88810 90
2571 92
602|20
161 72
19 53
350 70
494 69
14 64
471 65
125 68
434 62
235 64
481 55
315 56
371 66
474 70
527 75
21 63
349 69
440 68
339 71
480 76
163 60
603|20
602 70
803 70
2008 70
2577 70
3459 70
4787 68
2912 77
1769 53
485 58
4420 70
920 73
1 73
2706 65
1844 79
3787 82
1222 80
190 48
2716 76
3983 84
101 79
604|20
220 70
292 75
151 78
329 69
410 66
426 64
435 55
316 69
22 74
235 73
181 48
332 63
273 60
637 66
285 70
173 58
588 80
23 69
553 79
1 83
605|20
35347 70
6787 76
1197 81
5667 70
42738 60
51662 70
7373 67
596 65
780 63
4571 69
2316 61
7454 53
150 69
60040 60
8977 44
3269 55
72982 70
1210 78
62376 49
60937 47
606|20
263 70
563 70
583 70
3808 70
4671 70
4840 70
5856 70
6111 70
6573 70
8685 70
32728 70
55805 70
3147 81
4392 77
2311 76
6308 48
50842 8
6591 91
8270 77
2025 93
607|20
891 74
1610 80
448 78
3147 86
1094 70
1307 82
592 72
204 51
1552 64
527 89
3476 74
296 88
2313 78
3440 43
423 62
1518 69
2118 80
2193 73
380 73
2028 85
608|20
52245 65
2997 79
3793 75
2763 73
174 44
2000 71
1214 76
919 70
2700 75
4161 63
5146 62
1639 68
541 77
473 44
2529 70
522 72
4343 57
1909 66
2431 64
1220 72
609|8
296 75
833 37
356 74
339 60
454 63
318 79
208 52
292 61
610|20
5953 70
58975 70
70206 70
78626 70
82765 70
97988 70
107447 70
107462 70
110591 70
110746 70
118082 70
139655 70
160341 70
86644 62
56801 55
61024 79
77561 73
4816 77
62434 78
3972 86
