1|20
260 101
1927 102
804 77
3 79
1009 74
2406 85
1587 80
3671 96
2617 77
3053 96
2571 100
1222 101
2137 86
1377 75
2395 87
2761 97
2641 73
2872 89
1258 100
2700 94
2|6
333 72
122882 75
71535 75
46970 65
58559 81
80489 74
3|8
5764 70
647 38
6835 70
5919 38
2851 31
2288 41
5048 29
4518 36
4|20
106 70
1291 76
3408 66
265 69
52 67
4347 71
2467 73
908 78
345 69
1304 76
1923 68
2959 81
368 65
1219 76
4765 74
1199 79
4166 37
1732 76
21 66
2858 76
5|9
515 74
1 77
364 79
608 83
290 81
261 75
34 70
318 87
21 70
6|20
349 80
318 96
775 70
141 77
348 77
104 73
327 64
410 69
165 78
87 66
366 68
17 81
1084 86
222 75
16 85
416 53
277 69
460 63
867 14
316 73
7|20
8528 69
3623 51
8636 69
8360 67
1517 66
466 53
8373 44
1220 70
7155 51
8808 51
6863 61
31878 66
1610 72
1219 75
4700 61
45668 59
8970 68
27741 76
6333 68
8865 52
8|10
356 84
47 80
231 61
318 89
454 72
292 69
32 80
141 70
380 70
252 68
9|10
5451 60
923 80
5890 88
2901 61
922 84
6044 70
1987 70
5378 63
3735 76
5447 58
10|20
597 64
33679 61
8533 67
8969 58
72720 69
88810 73
136020 58
6377 73
5943 48
109374 71
113394 70
61250 47
82167 54
140110 64
5377 69
77841 70
6942 69
1028 72
72330 70
66203 54
11|13
733 78
1584 81
1210 90
170 74
1438 59
648 75
1918 65
493 81
10 76
457 87
1693 76
150 84
1923 80
12|7
2717 76
2100 81
838 99
2072 78
1876 76
2581 78
6942 96
13|7
3717 70
3624 68
3798 70
2174 77
47 87
3893 76
305 61
14|10
344 61
477 67
110 82
540 54
597 70
153 60
592 67
4 46
539 72
105 65
15|20
91529 74
7438 73
111759 72
2329 78
1 72
1909 64
1240 71
115713 73
1200 75
293 74
2571 76
3949 74
120466 65
1198 79
2028 76
2011 66
158 53
160980 67
4306 73
4022 68
16|20
1230 74
78499 75
913 76
1136 76
1299 73
1617 75
1203 77
3429 79
2858 74
608 76
3683 76
4002 68
1199 77
912 77
2707 60
5782 73
1260 69
319 69
27773 74
2109 62
17|20
260 88
64839 81
296 87
5952 85
527 88
1193 88
3681 88
1240 80
2717 62
2858 84
1093 72
81932 80
5618 88
50 89
5971 83
2959 91
1201 89
541 87
82459 82
1 82
18|20
8117 70
65596 70
88094 70
145283 70
157110 70
166015 70
171023 70
103253 63
60684 78
44199 77
2 69
86628 75
59784 71
2918 78
109374 80
4226 85
53129 87
139385 79
47 81
1291 82
19|20
3692 70
3662 46
54 39
2733 38
1702 45
1240 62
1270 66
3712 48
1881 51
216 57
3 53
1834 65
2184 57
3017 53
2044 32
2354 43
2005 61
3146 41
3387 48
2694 52
20|20
1566 74
5419 64
4014 78
2140 76
586 65
661 70
3189 77
5014 85
1333 80
4161 70
3784 66
1030 59
5313 51
2804 85
2054 59
34 78
1097 81
6358 70
4519 72
1722 65
21|20
107013 70
117922 70
140301 70
57640 72
2985 62
2990 64
2717 55
5418 73
31433 60
112175 74
7153 78
30793 59
4446 66
52973 66
45186 65
2023 66
79185 63
1721 65
102125 69
5459 61
22|20
8961 54
2723 46
60950 49
64575 49
1193 58
70286 53
4993 57
2160 57
39183 49
7147 53
3996 54
3481 51
55765 54
48780 54
7361 58
51540 52
6711 56
2968 53
3949 55
48394 53
23|20
6234 70
3996 70
293 73
1206 75
1136 76
1960 69
7587 72
3424 75
3181 76
2467 70
1248 83
1617 75
6807 73
1952 75
6440 73
1258 74
1243 76
1080 71
8228 67
1711 55
24|20
1784 71
2617 61
111759 76
134853 77
58998 73
1265 76
1198 82
3147 79
1197 82
1220 73
2424 62
5418 74
72011 71
54286 72
27773 78
64957 68
356 80
44191 76
1682 74
68358 76
25|6
58559 101
60069 97
74458 95
79132 98
527 100
260 100
26|21
10 70
34 70
47 70
150 70
153 70
165 70
185 70
208 70
225 70
288 70
296 70
300 70
344 70
349 70
356 70
380 70
434 70
454 70
457 70
592 70
593 70
27|20
1196 84
2478 63
2640 73
3508 86
3555 69
1201 85
3519 63
969 81
2080 70
673 57
2886 19
2529 78
1387 81
1101 68
1947 73
1250 84
1276 84
3114 78
1083 64
3809 68
28|20
27450 70
60943 70
61011 70
63033 70
5617 66
59369 59
60046 70
507 54
3300 60
55094 56
59018 70
26695 70
2951 66
3006 62
2231 63
5418 63
26812 49
2058 56
353 62
61167 70
29|17
98961 84
7379 71
1250 89
1201 90
111362 81
48516 89
1100 54
26554 90
3441 72
4327 76
2872 77
2301 79
1617 87
3681 88
55820 83
4223 77
99114 84
30|7
5952 98
108932 94
1200 96
91529 98
116823 88
112852 98
1198 102
31|10
1198 92
1200 87
648 74
1363 67
1073 82
1036 84
1197 91
377 76
1246 86
1270 87
32|20
236 69
314 80
1356 80
357 74
224 76
627 75
1079 85
1084 85
318 93
761 56
1197 89
849 62
912 89
880 57
1198 89
58 85
203 71
608 87
497 82
410 66
33|20
110 82
17 77
2396 78
2272 61
448 72
428 76
265 76
1280 88
1177 86
1617 84
50 87
261 77
11 75
452 54
345 76
608 85
150 78
1188 74
800 82
2690 76
34|18
780 64
2273 62
3717 61
26606 73
45499 64
3996 73
4310 59
3624 60
31685 61
1721 65
5146 61
7090 77
70 66
2006 59
3000 77
4306 74
27728 30
3997 38
35|5
11 88
185 73
595 88
21 82
300 82
36|12
5171 41
3066 62
552 45
4025 43
1262 60
2735 40
2359 52
1372 50
1278 59
2194 57
3347 61
1704 59
37|5
344 71
356 98
661 78
329 78
457 93
38|16
434 56
39 61
223 71
161 68
246 77
168 57
273 53
480 70
356 77
457 74
364 73
50 76
500 64
300 64
551 63
21 64
39|20
2571 86
2391 78
1921 83
1862 42
1219 85
1907 78
2081 76
2459 69
924 83
2529 82
1729 76
47 83
260 87
2080 73
592 71
296 87
3213 84
610 75
589 82
596 73
40|20
440 79
454 79
588 85
339 76
158 63
432 59
431 85
186 62
616 81
514 81
21 79
592 77
1 88
223 87
585 62
216 79
104 76
371 76
111 93
267 67
41|20
96829 73
64839 67
122882 66
6287 53
1569 59
106920 69
86781 79
3160 65
1721 59
2028 70
6763 37
5418 66
53519 57
122904 66
55247 68
924 68
4011 72
2324 72
35836 61
5995 70
42|20
3869 80
4654 62
1021 53
2423 77
3248 44
4477 44
2500 45
1431 57
195 70
3326 78
2407 72
1090 87
2735 60
3693 55
1020 72
4545 72
4132 55
2263 58
3535 84
2805 64
43|20
225 91
296 116
596 97
588 104
587 92
420 73
158 75
631 79
5 80
597 96
168 80
355 62
47 110
367 87
519 63
594 99
236 88
1 107
60 85
259 80
44|10
36 78
663 71
12 48
661 68
94 79
1 80
104 69
112 66
494 72
889 70
45|20
2718 79
1036 87
2028 93
1653 91
1682 86
2396 86
3249 72
261 85
4308 81
329 74
1367 69
2890 84
593 93
1127 82
2431 77
6377 92
569 68
1197 95
1060 83
2858 91
46|9
590 87
588 84
315 69
208 65
1 88
432 62
225 81
434 70
339 79
47|20
508 62
68932 57
72395 65
2420 60
597 59
148626 67
5989 65
96588 64
69122 62
6155 56
4975 57
30749 64
106100 66
45950 61
2028 68
4018 53
1259 67
6373 56
33166 65
2407 55
48|7
4886 89
1320 73
1527 85
1193 96
3793 85
48 73
1653 92
49|5
2028 89
1214 85
139385 85
318 96
527 90
50|20
8143 70
114335 70
136564 70
142074 70
171759 70
175693 70
179073 70
175707 70
71264 54
82848 70
1377 46
44555 63
8157 57
6807 61
95543 45
8253 50
96610 55
924 61
32875 70
4896 55
51|20
7040 70
5620 66
2613 62
4437 92
2023 79
1500 84
522 85
858 99
4508 81
2951 91
1014 83
1407 74
2282 64
2420 82
3388 56
260 95
3186 78
3994 79
3501 59
2371 72
52|20
152081 89
51255 96
74458 93
1923 86
7438 93
40583 83
59784 81
55765 92
112852 95
86892 90
55363 96
112138 87
49272 95
52245 72
69481 94
50794 69
1704 97
54736 89
44665 91
47200 77
53|5
481 89
1100 70
249 106
1125 101
916 116
54|7
296 67
593 68
639 44
1 63
205 51
161 60
500 56
55|5
2407 50
673 43
3275 64
2890 56
4011 63
56|10
786 70
253 80
165 81
110 92
589 89
370 70
434 69
410 71
69 84
185 69
57|20
2140 70
942 83
920 71
3175 70
1784 71
3429 83
933 84
1193 81
3446 31
160 54
1499 36
2640 70
892 73
11 69
2947 74
6 76
2478 62
2291 73
1688 64
2301 73
58|20
588 86
282 73
185 67
419 62
367 73
277 70
48 72
280 86
337 84
345 84
3 74
357 80
527 95
587 79
218 75
500 77
508 85
368 80
364 91
353 86
59|20
1696 45
6460 108
3489 79
1188 82
1222 93
2076 87
3448 84
1263 90
1247 92
527 93
1244 91
904 97
903 92
965 87
2616 66
1953 87
608 93
105 73
912 95
3471 84
60|5
832 64
58559 79
805 69
455 47
858 82
61|8
266 70
1101 71
7438 83
173 57
555 79
2012 73
4878 86
3949 84
62|20
99114 90
176371 84
3793 83
56757 82
73017 86
30793 70
179819 71
68554 75
185135 96
168248 94
5903 87
4878 91
2028 92
5502 75
6058 66
344 67
1721 77
45499 76
41566 79
78105 66
63|20
5669 72
4246 70
48780 76
500 64
6016 80
31658 78
2858 77
64285 79
85414 67
1221 81
106696 70
4963 74
50 81
1097 71
260 79
110 75
1222 79
4979 71
5952 78
77561 66
64|20
5878 86
3101 67
2640 76
2959 91
8784 79
2054 58
4239 79
4025 62
5026 87
40819 82
266 69
2699 61
27266 83
3969 76
1805 63
6296 79
4776 79
3148 81
4262 82
356 86
65|7
1246 81
33660 81
7458 71
2329 85
4993 84
91542 75
3147 84
66|20
593 93
47 88
5418 85
922 95
2139 83
2956 67
3745 77
1956 90
4581 70
5349 80
1210 90
1094 76
2001 72
380 74
6539 85
671 77
1 86
6378 82
7766 94
296 94
67|8
99114 81
4306 80
27193 75
79132 83
60069 82
2012 70
4886 79
4993 84
68|20
47978 70
95218 70
6534 51
48696 70
67267 73
30825 57
1799 66
3556 69
8622 66
4351 62
63113 66
58295 66
7151 65
2413 67
6287 55
653 58
41566 67
5541 59
260 73
48043 62
69|10
4370 80
4848 96
3671 95
2476 91
1193 101
356 100
553 90
4022 89
260 101
3994 85
70|13
1193 90
1097 81
1914 80
1269 87
4995 87
318 95
8949 82
1968 83
1210 88
89492 83
1250 92
1235 92
2366 79
71|7
494 71
647 70
736 66
95 60
733 73
589 80
7 62
72|9
1047 71
150 82
858 95
2490 77
1357 89
260 92
50 94
1198 94
1196 92
73|20
1193 86
45720 77
105037 59
6333 79
59315 80
76293 66
138204 76
2706 74
152081 79
45221 43
68135 74
150 78
8376 70
93510 80
59784 72
116823 77
106072 72
1682 77
52245 64
35836 73
74|20
31522 70
2594 84
2908 84
30749 84
6870 83
3006 82
52281 80
49772 86
55118 88
2997 87
6305 82
608 90
4546 86
41863 88
27773 88
6001 90
1251 92
6552 84
46976 81
44555 91
75|14
5445 65
1240 68
5952 72
2193 63
6870 67
2529 69
168 53
541 73
3176 63
1962 65
2078 68
1889 68
1266 73
1374 67
76|20
48877 47
5956 58
2918 61
58803 58
1247 65
74458 63
7669 70
79132 65
8957 50
858 68
55820 63
1258 65
63436 41
1201 68
1208 67
48 50
288 53
34405 64
1 61
1196 66
77|6
3996 78
4973 87
7361 86
8636 77
3578 80
33794 79
78|13
296 78
165 67
3809 64
589 74
546 40
27904 71
260 79
590 70
480 70
68791 63
344 57
44974 71
380 65
79|13
3266 105
3029 76
589 88
1916 80
307 89
4005 74
260 93
1189 90
1345 75
2000 83
1374 85
2659 70
2076 86
80|20
7445 84
96691 75
84189 70
91630 86
49530 88
8950 92
6539 91
4223 86
5630 80
3527 85
76251 85
80363 66
52604 88
6502 94
34048 77
1221 99
60684 90
6952 68
5989 92
77561 82
81|26
10 70
32 70
47 70
110 70
150 70
153 70
161 70
165 70
208 70
231 70
288 70
296 70
316 70
318 70
329 70
344 70
356 70
364 70
367 70
377 70
380 70
457 70
480 70
588 70
589 70
592 70
82|20
6886 70
2381 51
2378 62
6566 46
368 70
6536 73
3253 72
4310 63
1608 67
1372 68
145 63
356 80
6708 74
1485 63
4369 64
6564 51
6888 44
5803 45
4015 57
364 79
83|20
56367 67
7143 67
7323 66
6539 67
161 64
586 53
2115 64
1270 71
6874 71
2324 73
1537 69
7153 72
68954 70
48774 69
30749 68
8014 74
1222 72
3753 61
1223 77
64983 57
84|20
55 70
987 70
912 86
1096 80
420 56
1227 84
113 55
580 55
5060 78
1293 77
900 73
1097 76
62 73
368 72
1305 74
1247 82
1296 80
11 75
1073 77
1094 69
85|7
1519 70
1624 48
1140 70
1694 56
1643 73
1747 68
1635 79
86|14
4993 87
4310 65
6947 77
2411 59
457 82
5418 81
3996 81
4901 73
1835 73
33794 82
1196 88
3555 73
1097 79
2687 73
87|5
4023 66
2009 75
3504 90
671 75
2139 80
88|12
7312 70
74795 75
4993 90
68157 90
5952 89
1193 91
223 84
8665 82
4262 85
56782 96
8677 45
58559 91
89|104
26645 70
32060 70
44851 70
53280 70
53578 70
67888 70
69211 70
81087 70
84246 70
103602 70
108078 70
109596 70
118894 70
121007 70
128089 70
128944 70
131098 70
131439 70
134847 70
140481 70
146684 70
148632 70
150554 70
164226 70
30793 51
169912 46
87869 73
1923 57
4015 54
950 64
173253 70
2324 64
27826 70
92259 67
11 58
3977 52
86298 58
8154 70
77688 70
2997 61
170837 70
49274 46
157775 70
1 64
142196 70
99117 49
62008 70
72624 70
108156 68
3752 54
2059 49
128520 83
3175 58
133879 70
48649 70
126088 70
5529 39
65588 70
99130 70
40962 46
1732 59
68659 58
91666 70
2683 49
3751 52
750 65
6650 73
149508 70
2395 54
51575 59
65230 48
171751 70
85881 63
139157 70
6863 61
4246 64
108949 59
1230 61
160567 85
73319 56
177185 70
130520 68
5220 41
121338 70
153386 70
50872 67
149566 70
145491 70
4890 59
129354 50
32243 70
84944 56
6402 70
1288 65
140133 70
119141 64
947 73
176621 70
4973 63
158398 70
69469 70
54503 63
141928 70
102481 76
90|11
1137 70
1144 70
581 98
81 71
892 84
1073 86
116 71
896 45
17 83
7 68
613 68
91|20
3013 70
6395 70
8147 70
7153 80
3360 73
2791 76
3897 77
1080 77
4850 62
3429 83
7000 64
2060 67
2916 71
1391 61
2100 61
318 84
2146 68
1225 81
1246 77
8501 66
92|5
2572 84
2114 87
1015 70
2454 77
1801 82
93|20
736 83
1917 76
552 80
1721 86
539 90
480 95
1372 86
368 90
2355 91
1923 91
2193 89
2006 79
339 87
1097 95
1591 68
260 105
2968 96
1676 83
593 106
558 74
94|12
231 52
377 64
367 57
364 70
288 56
19 47
10 61
586 54
590 68
380 62
589 69
318 77
95|20
18 82
4878 91
6979 78
4732 50
3019 91
5246 40
32 89
2952 82
1247 92
1198 96
5283 68
3361 84
1513 67
2009 77
539 78
122 59
1584 83
1240 86
4262 88
5349 81
96|16
527 87
1094 71
272 79
3819 93
150 80
2021 72
2571 85
1214 82
2058 70
1220 78
733 74
2340 64
1721 71
2396 78
367 67
1291 84
97|8
4701 77
4306 91
3578 92
4993 96
4963 90
4299 77
3981 56
4161 78
98|19
81845 86
8961 82
122912 83
5299 68
63992 52
187541 64
56152 79
134853 84
69644 62
6863 72
5618 89
56801 54
3499 83
134130 84
74789 64
82461 70
1258 87
88810 86
79132 87
99|11
318 110
161 93
420 69
592 84
196 67
122 66
145 78
150 98
316 83
236 84
588 94
100|20
497 85
296 89
1393 77
95 64
592 74
605 61
6059 76
28 88
2245 70
62 77
4308 77
1777 75
838 84
2125 82
1288 89
234 54
1197 91
2005 80
4014 77
4623 76
101|13
2580 83
3285 62
2723 68
2700 79
2908 79
2390 82
3175 74
2395 74
358 55
2702 63
3394 56
2997 83
2502 85
102|12
158 55
588 74
150 75
592 66
253 69
480 73
344 59
539 69
553 72
593 82
586 60
223 76
103|20
86014 70
1954 85
60040 70
1968 82
77206 70
2161 78
1732 88
81834 85
608 90
2384 61
4254 47
104 72
139642 65
56782 94
2096 74
101 84
6534 57
374 47
60069 86
30793 68
104|20
4740 70
743 49
5218 73
8643 65
1288 82
47997 73
468 65
76251 72
8533 74
4018 63
38038 77
1566 70
7361 84
6060 47
3034 72
1641 75
4641 72
108190 58
616 72
7034 76
105|20
4788 70
69685 70
95311 70
95313 70
110586 70
141816 70
141818 70
170597 70
172587 70
172793 70
173351 70
173535 70
6433 58
4974 58
70286 82
108981 70
95175 70
69122 81
1243 88
3916 81
106|7
69844 92
72998 84
59501 81
86880 79
5349 85
53125 82
59784 81
107|7
231 69
253 81
590 89
165 82
434 71
208 67
318 102
108|16
800 89
6022 66
4995 89
2585 88
5316 69
4975 76
3978 68
5349 80
2926 80
4246 81
4878 90
4994 79
1968 85
1684 67
497 87
5380 87
109|20
380 64
1033 65
231 56
364 74
589 73
480 70
62 67
31 60
587 66
1032 65
586 57
778 76
540 50
256 53
163 66
252 63
223 72
553 68
537 61
168 57
110|11
26171 58
2468 49
1198 83
1089 83
1222 82
1208 84
4881 77
47 79
527 82
1193 82
2428 51
111|20
100194 70
162602 70
171251 70
2145 64
96588 75
65088 65
66203 56
84772 74
2081 70
91529 82
6365 72
45666 49
3255 67
1282 73
6539 80
86833 68
122882 75
59143 79
86911 65
5283 60
112|13
788 55
161 71
1917 60
16 79
21 71
208 58
434 58
39 67
3717 64
19 54
110 78
32 79
70286 77
113|20
4083 70
39 67
3168 74
932 87
2331 56
3359 83
1086 83
3504 84
1339 72
904 88
3546 70
4063 42
4062 65
1077 78
1589 73
2475 64
3831 75
46 60
1733 95
4007 76
114|7
141718 70
54001 68
2291 65
167732 70
122886 67
8961 67
3147 72
115|20
1580 74
2804 85
1387 85
2792 69
3146 53
3273 55
3052 78
2841 75
2719 46
595 79
2700 82
383 67
2027 42
2148 64
2770 59
3785 64
2916 78
3175 77
588 81
1377 66
116|18
2716 70
858 79
1299 74
62383 58
1339 66
1276 78
597 66
1029 63
1101 63
2797 69
2657 62
1961 72
1407 60
5995 75
1704 76
165 66
2115 68
8360 67
117|20
708 66
587 70
589 77
151 69
36 74
1036 76
595 72
288 63
596 68
48 61
315 59
454 71
353 72
474 72
10 67
60 62
805 70
491 64
616 69
485 59
118|5
1221 80
1625 69
153 54
1961 73
1810 66
119|20
95441 73
117176 88
1092 74
91529 93
74458 90
4387 83
79132 93
168252 95
44022 76
78499 95
122904 89
106782 93
442 69
4993 94
31685 73
6365 79
141004 49
4148 69
88744 86
8644 79
120|5
260 83
32 78
5 58
631 57
52 72
121|12
497 73
440 66
161 68
527 78
292 64
344 57
186 53
316 62
1 73
19 51
163 67
337 69
122|20
27660 88
69784 85
7022 98
148652 69
4816 85
56174 85
94959 94
81591 89
71535 94
30810 87
2997 98
1732 99
108932 94
780 82
1090 97
3253 85
106782 98
72226 101
1200 98
1214 96
123|12
68554 68
115569 82
79132 83
109487 82
1196 85
4226 85
296 85
7153 85
143458 70
47 81
96829 86
2858 82
124|10
56145 80
2161 78
260 90
175 89
1358 82
6377 87
4226 91
3147 88
608 90
1223 97
125|20
5088 70
86721 70
110330 70
54503 82
72011 77
162578 88
119145 80
176371 79
55247 82
1240 80
86332 74
68157 86
112623 74
4082 41
160567 85
3342 69
109487 83
88140 74
98607 70
81562 77
126|8
364 73
349 66
231 55
380 65
410 58
300 64
253 64
457 74
127|5
2915 55
903 64
55276 59
5060 60
272 60
128|7
904 91
965 81
926 85
1066 92
1721 72
1080 82
1198 89
129|20
4370 72
480 79
3698 72
2692 87
2138 86
1968 82
8368 85
653 66
7143 82
316 70
6874 86
239 63
2916 79
733 77
4896 82
2028 88
3977 59
3000 87
1907 80
31658 87
130|6
208 59
316 67
292 70
110 83
590 77
296 83
131|14
2273 57
6947 65
58559 74
908 74
4878 72
89745 70
7256 71
68237 71
2722 51
2028 73
48516 75
3178 65
64614 70
969 72
132|20
6251 70
3275 70
4995 67
2987 60
7444 55
3262 58
4168 48
31658 67
44191 66
1089 70
3967 65
5502 56
50 70
58559 69
5992 67
2108 58
1844 69
2657 56
47 66
2470 53
133|7
454 56
356 66
589 63
150 61
153 46
380 55
527 67
134|7
442 64
595 78
349 76
380 74
367 68
509 73
296 85
135|20
592 71
4084 59
893 67
3994 73
2004 72
608 87
1358 79
3852 71
3489 73
1614 63
1198 88
4128 77
1883 66
2302 68
1291 85
410 65
1261 87
4022 76
4881 81
1077 80
136|20
161 77
193 50
585 57
338 60
277 65
380 73
181 47
337 76
437 50
165 74
611 59
151 73
340 67
252 71
432 57
552 66
350 72
280 79
273 60
150 81
137|20
6787 82
2716 77
1198 86
750 89
919 77
1270 81
318 88
150 76
2997 81
1200 81
6986 70
7153 83
1242 83
110 80
33493 70
1197 86
2959 87
1237 89
903 83
7762 84
138|5
2707 66
1960 77
1959 76
849 60
3996 78
139|20
4025 38
7445 44
60684 48
4865 45
68319 38
7090 50
5502 41
260 50
8371 41
53953 38
58025 38
106782 50
6957 41
7163 36
3827 37
3624 40
52722 38
54259 44
4367 38
115617 47
140|20
5699 70
5299 63
1393 70
356 83
609 63
32596 61
4795 67
34072 71
1617 80
5256 47
5943 51
1084 79
4337 70
3108 76
43396 75
4719 55
1005 43
4321 67
5812 75
4259 71
141|20
5418 74
54503 75
4963 74
2478 61
71535 74
317 60
68954 77
54286 72
6365 65
54272 70
4447 63
5502 64
6377 77
6373 64
1265 74
91529 77
2502 78
441 75
1517 68
48516 81
142|8
434 63
384 74
588 78
50 87
527 87
356 87
337 76
377 74
143|15
1721 64
61250 48
6942 71
7169 67
8533 69
106696 69
3421 71
87232 71
78316 64
69069 67
59421 53
2144 70
96821 75
7173 59
500 64
144|20
589 78
541 83
8368 79
597 70
590 74
410 63
1246 80
527 83
356 82
500 68
19 54
2700 76
434 59
733 71
780 68
1036 78
5377 76
552 63
586 61
2081 72
145|5
344 60
339 66
380 67
318 87
588 75
146|7
7293 67
3257 55
32 73
1367 57
3686 56
410 59
47610 69
147|5
1234 84
168 62
552 65
555 78
2395 74
148|10
88125 74
5618 80
108932 75
81847 74
72998 68
5816 71
8368 76
7153 79
81834 76
4993 78
149|12
1097 59
1374 60
1831 38
1527 58
260 66
173 43
1206 65
1200 64
2021 55
1580 55
1391 49
1375 52
150|6
3 67
1356 78
5 61
95 61
733 73
1073 78
151|12
786 74
562 91
780 81
837 80
747 71
1265 93
828 77
1073 91
1 93
648 82
1393 85
1359 64
152|13
50 85
2959 86
116897 86
89492 76
1193 83
69481 80
85774 74
115713 78
111 82
92259 86
1234 82
79132 81
318 88
153|20
134853 48
1732 49
8533 45
4014 44
81456 40
106782 48
8528 46
6863 41
87194 40
2617 37
1246 48
106100 47
1954 47
7458 42
4226 51
89904 47
72998 43
133780 70
586 36
36535 47
154|7
114662 86
119145 92
81834 95
122904 92
106072 81
76093 94
77561 83
155|10
153 60
3286 37
1200 85
260 88
141 73
2355 76
2384 61
2948 81
432 55
2959 91
156|20
26313 70
31038 70
1230 80
1711 60
3341 82
6296 74
762 47
2361 56
2076 77
4784 59
661 65
2926 71
8571 70
47 78
3176 69
58 79
848 61
866 81
1485 61
923 80
157|5
785 64
3617 59
2720 39
2770 53
527 78
158|6
1093 72
2605 63
2872 76
2723 69
2428 53
66320 70
159|20
2959 76
60069 71
45720 65
597 63
4022 66
89864 66
49286 61
140110 62
84954 57
4447 58
1197 74
68954 71
6942 67
1961 68
106696 65
480 66
539 62
166643 66
40819 69
63082 71
160|20
126 36
1371 53
1198 71
196 44
3408 59
5349 60
3213 68
2408 43
839 47
3593 26
2748 28
533 49
1975 45
1676 56
3745 58
2011 58
733 59
3826 41
778 69
2840 45
161|8
4980 63
7247 76
47610 77
1223 92
38038 80
3429 89
2144 77
2336 77
162|8
150 90
225 82
168 72
50 101
300 83
266 80
31 78
62 85
163|5
1608 61
1810 63
1747 62
1777 63
1837 47
164|8
1036 89
2916 83
110 91
589 89
3527 83
1101 77
1201 96
2167 75
165|13
2353 67
3624 62
110 79
5505 66
5527 72
3256 69
5956 71
5418 75
5530 48
5450 70
1127 71
3409 58
5881 63
166|20
33794 84
1721 73
4011 90
5378 69
3481 81
49530 81
2353 73
47644 64
54272 79
8961 83
1198 91
2542 88
1036 83
608 89
434 63
5219 67
5418 83
2396 82
349 73
2324 90
167|20
33493 66
4886 73
778 77
3052 69
7147 73
6857 74
45501 54
6480 70
1682 72
2231 73
784 53
33794 74
2083 73
2413 68
6333 71
8961 73
2139 70
150 69
6773 72
35836 67
168|19
3730 96
1248 102
1201 95
1089 94
296 93
923 90
1222 92
5291 85
3543 86
1302 81
3362 88
1148 94
3101 72
57669 94
2076 86
1729 81
908 93
85354 62
80463 88
169|20
3536 83
2028 101
364 98
953 100
4886 95
5400 74
8644 84
524 85
2795 90
1022 87
3114 95
3967 96
1517 87
1035 98
8641 91
6365 83
661 80
457 96
3287 57
1416 84
170|10
318 85
296 79
586 59
377 69
34 70
592 65
277 60
500 67
266 65
588 73
171|17
485 73
1220 91
1025 90
801 69
1259 96
1079 98
828 78
317 75
869 89
380 82
1136 100
1225 101
661 79
318 106
47 96
1198 102
1208 102
172|6
3087 62
3578 78
7438 78
2072 60
3793 72
2762 77
173|5
10 67
329 64
586 60
597 68
588 73
174|14
553 76
520 62
224 73
648 72
161 78
317 67
158 61
780 73
315 65
485 63
282 69
440 75
350 73
10 72
175|5
531 70
8911 70
43904 35
38388 83
8362 58
176|8
165 81
434 69
39 76
368 81
380 79
780 79
47 91
471 81
177|20
42002 64
91542 73
6332 59
3668 72
45672 60
783 63
27706 63
2657 64
114662 70
1206 78
83132 77
5218 72
508 71
3114 74
1321 65
2176 75
8798 73
88140 70
2012 68
339 64
178|16
7361 91
527 91
2329 90
5995 88
6502 86
4235 88
1198 92
208 62
6539 83
296 90
349 76
10 75
4226 90
1240 83
2579 84
318 95
179|14
367 72
589 86
161 81
231 66
288 71
743 54
1061 80
317 71
786 68
592 74
671 74
296 89
434 68
364 88
180|5
1261 82
260 82
1748 78
1242 81
2140 70
181|20
157 55
593 76
596 63
353 64
539 67
516 62
132 58
169 42
25 65
31 59
542 49
6 70
707 53
185 62
464 53
502 44
415 50
480 71
592 60
344 55
182|20
4879 70
6969 70
3911 74
2728 75
4313 68
8042 85
1291 81
3113 55
3578 79
1590 60
161 71
4452 54
224 73
4980 60
4262 78
2353 65
2890 73
1127 72
541 84
6041 77
183|12
480 77
380 71
1196 84
2951 81
2534 38
4085 69
1287 80
2194 79
3247 61
1233 85
2662 68
1408 78
184|20
158035 70
181413 70
193565 70
97304 83
74754 61
168250 78
191005 70
106072 71
166291 90
127152 87
86332 76
80463 84
5816 77
122898 61
81845 86
5810 71
170813 66
174479 70
112852 85
148626 85
185|10
1685 70
2396 75
5377 75
1721 67
5952 80
1393 70
595 73
2085 67
4995 79
899 81
186|20
2605 69
1214 89
1291 92
3745 78
1269 90
2527 78
2532 66
4361 83
1307 87
2968 86
4306 89
2541 78
1702 63
480 86
1097 86
3977 62
919 88
3527 83
593 95
1196 95
187|20
26122 70
3949 79
49272 78
231 60
1206 82
6874 80
1729 72
1209 81
48394 75
6502 78
2701 44
4027 77
288 66
2542 79
7153 81
39427 52
6890 77
1222 82
8949 75
1748 78
188|10
2346 74
1212 96
594 83
1282 87
3469 82
2396 88
1091 60
3341 96
1264 89
2206 93
189|5
48516 84
4993 82
79132 82
2959 87
58559 84
190|14
6711 85
4776 78
8784 77
4995 83
5630 71
4306 80
30749 80
1221 87
4975 71
8961 79
858 88
8464 76
69844 80
7438 81
191|17
496 70
21 76
72 68
175 88
494 75
417 82
17 80
6 84
85 86
292 69
314 80
58 87
235 77
213 63
161 75
160 59
162 91
192|5
356 91
288 69
316 72
349 78
432 60
193|7
44555 77
55442 76
4878 75
6016 77
307 74
1270 74
5618 77
194|5
163 69
1396 68
1500 71
1288 80
5060 74
195|20
3424 80
2770 54
1041 88
1653 78
1923 71
3160 73
4723 45
1863 49
2336 72
2166 48
4308 70
1909 67
260 81
2028 80
3252 73
2908 75
1392 66
1365 71
70 68
190 64
196|7
70286 76
3578 79
59315 75
58559 83
364 80
1214 78
110 81
197|7
1513 62
1240 79
1882 43
786 64
2167 69
153 59
1784 76
198|20
3894 70
3499 75
920 72
1213 81
3949 76
1994 67
1485 60
2572 71
4019 72
1089 81
110 80
593 81
4128 71
1270 78
4886 74
1079 78
2117 72
912 81
1573 65
1682 73
199|20
5464 67
2165 75
2280 49
736 57
5673 69
349 62
5502 61
482 71
8532 70
1172 76
300 64
50068 69
4881 72
3175 66
7445 65
2973 73
34338 65
41997 70
1956 75
377 63
200|20
3809 73
7022 86
50802 68
3968 65
2485 62
500 73
5610 46
590 79
1029 73
53996 74
2572 80
4993 89
4041 76
57640 82
1302 79
1784 79
6383 53
1653 87
1569 74
1517 77
201|20
1748 93
1527 86
1584 86
2858 94
339 80
589 92
2717 69
994 97
788 65
1196 97
2797 88
733 83
1259 93
2174 83
1198 100
2455 82
1569 80
1213 99
160 67
24 76
202|20
3329 70
924 82
29 82
2289 82
1197 89
1196 87
2966 82
161 75
608 86
1209 86
1296 82
3194 74
1784 76
469 77
923 85
2000 77
1587 67
1719 93
3147 85
32 82
203|9
56174 73
8665 79
2407 69
5952 85
590 78
49272 85
40815 80
333 78
296 87
204|17
1136 91
3949 86
33794 85
48394 83
27075 70
1080 85
79008 88
6104 94
8874 88
81591 78
4878 88
91658 77
711 66
2313 83
86320 79
55820 85
5218 79
205|6
912 83
99114 79
91542 72
5816 72
95167 71
96079 75
206|5
36 85
608 94
733 80
140 71
141 78
207|5
2991 61
2428 42
2707 53
3740 64
100 46
208|6
1210 78
2628 59
380 65
2353 64
2278 68
2762 74
209|7
60684 81
1291 86
68157 87
74458 84
185029 87
122886 80
88125 81
210|20
123553 70
34405 94
166203 70
3147 95
31696 77
7649 67
58559 97
2105 76
6365 79
34397 70
4625 47
84772 80
122926 95
76093 91
62836 70
33493 81
1584 84
47610 86
108932 91
122918 89
211|18
58559 86
63113 71
90405 67
57669 87
60684 79
7153 85
73017 79
2105 68
4367 61
356 85
2642 49
1556 35
318 91
44665 80
85414 73
1198 88
1136 85
260 85
212|20
170697 69
122920 70
122892 66
2571 77
5218 69
48394 72
3578 74
1196 78
135143 68
74795 65
179401 65
79132 77
77800 80
108932 74
110102 73
96821 75
8874 77
65261 80
59784 66
2291 71
213|17
3285 66
87520 50
80363 61
76251 80
8957 69
2860 57
1234 89
5419 67
51935 84
69844 84
39446 60
4132 55
858 94
69526 53
4558 56
49530 81
58559 91
214|5
83 70
628 61
743 42
1363 52
802 57
215|20
1172 85
4973 88
63082 82
1291 82
2028 83
3252 76
3210 72
1968 78
1247 83
49272 82
1089 85
72407 51
5650 74
318 89
1208 86
2000 75
1197 86
1196 84
1297 75
4019 77
216|20
104 66
21 68
3996 75
3946 51
2946 66
3993 67
3897 76
2599 73
34 69
3994 68
4034 78
3363 75
1965 70
3422 66
3555 67
3253 69
2087 70
3986 56
2018 68
1923 71
217|20
1867 70
3434 70
1275 65
2468 43
3197 50
1912 65
2302 55
1876 52
380 60
1221 71
2471 45
1918 52
1385 50
3165 68
1590 50
1562 40
1703 53
2056 70
1831 41
160 51
218|6
2657 61
2692 74
1380 60
1198 77
6934 57
5349 65
219|20
60072 56
2115 68
59315 69
6539 71
442 56
30707 75
1704 75
180 65
1219 76
1005 40
27773 76
56156 59
6188 65
6721 68
30825 60
2997 75
1552 55
1500 69
2890 69
1921 74
220|20
3996 85
733 79
1198 94
3994 77
6539 85
1258 90
1917 66
4545 73
33794 86
165 78
71264 81
4623 78
53464 55
5218 80
6365 74
3751 78
32 87
1036 86
5502 73
1591 60
221|20
4338 70
7013 88
8529 70
1080 84
3246 87
2871 84
1208 91
7063 92
2702 66
4029 84
5954 82
2352 80
922 91
2997 86
1278 87
2858 86
1212 89
1959 80
1961 82
3671 84
222|20
81831 70
100498 40
48516 75
1249 75
99813 73
91529 72
59900 51
93287 72
1721 61
2706 62
3273 46
2411 50
64622 68
7143 68
87869 65
778 73
30825 57
42011 43
673 51
64839 69
223|15
55854 70
6711 71
1 67
736 55
1961 67
457 67
2716 64
48394 66
608 71
8784 66
48516 73
3863 55
4306 67
260 71
2683 55
224|11
3496 70
3044 80
356 90
2915 78
289 68
3668 83
1270 88
2797 82
1721 75
2716 83
1259 88
225|15
2423 74
1285 78
588 78
1717 62
2791 80
1321 71
1136 87
1197 88
1753 75
2004 71
2371 66
1407 67
785 70
1060 77
3024 61
226|20
6938 70
32666 70
3552 78
542 53
1240 78
3098 76
2804 80
3668 77
3653 80
2231 79
145 63
2253 50
3052 74
2628 62
762 49
53129 87
4816 71
16 80
2144 76
46948 69
227|19
46976 80
52319 79
81845 86
109487 85
134130 83
215 85
48738 85
47099 83
1196 88
32587 82
912 90
55721 89
1682 81
750 93
778 87
40629 78
97913 81
70286 82
150 80
228|5
2571 89
1373 61
362 76
318 94
3113 60
229|13
34 79
589 84
377 77
45 74
587 78
5 65
475 92
442 66
597 76
364 86
213 61
110 88
527 90
230|20
34330 70
52715 70
47 66
7438 64
527 67
3147 69
45499 57
6537 53
2291 62
1387 64
6863 57
1485 52
595 61
4022 63
2096 58
588 60
4034 66
1676 54
8644 58
2641 50
231|5
92259 83
858 83
593 81
1198 82
109487 78
232|20
31867 70
41769 70
57526 70
70336 52
8644 68
1586 58
44972 39
4019 74
43928 39
30883 30
65802 56
8376 66
39292 75
1035 79
66198 64
66097 73
32011 44
6564 50
7451 76
33164 37
233|20
48394 66
3751 62
48516 73
1721 59
356 71
106100 68
162600 62
608 72
7153 72
134214 62
57669 73
122920 64
2329 73
4239 65
7371 74
3977 47
3147 71
3948 59
49272 70
5418 66
234|20
2616 64
2140 77
172 62
126 48
1562 50
4519 74
153 64
2710 62
3624 68
3483 65
1391 68
438 65
1460 78
2987 78
65 54
260 91
1359 59
3175 78
588 82
2080 76
235|13
480 77
736 67
500 70
454 74
592 69
235 72
595 76
32 80
527 85
648 70
223 79
588 77
377 73
236|30
1214 70
1278 70
1345 70
1350 70
1387 70
1388 70
1982 70
1997 70
1998 70
2447 70
2459 70
2490 70
2496 70
2502 70
2505 70
2542 70
2572 70
2580 70
2596 70
2598 70
2606 70
2657 70
2683 70
2694 70
2718 70
2770 70
2806 70
2858 70
3024 70
3052 70
237|10
32 69
4254 39
94959 68
293 71
1371 56
1193 73
7361 74
7980 70
43936 54
1374 67
238|9
4954 77
3528 76
4265 61
4901 71
4238 68
593 85
4499 84
4957 47
1193 85
239|20
58559 92
5459 66
4085 75
380 74
95 64
7445 79
608 90
7147 85
6378 81
2115 81
4896 85
36529 81
3994 78
33679 74
47 88
590 81
4022 82
208 64
733 78
51662 83
240|20
368 85
543 80
480 90
367 78
810 50
500 82
546 51
110 97
173 65
1 94
542 64
104 82
34 87
174 66
204 63
225 83
383 75
262 94
434 72
420 66
241|16
81786 70
71899 86
527 82
1206 81
1193 83
99114 79
100714 56
8981 75
53123 82
116897 85
56367 76
3910 78
106782 80
115569 80
4235 81
48780 79
242|7
39 68
380 70
231 62
457 81
592 70
454 72
111 84
243|8
112 81
353 93
62 90
588 94
193 61
586 77
181 56
376 80
244|19
3090 86
1049 71
110 83
257 70
165 73
151 73
1090 83
3755 66
2278 74
648 71
1580 73
1957 80
1610 80
1196 87
3256 73
1573 70
1242 86
3753 72
2243 74
245|5
3196 56
2739 57
3114 54
3274 48
1361 58
246|20
1304 92
616 82
1680 85
6016 95
3081 78
44191 91
60684 87
4973 97
1732 91
1298 85
53125 80
2291 85
2692 92
293 92
4011 94
5013 89
60069 92
48082 90
82202 62
95167 81
247|20
48516 80
593 79
2858 76
49272 77
1961 73
44191 76
527 80
116797 76
68358 75
122886 72
480 71
223 74
1265 74
2078 73
1198 81
1682 72
6377 77
1089 80
953 78
919 73
248|11
4886 77
1198 84
166528 77
176371 75
316 65
147374 66
102903 68
189333 7
122912 77
58559 83
5218 73
249|20
110350 70
102903 75
2167 73
94959 84
84601 73
2395 77
97306 75
3408 77
89047 70
91500 76
91542 80
40815 83
69844 85
904 94
46723 77
3826 55
68791 74
88812 67
67695 15
50 92
250|6
1282 89
2407 77
318 103
1597 72
1246 93
8880 80
251|5
142115 103
293 93
356 96
318 103
1089 98
252|8
164179 84
89745 86
6377 88
164909 84
1682 83
166643 82
143355 73
78499 90
253|10
44555 94
916 94
608 93
2300 90
7099 90
4217 92
26366 70
1192 100
4642 98
3363 87
254|20
46578 85
44195 87
207 74
49278 72
6333 78
780 71
110 84
1210 85
49272 85
27846 84
32587 80
2571 86
44929 84
47 83
293 84
1580 73
5995 85
32 82
592 71
48394 80
255|9
1270 58
4467 57
2023 50
3501 38
1663 54
1394 57
3392 45
2542 58
2915 51
256|20
3247 67
88744 83
377 78
4973 95
53972 76
118696 75
95441 71
104841 82
71535 86
2953 62
81229 79
53121 63
30707 90
2571 92
68791 76
170 75
6942 85
90405 72
6537 71
33493 78
257|5
1500 70
594 68
2502 77
494 66
2406 66
258|5
4995 85
7147 82
72641 78
76093 83
47099 82
259|6
508 64
5945 57
1784 63
4886 67
1356 65
1584 63
260|20
7361 82
3556 73
162 82
903 79
5690 83
6337 74
4878 79
5617 78
342 64
5219 59
2997 78
8011 80
1206 80
3317 77
6709 62
8874 78
2348 74
3822 77
2959 84
8645 78
261|11
3897 79
16 80
2060 70
296 85
2723 67
1682 78
4085 70
2194 79
7361 86
4238 67
58559 84
262|12
708 60
539 62
457 70
322 64
339 61
85 70
26 66
17 67
213 51
273 52
593 74
728 61
263|20
223 80
150 79
500 70
2987 74
2953 56
110 83
4226 85
8370 81
1197 87
7458 71
708 70
1111 83
2125 78
6942 77
5013 79
163 73
457 82
8636 77
1967 79
2085 69
264|12
7841 91
1376 69
151 69
5816 73
1907 74
1320 63
1917 59
150 74
3578 78
1090 78
253 70
1876 59
265|20
3807 70
316 62
253 67
1302 69
724 58
1240 72
3504 77
230 65
3831 70
1956 75
3098 70
529 72
1270 76
3791 57
1177 78
2322 57
1488 59
2474 66
1198 80
1962 69
266|20
476 70
2812 70
2700 75
2278 70
24 64
2770 55
2702 61
64 42
1405 55
2580 79
1527 73
2167 66
457 77
1580 68
2300 79
1923 72
2094 64
132 63
2571 81
2097 60
267|12
2858 91
593 94
1175 94
3006 85
1302 83
3999 57
3113 63
1093 77
589 89
2571 93
923 91
3996 87
268|20
1641 69
587 62
1125 67
1911 50
2802 56
1036 71
1370 63
50 77
2064 72
1784 67
1912 70
1966 64
454 62
1234 75
2247 55
1394 73
2829 59
802 62
260 76
2858 74
269|6
724 66
743 52
95 64
1 84
63 57
648 74
270|8
661 59
62 65
79 51
628 65
14 64
1356 69
141 63
25 65
271|9
3897 69
32 70
2791 69
969 72
6787 72
2858 72
55765 69
1320 56
2288 70
272|7
177765 70
1240 72
51662 71
122922 72
49272 76
158238 74
6365 64
273|11
440 81
593 96
500 77
608 96
223 89
111 95
150 86
21 81
466 65
235 82
520 71
274|20
50147 70
2947 75
3037 83
1645 67
4951 67
2036 50
1359 54
35957 65
553 72
76293 59
3918 66
1503 49
45431 67
4816 68
54999 68
5667 70
4876 47
56805 70
1921 78
54004 68
275|20
1784 80
2289 86
5884 70
1171 77
357 77
1912 83
2539 68
235 78
4886 83
2572 79
2355 78
3253 77
1192 96
926 88
111 89
2100 69
3089 91
1393 78
1719 97
1392 74
276|9
673 74
356 108
466 75
104 88
631 75
648 90
2 91
1367 79
344 79
277|6
637 67
736 71
656 65
1 87
780 76
260 94
278|5
2371 69
1347 69
4002 81
318 95
2369 61
279|20
134130 75
1101 65
166528 73
90405 62
61132 67
79132 78
56782 84
97913 72
1608 64
4226 79
59315 72
88129 70
54286 71
1258 78
8665 72
58559 79
4993 78
8376 64
107406 66
1200 77
280|20
92535 94
344 66
262 85
3146 54
4239 83
4447 72
8638 81
919 84
72641 81
86817 57
8368 86
49530 82
6863 74
35836 77
55052 80
54503 86
4246 80
48516 92
1911 61
3916 82
281|5
46578 72
8361 54
35836 62
3897 69
3861 52
282|20
5995 88
3977 59
3263 66
25 78
6708 79
2683 69
4718 65
6711 89
5481 64
6863 73
5669 82
3752 69
588 82
80463 86
1921 85
1193 90
4369 66
48322 94
1194 82
784 61
283|7
1580 63
39 61
1704 75
356 76
586 56
2082 51
805 66
284|18
474 84
173 62
2 79
296 96
15 69
348 85
248 70
318 101
47 91
353 86
275 45
44 59
339 77
367 73
276 72
165 81
637 69
235 82
285|8
1193 82
949 77
1247 80
6978 64
113207 70
4447 65
441 77
296 82
286|20
454 73
778 83
5989 79
1333 75
165 72
500 70
7438 80
2294 65
4993 84
4995 81
7361 86
70 71
4980 62
1258 84
4963 78
1097 77
4848 80
539 72
377 72
110 83
287|20
3160 59
3578 61
223 60
2633 61
1059 59
586 46
3005 47
532 46
1193 65
2599 58
2028 63
1485 48
3826 38
2081 56
8949 59
2012 53
101 61
4034 62
2422 30
2115 56
288|20
4473 70
4966 70
1008 70
2867 69
42015 60
141 63
2571 76
13 62
53519 61
2407 60
5418 71
3916 69
2347 40
2528 58
30810 66
575 51
32587 71
587 62
2517 53
8361 57
289|24
3 70
16 70
235 70
266 70
594 70
708 70
750 70
1080 70
1101 70
1208 70
1220 70
1258 70
1917 70
2012 70
2174 70
2710 70
2797 70
4322 70
6125 70
6327 70
6453 70
7025 70
7028 70
26704 70
290|20
1228 90
1299 87
2494 88
2739 88
608 90
2130 79
908 90
341 70
1447 77
342 71
1056 69
1719 97
953 88
928 89
1394 86
2648 74
475 94
2731 85
1357 88
2385 49
291|7
40815 90
122892 83
106489 79
134853 93
7153 97
88125 92
1 91
292|20
520 60
103339 61
122900 70
4896 76
2291 71
474 69
85056 62
46972 64
95167 67
164909 72
3176 67
3476 69
1608 65
31221 39
1101 64
3985 66
3984 71
1017 67
69844 77
231 59
293|5
1682 60
1673 64
344 48
1617 65
1097 59
294|20
416 40
3869 60
1064 54
2794 45
610 59
2133 57
1391 52
3868 59
1129 57
520 51
3387 48
355 38
2378 51
3693 41
785 56
2193 59
2367 49
2458 46
348 61
3501 44
295|9
1221 85
3198 78
1287 80
1213 85
4351 67
1198 85
858 87
318 89
2329 84
296|6
160848 70
2028 83
169034 70
4144 83
50 86
2324 85
297|15
832 51
543 51
1645 52
111 63
454 51
1089 64
6 60
1249 64
1047 49
1370 52
1488 48
150 56
170 52
1092 50
866 63
298|20
57640 53
95510 46
6811 43
8370 56
8807 50
63131 48
6881 50
3785 42
122900 51
103042 45
6294 35
2167 47
2005 53
6006 43
653 43
55995 37
3018 50
69757 52
103772 47
3825 40
299|5
3793 79
1387 86
188 78
1198 91
1214 84
300|32
318 70
356 70
527 70
593 70
1172 70
1704 70
2028 70
2324 70
2329 70
2571 70
2762 70
2858 70
2959 70
4848 70
4973 70
5995 70
6016 70
6711 70
7361 70
8950 70
48394 70
56174 70
63082 70
79132 70
81591 70
92259 70
99114 70
109487 70
112183 70
112290 70
112552 70
112556 70
301|20
21 65
357 65
2490 64
6711 76
589 73
8949 70
837 62
3948 63
364 74
527 77
5989 72
4963 71
608 77
292 62
3578 73
3897 72
4226 77
3753 64
1393 66
1792 58
302|7
480 80
14 76
3 71
25 78
648 74
707 63
110 86
303|11
5378 65
3703 81
1127 75
5544 81
1196 86
3471 78
1580 72
1394 82
2683 66
920 76
1358 77
304|20
314 83
2571 90
2433 64
10 76
1376 76
480 83
1373 62
1777 75
1270 88
1517 78
151 77
356 92
208 63
474 81
1214 86
1375 72
640 58
1722 67
185 68
2701 49
305|20
74624 70
140627 70
87869 77
919 83
1197 93
106100 85
138210 77
788 60
7482 84
80590 63
103075 63
903 89
6537 68
93840 85
54736 81
592 74
2288 85
58803 79
55276 82
1272 93
306|20
5784 45
68954 76
69644 57
6377 75
95543 62
81847 69
111743 61
85367 70
168418 75
167018 66
72998 67
122904 74
69406 65
85788 45
4963 73
115664 68
134368 68
112852 76
161634 60
133419 64
307|20
2190 70
4181 70
31424 70
49314 70
5010 64
7845 54
3392 51
1220 64
6793 35
6483 17
2332 23
56003 46
1991 47
3273 43
4876 41
3421 65
1409 44
413 46
4447 55
52867 70
308|20
2959 54
45517 41
96821 49
72998 46
318 55
2 41
904 55
589 47
8961 47
56152 47
56367 47
5618 52
36 47
410 39
79132 51
4993 52
8464 47
1221 51
2248 48
6 49
309|20
2202 86
1645 66
898 86
1682 73
296 80
1089 81
1269 77
7153 79
6947 71
8340 70
1104 88
7218 70
25886 84
1219 78
8154 83
971 78
1944 75
6365 65
1262 80
2762 75
310|13
6863 68
6947 74
1101 68
6503 51
2524 72
2457 71
5899 78
733 71
246 85
3254 68
1223 90
1080 80
2671 71
311|6
6561 70
5992 48
1517 43
6461 47
1407 39
2706 42
312|20
5816 75
1375 68
3499 81
589 82
2454 69
1358 78
4878 84
4103 83
3793 76
2028 85
1371 65
4121 68
2366 75
2747 60
4105 78
5446 74
2699 60
2529 81
1350 81
1356 79
313|20
4980 59
170 66
3917 65
2455 68
5544 77
541 81
2193 69
2000 72
6 76
1968 74
1089 82
1301 73
1240 75
3175 70
4865 73
2005 72
2167 65
1375 64
2087 70
2530 56
314|20
7 54
1042 56
44 46
165 62
457 70
293 71
597 62
329 58
442 54
26 66
830 56
728 60
618 70
107 59
536 49
10 61
1376 61
153 51
208 51
150 67
315|7
1262 71
2729 65
2529 67
2067 72
2553 61
909 68
902 68
316|11
1748 70
253 63
3968 53
158 50
5445 65
3751 63
7438 70
6874 71
48 56
3882 49
2572 65
317|20
133115 70
73321 63
91529 78
74545 71
7445 69
1213 82
48774 76
4262 75
1884 77
5989 76
3578 77
4011 80
68358 75
1208 83
72011 71
3897 75
3499 76
96829 81
116797 78
56782 85
318|20
26713 70
81191 70
90245 70
111817 70
127180 70
145080 70
150696 70
7445 71
1090 80
116799 74
82459 80
48385 70
2294 65
64839 78
88125 76
109487 80
4021 92
33794 80
54286 75
89753 77
319|7
115617 86
6377 91
356 94
136864 51
1221 96
122904 86
110 91
320|5
72998 66
71535 71
31184 69
59315 70
1013 61
321|12
587 76
356 87
160 62
592 69
597 73
780 72
339 73
355 50
410 65
3 68
500 72
457 83
322|20
2882 37
1968 67
2542 72
58559 73
2788 73
2146 61
2617 55
2918 68
778 72
2599 66
4027 69
4993 72
1230 71
51540 67
1 69
1617 73
1923 64
4010 55
11 65
1035 71
323|20
377 61
480 65
356 72
1094 60
161 63
115569 70
1198 74
29 69
551 62
22 58
318 77
112183 62
253 63
111659 49
3257 52
260 73
150 66
329 58
342 57
266 58
324|5
2764 77
3972 73
3864 32
3949 73
3897 71
325|20
2848 70
235 71
2986 55
262 76
1573 66
2596 72
1584 71
1217 86
1676 65
4714 38
3770 49
3261 67
2894 70
2155 62
1279 83
1614 60
3994 69
2268 74
2915 69
5008 85
326|20
8665 77
47610 76
20 54
2858 83
86882 79
5418 79
4973 89
133771 81
48774 81
2324 86
1293 79
2692 83
72605 66
70159 55
54286 77
5446 73
6591 92
4226 86
105844 75
31410 80
327|10
3301 79
150 84
858 95
1923 81
51255 90
48516 94
1304 90
765 68
6888 48
2706 78
328|20
2687 58
112852 68
70286 65
1196 71
457 67
364 68
80463 68
3489 59
318 75
595 63
5349 61
2542 69
1219 69
35836 60
3751 60
79091 62
7153 70
596 60
2398 67
1148 73
329|5
130482 70
136850 70
858 54
1884 51
750 55
330|20
5378 63
316 63
1639 72
2918 76
919 76
3949 79
3535 77
5349 72
380 64
1676 65
2502 82
3703 78
1682 76
2683 64
1206 82
1721 67
2791 77
2081 71
8874 81
592 68
331|20
8874 81
6157 52
88125 77
6539 77
3897 78
4446 67
7361 84
50872 76
4995 80
4306 78
6874 80
5502 66
3911 73
608 82
4447 65
593 83
3751 70
8665 75
4367 58
2959 86
332|20
47 77
1653 77
1258 79
316 63
8983 71
431 73
97757 70
2291 73
1835 66
356 79
5502 64
4308 69
1203 82
1682 74
1249 81
76251 70
2905 82
318 85
2294 62
32 76
333|5
3785 50
3752 53
3616 55
3615 51
3646 35
334|20
55820 70
1196 74
1580 62
1291 73
3996 69
589 70
30810 64
4027 70
1 69
64957 63
1625 65
50601 49
44195 74
27416 71
6867 70
2997 71
293 72
480 66
5378 56
51935 68
335|6
780 70
592 70
356 85
296 85
2699 60
2001 66
336|12
1267 96
1 89
38798 72
33660 91
1784 84
2001 74
2268 87
293 92
1625 84
4886 88
50 97
150 86
337|16
318 110
47 99
16 99
805 90
1393 89
266 83
667 60
168 75
784 70
65 62
110 100
708 84
25 90
1356 95
277 77
786 78
338|8
189111 70
190207 70
190215 70
190219 70
7153 71
593 73
187541 52
185029 70
339|20
72641 79
5445 79
84152 84
96079 80
106072 72
69122 79
5617 86
41285 79
56869 70
48322 93
65216 83
91630 77
86504 87
91529 85
83613 64
4993 88
3470 90
102407 73
2028 88
5952 87
340|28
10 70
110 70
150 70
153 70
161 70
165 70
185 70
208 70
253 70
288 70
292 70
296 70
316 70
318 70
329 70
344 70
349 70
356 70
454 70
457 70
480 70
589 70
590 70
592 70
595 70
648 70
780 70
1356 70
341|11
2335 72
3624 69
130087 62
1370 75
135137 58
117529 71
5459 65
45672 67
1 84
47099 84
4025 65
342|14
2683 59
2598 53
2881 57
2369 52
1268 69
2605 56
2599 69
1198 78
3157 52
3826 46
2428 47
2827 41
3863 59
1959 69
343|12
858 89
3000 85
48394 79
4226 86
4878 84
3993 71
2571 85
1617 85
31658 84
55363 84
55820 81
296 86
344|14
111362 77
380 69
316 66
2628 64
4226 83
2571 83
4014 71
2012 70
4034 81
260 83
2541 70
4973 86
5418 77
2712 70
345|13
1019 76
2539 66
926 85
5902 85
8810 58
344 63
5707 64
2366 76
56949 69
3649 53
6658 67
3489 73
412 73
346|20
3174 68
778 77
608 79
6711 78
6286 76
306 80
7323 72
307 76
3535 73
1212 79
357 66
3949 76
714 73
7937 81
7396 77
5878 78
1120 69
1131 77
3627 76
7115 63
347|9
434 61
590 76
39 68
150 77
454 72
380 70
587 71
317 64
457 80
348|11
318 104
2324 99
4368 51
1213 100
6016 99
2959 102
6893 91
4973 102
1221 100
1960 89
2019 100
349|8
10 73
161 77
589 83
381 75
349 74
231 64
588 79
509 74
350|8
852 62
7 59
637 58
648 66
733 69
12 45
858 83
661 64
351|20
88932 70
87222 71
73344 89
52579 62
2231 78
88744 75
43836 57
79132 82
597 70
58559 83
12 47
8914 76
8950 80
63082 81
6214 80
90376 81
84152 79
480 74
4878 82
1193 84
352|20
72998 76
71745 57
1801 76
34319 71
2600 80
65682 76
1080 83
79695 66
110730 50
38038 81
130490 69
97752 78
1214 83
94864 70
41566 74
56587 76
44191 85
114935 82
59315 80
47610 79
353|18
552 66
25 75
267 62
216 73
367 68
288 68
144 68
186 60
333 77
266 71
112 67
198 71
234 52
145 65
293 83
158 60
163 74
296 86
354|20
1610 79
4306 81
2692 83
3147 84
47 82
903 84
733 73
3977 56
1225 86
35836 72
648 70
44191 81
8665 77
1917 61
7147 79
1923 75
589 81
2959 89
4718 62
1196 85
355|6
316 74
1580 78
3035 95
3175 81
317 70
916 94
356|20
2248 83
52435 90
52975 78
7122 70
44889 70
1641 81
2706 74
4011 89
802 72
7323 81
2502 89
56367 83
1223 96
55118 88
3949 86
3996 83
1246 86
1466 81
223 83
7153 89
357|20
4354 70
8998 70
27329 70
2804 84
595 78
529 82
4663 52
4091 70
1224 84
1242 87
34 75
208 61
58559 88
6296 80
30793 67
1042 68
2100 67
551 75
471 75
2067 89
358|9
26095 70
605 59
5066 73
52328 78
2226 70
42728 70
7361 88
69844 80
36525 54
359|15
405 45
1092 61
1101 63
51412 54
648 64
296 78
1097 71
2396 71
2424 60
593 78
2701 43
2942 51
1682 71
2530 54
4995 75
360|5
1422 64
1620 63
1488 64
1711 62
1414 63
361|20
47099 69
1580 61
377 61
1552 54
49272 71
1263 69
53125 63
589 68
49822 60
8360 64
318 77
2529 68
5218 65
6188 62
2422 34
3082 60
1732 70
1370 62
46972 58
7458 62
362|20
1945 94
592 75
6539 85
51540 84
5989 86
637 66
70 77
7153 91
1252 94
44665 84
407 75
6874 90
2959 96
1196 92
1208 94
8961 86
48516 92
7438 88
356 91
1201 94
363|6
1552 52
1732 70
1517 62
296 72
653 53
318 76
364|5
858 97
9 68
783 75
376 72
1 88
365|20
59315 59
81229 57
128975 46
6874 58
90345 55
158872 47
129354 48
103075 46
135536 50
70286 57
112852 63
76077 55
112818 56
1777 54
6502 60
155820 25
541 59
95720 46
93270 34
135569 53
366|7
116797 82
59315 78
33794 81
91529 83
2028 84
122882 79
7438 81
367|20
926 91
3061 84
1270 90
1287 89
486 59
3536 76
3824 60
2384 64
3072 82
898 100
3618 80
3225 54
2248 86
3157 64
3969 81
3717 72
1259 90
4023 69
1196 93
1258 92
368|20
3753 59
2112 53
1944 67
2986 48
3869 62
1214 68
2947 66
415 46
3035 73
832 57
50 72
2819 65
1801 61
2490 59
1917 51
1391 54
2193 61
225 61
161 63
2881 53
369|20
1256 71
785 62
47 74
2706 64
839 52
377 64
52973 68
743 45
4214 56
5418 71
3863 59
1372 63
27904 70
60069 74
2857 57
1967 71
150 69
2011 66
1580 64
3174 66
370|19
4011 76
4878 75
8961 71
6377 75
2628 57
1748 73
2116 61
589 72
2329 77
7438 73
3977 51
1676 61
593 77
4973 79
4226 76
1240 70
1089 78
8636 70
2716 70
371|9
2571 100
112512 70
1258 100
4090 87
56715 100
3000 100
4226 101
4993 100
1748 97
372|20
335 70
924 74
318 83
1603 47
1479 61
589 74
81 60
387 45
616 67
337 69
1220 70
1201 78
165 67
1243 78
1258 77
377 68
1401 65
450 59
1206 76
1306 56
373|20
216 67
60 59
169 42
350 62
585 52
44 49
371 63
163 70
616 68
198 64
265 71
25 68
6 75
733 67
47 76
2 64
736 59
305 53
357 67
141 65
374|7
296 86
208 60
1219 84
480 76
592 70
1258 85
1339 73
375|7
344 68
1027 69
32 89
2628 69
3256 79
4226 94
500 76
376|20
91535 68
2002 65
1214 85
1101 74
2916 79
33794 85
1198 92
349 76
1371 68
376 69
1240 83
1375 72
4993 89
858 93
457 86
4226 89
5952 88
344 66
2763 80
2797 81
377|20
4942 70
2793 48
1262 93
2791 87
748 70
1345 76
5027 67
5113 73
27692 70
3421 84
6021 70
3364 80
2072 68
8641 83
2163 52
92760 70
2858 90
1503 56
2124 75
2015 76
378|10
33794 79
7153 83
48516 84
3114 78
858 86
68954 81
91529 81
71535 77
90600 72
364 80
379|8
318 85
377 72
19 52
292 70
480 75
367 64
597 68
344 59
380|20
60818 70
172875 70
172881 70
172887 70
355 50
6979 77
5476 33
2735 61
68194 96
63433 72
72356 96
105731 45
1833 66
551 79
6731 83
27831 85
1665 68
393 57
140956 79
2791 87
381|20
2085 69
1088 70
3253 72
185 60
317 64
27808 66
1240 77
19 55
3753 72
4321 68
72011 75
3082 68
333 75
2140 72
1385 59
2273 66
1208 86
457 79
104 69
2716 76
382|20
1204 99
142372 48
135532 64
1201 96
112171 78
1198 96
912 95
81847 88
4638 63
63540 38
1681 50
170289 70
103042 72
72737 84
2496 71
357 80
81537 70
59501 77
101362 58
4890 70
383|7
2436 86
2541 72
2496 66
1584 78
2558 50
1246 84
903 86
384|14
3527 68
1388 54
2683 59
2502 76
4333 55
3098 69
4396 55
457 73
358 49
968 68
2724 52
296 77
3991 51
1204 81
385|20
736 60
1080 74
249 72
1219 76
1036 73
1136 79
282 60
1073 72
1200 76
1228 78
1022 66
1007 53
1201 80
1246 75
344 56
589 74
1023 67
1287 75
594 68
1303 77
386|14
110 63
410 50
112 52
165 56
223 62
648 54
185 46
608 66
485 49
305 45
44 41
585 44
349 54
10 55
387|20
4393 70
5156 70
5780 70
7336 70
26124 70
40966 70
2712 64
5062 73
1247 75
5489 70
4195 67
7132 77
2946 62
1387 72
3000 76
51939 53
4995 72
912 77
7938 70
1783 54
388|6
6158 70
63239 70
33615 66
86298 60
62999 68
8360 71
389|7
17 94
140 79
628 90
762 61
743 61
95 75
32 99
390|17
6344 70
64957 70
4239 75
5220 52
1193 83
2571 82
9010 81
2291 74
5296 54
4226 83
7254 72
6377 80
63062 73
1206 82
2329 83
4014 71
1784 73
391|20
5575 70
500 66
3994 70
1213 84
516 66
199 79
4027 79
150 74
1408 78
4014 72
1527 74
1059 75
2916 73
4973 87
357 71
555 75
5026 83
4936 69
1210 81
3067 71
392|5
3004 51
2858 76
707 55
1198 80
1125 69
393|20
91658 71
102125 72
48394 76
36517 73
8636 76
110102 77
44199 76
5388 66
54259 72
4848 79
5669 74
1291 81
68848 72
86190 69
2571 81
1206 81
122892 71
106642 89
1625 74
106489 67
394|5
588 63
316 55
344 51
225 58
457 66
395|13
329 59
1025 66
296 72
160 53
208 52
173 49
485 54
355 43
520 54
595 66
126 40
48 57
367 58
396|6
1276 78
1597 57
1777 64
44 48
204 49
2081 67
397|5
4017 76
8645 82
1701 80
8228 75
6993 79
398|10
6408 70
1197 91
5971 86
7022 86
1198 91
60069 86
2455 75
1136 90
48516 90
82459 84
399|8
1198 84
110 80
5445 73
1196 82
593 82
480 73
1270 80
2194 77
400|9
608 93
356 93
2571 93
2959 97
7153 93
1221 95
3578 89
858 97
59615 65
401|15
5952 77
6297 67
55768 60
48982 68
166461 69
49274 48
50872 72
32031 60
79091 70
170939 70
38038 73
8360 69
3114 73
33615 63
1136 79
402|10
1084 91
597 80
52 81
329 75
296 94
586 70
315 69
1036 89
434 69
527 95
403|7
110 80
2427 64
3210 71
296 84
61465 56
1663 75
180 69
404|12
204 49
349 68
474 70
34 70
364 75
508 71
105 62
593 79
509 66
277 59
315 58
185 61
405|20
70708 70
293 85
7254 77
37731 76
2959 91
345 78
1213 89
7134 70
64614 83
6023 66
1241 82
2329 88
1247 85
3052 76
68237 85
1199 89
27592 80
27664 66
3418 76
1215 87
406|5
1586 57
135 55
56949 63
46972 61
724 59
407|5
7153 84
2959 88
6539 78
1240 77
54286 76
408|20
1198 97
122904 88
44840 69
165101 59
6618 87
1291 93
1210 93
89745 90
1278 92
7324 76
44 59
8641 85
115210 88
103596 39
68554 75
2571 94
109487 92
63131 80
80489 88
4649 84
409|20
2485 60
2490 74
2028 88
3812 73
1278 88
2997 86
296 90
1078 73
3016 68
1073 82
2683 68
2289 85
3846 71
912 91
2013 66
1911 59
2352 81
1230 86
2541 73
3174 76
410|20
389 70
3224 100
318 93
2302 69
4002 79
1060 79
4297 78
3263 65
1859 78
111 87
58 86
2145 70
3255 75
2321 74
3504 88
3948 72
11 77
4019 80
3 69
597 74
411|20
508 73
261 74
586 60
432 55
353 70
431 70
194 69
318 85
272 73
515 72
356 83
266 67
257 69
349 71
10 67
31 63
344 59
227 54
455 48
122 53
412|20
2828 21
2384 59
2915 74
903 85
608 87
2720 43
2858 84
1883 66
1307 80
1214 82
1784 76
2239 99
1 81
930 90
1136 87
2710 59
915 79
2398 82
17 78
1079 85
413|12
2706 82
1198 101
3753 83
2424 76
593 98
128360 91
4993 97
16 94
5574 83
3948 81
64957 83
2959 102
414|20
4458 70
4666 70
5285 70
5635 70
6033 70
6493 70
6563 70
6628 70
6797 70
48319 70
58879 70
169992 70
3802 46
3599 71
1600 80
8666 28
4975 71
7444 66
4081 38
177593 96
415|19
296 88
1213 89
4321 72
3507 86
4308 75
47 84
1021 52
111 87
2617 66
1276 89
3861 62
4369 65
99114 84
1221 90
63082 85
1234 87
45722 75
1197 90
175 87
416|11
5952 62
5951 42
531 50
1296 60
1199 64
1721 52
830 48
1206 63
7323 57
4848 60
3677 65
417|14
778 92
4995 91
4975 78
7254 82
1198 96
106782 92
27773 92
168250 84
1625 83
7153 94
74458 89
110102 86
48394 86
4878 92
418|19
356 83
296 84
63082 81
104374 81
1276 84
1136 84
117176 76
1573 67
137337 81
1682 77
5816 72
88125 76
74458 79
367 64
89745 78
45672 61
87869 71
7361 85
54001 76
419|20
4093 70
111 85
46976 78
27822 51
2858 84
319 79
6287 65
3578 83
1213 88
64969 76
47 83
79592 69
34319 70
89580 70
60756 74
27704 70
90943 70
2412 43
1240 80
52245 64
420|20
1161 84
4993 84
45499 69
923 84
26693 70
48385 70
1927 85
5608 81
2052 60
6934 64
7022 82
3979 52
59295 70
2329 86
54259 75
1131 83
2762 80
4973 88
5669 78
527 86
421|8
2858 86
909 85
5008 92
953 87
1178 93
2313 81
2478 67
1203 90
422|19
2539 61
2710 55
4947 75
4971 62
5039 75
4925 70
2581 59
4916 59
1265 76
2804 76
3053 75
2665 70
1283 85
4835 69
2908 74
3943 62
1213 82
2670 77
858 83
423|5
1653 85
110 88
2194 84
5349 76
1320 68
424|20
1193 82
141 68
2804 78
40278 74
608 82
108729 70
293 80
69122 73
1092 64
54503 78
58559 82
3186 68
66097 74
778 81
5679 66
3176 70
2288 78
2174 70
71668 73
112556 77
425|20
45517 66
377 67
2329 81
733 69
6 76
1645 67
8368 77
2081 70
4306 76
1680 72
1909 67
367 62
46723 69
1625 72
1036 75
4901 68
750 84
2353 66
1342 56
145 61
426|18
59784 67
150 75
471 69
337 71
54001 75
1197 81
6378 72
72641 72
4886 75
8644 67
37729 70
597 69
5444 73
91325 41
588 73
3247 58
4022 72
79091 71
427|17
4887 53
5463 53
5015 66
110 76
58 77
5528 68
6348 47
5312 56
2710 54
5696 45
4993 79
5266 59
2683 61
5400 57
5816 69
1208 81
5574 66
428|20
2471 40
2762 62
3827 47
1089 67
2953 43
2916 58
1380 53
1997 62
3440 34
4022 58
317 47
4255 36
1208 68
1391 50
6377 64
2581 48
260 66
3285 48
588 60
653 49
429|12
339 86
421 76
150 96
225 87
165 87
266 83
329 81
252 84
279 67
317 78
237 81
204 63
430|12
923 85
2987 75
3745 72
6287 64
2858 85
6365 70
2571 86
4447 69
4014 75
329 69
2076 81
4446 71
431|5
172 48
1625 62
1376 58
3948 58
802 57
432|20
1831 49
5630 68
6870 75
8640 60
6539 77
3916 75
5989 78
84189 70
110 79
35836 70
4886 77
2762 78
1206 82
49272 81
19 54
318 88
58559 83
69481 80
7158 75
33660 79
433|5
91529 73
1089 77
50 77
5299 59
110 73
434|20
1136 87
3147 82
1090 82
1265 82
5989 79
1101 69
1779 61
586 61
344 61
3863 65
1208 88
3160 78
589 81
780 67
6796 77
2791 80
4226 87
2194 80
8665 76
1291 83
435|9
2353 76
44191 90
485 69
3510 78
34405 92
2302 73
158 63
82459 89
48780 90
436|20
204 51
435 47
440 69
432 52
161 71
480 72
377 68
531 63
536 54
502 47
364 77
235 69
371 66
344 59
2 68
585 54
450 61
587 68
437 46
227 53
437|20
748 67
318 93
5 62
640 57
1299 85
1120 77
1396 74
1246 84
454 72
1171 74
1225 89
1183 78
1097 79
1307 82
1268 81
592 72
198 72
155 45
112 68
246 90
438|20
7154 61
2501 77
8966 66
27801 80
1527 76
6711 84
3898 29
1784 75
8644 70
6367 64
2424 66
3889 42
223 80
1517 73
7361 86
2641 62
5009 66
2617 64
3753 71
2393 66
439|5
356 85
4022 75
7153 85
78499 84
1240 78
440|7
8690 70
541 84
29 81
1653 81
1274 80
3174 73
1235 86
441|9
589 90
2683 75
2959 100
4306 91
260 96
296 97
51255 94
47 93
68358 92
442|5
2908 23
2881 20
1186 23
3752 20
4361 22
443|8
2329 88
79132 85
296 87
48394 80
106487 74
108190 61
7153 87
63082 84
444|9
356 87
592 72
208 61
21 74
111 87
110 84
235 76
296 89
344 63
445|16
2028 80
590 73
34405 78
47 77
116897 83
780 66
4011 80
899 81
593 82
33794 76
1080 76
45722 69
17 73
1230 78
306 82
2710 55
446|17
237 60
339 62
300 64
296 76
480 68
368 64
288 60
172 52
17 68
16 72
357 65
150 70
434 55
153 53
648 62
593 77
337 67
447|16
257 78
293 92
337 84
531 74
382 69
589 90
552 72
253 82
362 81
532 68
292 77
31 74
474 83
540 61
442 69
160 66
448|373
2368 70
3284 70
3933 70
6302 70
6476 70
7245 70
48262 70
49688 70
75803 70
75816 70
78116 70
79590 70
86593 70
92198 70
98908 70
100326 70
102819 70
104760 70
108715 70
109191 70
111680 70
113416 70
116207 70
116985 70
129657 70
130083 70
133377 70
136654 70
138546 70
142424 70
151777 70
152658 70
157130 70
158022 70
161290 70
164375 70
53996 60
136778 70
5418 70
288 61
88356 37
2580 74
155358 70
2889 72
4034 74
148888 45
81156 71
2713 50
103335 65
95441 57
34048 58
80126 51
3057 70
1057 65
2794 49
33830 61
8665 66
6059 64
110553 46
90374 81
151501 70
3764 43
6143 69
103819 27
4361 69
104913 68
3986 53
5528 66
1196 77
105351 51
83349 53
3276 70
1090 74
5349 65
587 66
106330 35
4677 60
95508 70
109895 36
110611 70
671 63
2289 74
152077 69
80693 60
111360 53
170 62
87444 63
94323 54
8493 58
3671 73
91653 61
4981 70
2991 67
78034 70
119145 70
5099 45
4299 58
2567 55
6996 27
109864 27
6582 51
73017 69
370 58
543 61
115617 69
590 70
154065 70
5553 60
41569 59
3286 34
6645 77
589 75
1920 53
2857 59
111663 60
78499 75
2657 64
6537 57
1148 83
46974 49
48516 77
80241 63
445 56
4262 73
3689 28
114935 73
6428 67
127194 70
109673 49
127096 70
89388 70
4156 70
3793 65
33679 59
2014 54
64285 75
3968 55
49530 67
3450 63
160563 60
5502 59
8169 68
6314 35
122490 70
3386 69
140725 66
4896 66
2642 44
127136 80
2763 67
2520 70
457 75
48783 66
3263 57
5400 53
5541 61
4011 75
58351 70
127132 70
152091 62
3698 62
435 47
4799 56
84152 73
3401 48
2858 76
3174 66
7076 70
106542 70
6218 64
2860 48
1283 81
3618 66
2616 54
90439 68
2404 41
4660 70
2530 53
26386 70
4327 67
3030 77
71464 65
32 74
91529 72
4158 47
99114 73
98585 64
93326 52
2268 70
80489 74
130576 43
105504 73
2791 73
50601 49
7007 63
4234 58
3623 49
80727 54
78467 32
8641 66
4128 70
106782 74
2537 30
112138 68
3247 55
112818 68
2027 38
3101 59
5779 70
82202 47
1704 74
98296 70
6863 61
89305 59
4203 63
1201 79
6212 37
637 55
84954 58
6814 70
94864 60
67695 13
159077 70
92439 77
6812 36
3156 55
802 63
118354 70
134130 70
138036 65
65135 70
52975 66
4368 39
90717 54
45722 63
79259 70
68157 76
4233 36
74458 74
3258 55
1262 78
3949 75
101025 48
69526 42
1831 43
1083 59
1884 75
1476 65
156609 47
3755 59
111659 51
4734 58
161 68
95201 70
135887 57
2598 53
87232 66
4634 83
5334 44
5459 52
146730 70
72694 70
157432 70
132488 70
4558 48
1375 62
6424 70
71518 63
2716 74
94780 52
3593 28
129354 60
158 53
1409 50
6514 70
2881 57
51662 67
90522 59
68554 57
2126 50
122932 70
93510 69
137857 64
125916 10
2953 50
2090 63
1760 26
480 71
58803 66
2109 63
50792 35
46062 26
85510 58
80864 70
112171 63
122900 65
2587 53
1527 68
117529 58
4993 76
92264 50
5247 51
533 54
912 79
26464 70
2249 61
4678 64
103772 63
114601 66
96861 58
420 51
59615 54
2349 71
109372 53
95207 53
348 69
19 52
136020 56
4502 35
91094 57
138208 61
3511 46
79428 64
2643 34
109183 70
2139 70
4212 70
5942 56
96417 59
112852 72
99728 65
89470 65
142448 62
64983 59
2640 68
2046 61
4881 71
3882 50
3744 52
1032 65
116799 69
5 56
4040 44
157407 70
2115 67
1617 77
4367 50
105254 73
3388 47
3760 72
2146 65
2968 71
6281 58
466 53
96448 47
86332 64
64969 67
115170 70
1036 74
3397 68
2474 65
1408 73
155743 70
106920 74
8542 70
120466 64
2051 32
7143 71
7150 51
89087 52
34150 50
2253 46
2973 73
449|8
1917 54
2502 75
4034 73
1222 76
2770 51
762 44
2011 65
2324 76
450|11
3977 61
589 86
110 88
3363 86
3535 85
3948 76
3409 66
1035 89
3568 70
358 59
1259 89
451|7
733 77
593 91
7 66
5 64
494 76
25 78
17 81
452|20
4025 76
2858 102
2617 80
5292 96
1206 104
1676 83
3219 78
47 101
3101 82
163 92
1092 82
1917 76
2126 69
1356 96
552 79
2628 79
1200 101
608 105
2707 83
3273 65
453|20
208 65
858 97
2335 75
4022 83
3618 80
1617 93
3452 70
1357 91
112 73
2671 81
1884 90
1894 63
2294 72
318 100
1614 69
3534 74
2959 97
798 64
5266 68
780 78
454|9
7361 82
2692 79
7116 32
55820 76
6016 82
27773 79
2160 81
2858 79
26131 87
455|12
272 74
432 53
367 64
590 75
253 69
364 78
555 72
252 67
110 81
225 70
588 73
597 68
456|9
1407 76
634 49
135 66
5 69
724 72
780 80
733 84
260 98
706 70
457|10
329 66
3593 32
2692 82
1356 76
223 78
2394 71
2701 46
3608 62
733 71
2094 65
458|12
597 82
185 74
10 81
380 82
95 71
454 85
300 82
595 88
153 70
587 85
150 91
552 74
459|6
79132 92
5618 94
8961 87
48780 90
50872 86
260 93
460|17
89039 70
4886 86
4703 71
3831 82
1441 79
4878 90
3483 66
8970 82
1 86
49272 90
40815 85
85414 78
68237 89
76093 87
47610 82
63082 89
2571 91
461|6
74458 61
2762 60
1036 61
91500 54
3578 61
539 55
462|20
26838 70
89090 70
164655 70
188189 70
1136 76
1219 72
158966 82
1248 81
508 64
1653 72
1674 65
8917 61
8620 9
3424 74
2146 62
7044 70
3814 77
1213 74
82857 70
26131 80
463|7
6377 86
2028 88
4310 66
3753 75
2006 67
1092 69
5995 87
464|20
1370 74
58025 65
63853 54
296 88
2019 90
3527 78
5254 69
7007 72
1101 72
1779 64
377 76
1653 85
55820 83
648 73
33493 74
1610 82
65088 71
74727 87
1617 88
62374 75
465|20
2941 87
2987 81
1200 90
3448 83
5060 86
1299 89
3703 88
3649 56
1625 81
292 74
904 96
3101 72
1754 81
750 98
1256 86
593 94
3732 76
3740 87
3334 92
377 77
466|20
5418 82
30793 67
79091 79
92259 91
5989 84
5459 65
318 93
63082 85
59784 74
5010 81
74458 83
6281 69
5952 86
8529 72
64716 87
68954 87
4993 87
45447 69
81845 86
55247 84
467|22
41 70
58 70
389 70
466 70
527 70
593 70
780 70
1183 70
1233 70
1357 70
1365 70
1408 70
1721 70
2028 70
2125 70
2324 70
2334 70
2384 70
2390 70
2393 70
2394 70
2493 70
468|7
592 67
349 72
1 78
317 64
296 81
32 78
165 71
469|20
3658 70
3832 70
3507 83
3032 82
2736 82
2132 88
1958 79
910 83
1090 81
1485 62
1388 59
2321 70
1234 83
2081 73
1193 84
36 76
2908 78
909 81
2023 71
3255 72
470|16
253 70
318 88
110 83
588 75
282 66
5 61
597 70
32 78
595 75
592 67
500 70
26 74
356 85
357 71
434 63
300 70
471|6
2571 79
8874 78
527 80
1 75
8360 70
7147 74
472|6
58559 90
3450 73
3298 81
2840 59
1221 91
858 93
473|8
4979 74
2959 86
60 62
7147 76
6281 63
3897 78
48322 87
2596 74
474|422
638 70
2179 70
2697 70
4046 70
5114 70
5311 70
5353 70
5455 70
5601 70
6201 70
6273 70
6382 70
6407 70
6592 70
6912 70
7702 70
7826 70
7832 70
7839 70
8057 70
8446 70
8458 70
8459 70
8611 70
8650 70
8774 70
8938 70
1466 71
6708 70
2940 74
2616 56
2334 56
7139 74
4218 70
371 61
750 82
2935 78
8645 77
5481 56
6370 82
25865 70
2553 68
912 79
2467 73
5548 65
7301 80
52967 66
5945 62
480 64
1983 48
3462 71
1068 70
8600 78
6650 86
8482 70
6791 83
4016 71
1784 69
3668 71
3977 54
8961 72
4160 71
30820 64
6984 70
2750 64
5034 52
7716 70
2612 70
4419 88
1300 77
4187 78
1187 64
6565 73
272 72
5440 70
25937 64
1099 60
3125 70
5826 70
5649 70
7256 76
4912 73
6016 78
1208 80
2083 72
3385 58
2310 66
3360 70
3163 75
1413 77
4081 36
1643 69
968 69
2116 63
26965 79
5954 73
1263 77
5116 70
3536 65
8778 62
63433 62
2952 70
318 82
3394 52
1200 75
3384 83
4356 79
932 82
7698 71
516 61
4873 73
48385 65
39869 79
1902 70
2641 57
7036 59
2181 69
4638 54
31116 80
2455 67
2146 66
628 69
3897 76
1030 52
4022 70
344 56
3196 76
92 45
237 59
6770 68
3259 63
3368 62
26151 73
1293 71
34072 70
3044 70
1639 69
5944 60
6539 73
477 63
7361 81
55687 70
58 76
4014 68
3467 74
8154 82
4191 61
2134 62
4644 75
4293 58
5013 74
1399 59
1196 77
2918 73
5899 74
4465 66
100 53
361 56
3341 79
8921 70
195 58
3789 70
4709 62
1588 60
3468 81
4678 64
2723 64
2118 72
1939 80
7019 46
3147 76
1792 60
33903 76
1682 73
41566 66
1693 65
1957 72
5021 67
2313 73
3870 70
948 76
47099 73
3447 78
6614 61
216 66
5619 67
3987 46
5060 74
3111 85
45950 71
32584 56
5525 70
2567 56
5956 69
7 55
1172 80
3217 64
8331 70
587 59
5238 65
1189 77
2416 61
832 63
3095 77
7386 72
1223 83
7058 70
5246 35
5418 73
27803 81
26 70
4002 71
1135 62
45 64
6945 88
2411 54
2520 70
7347 64
5375 70
5673 72
3039 69
7833 70
33781 62
720 81
2103 51
33154 76
608 78
1327 50
101 74
7061 70
5451 57
5682 58
5434 71
6609 70
31658 78
4578 34
2009 65
4704 70
7572 70
4929 48
3306 74
6334 62
5379 81
5437 60
42418 65
4128 70
7451 73
2786 33
2243 67
27846 76
6197 61
3264 48
3608 59
5603 82
6124 61
1222 78
1663 71
3566 51
3755 59
2628 58
4815 56
2089 66
7102 52
27706 64
7013 78
1348 66
45666 49
5755 39
4055 88
2058 65
4462 21
1544 53
2405 57
4998 70
273 54
1977 48
1732 77
7822 70
7073 70
41527 74
4787 69
1676 62
3708 61
6669 69
317 56
25940 70
971 78
7366 57
3115 74
7026 51
2710 53
50685 74
2114 72
3809 63
3516 63
2770 54
535 63
4878 78
5992 75
41997 72
1083 62
4487 63
7293 69
1016 62
2006 58
1007 54
4993 78
3412 70
5007 70
3929 53
6639 58
8712 70
1876 55
3546 70
34359 70
7579 71
7325 66
6837 70
2634 60
7753 66
8943 21
8385 70
4308 68
3246 77
3745 66
1148 80
42002 63
50740 80
3952 60
1927 79
7581 62
910 78
3948 65
54881 77
1284 81
4007 72
5341 70
3675 77
52975 70
6244 70
965 73
454 58
1247 79
7215 66
1282 73
8207 82
6242 66
6502 77
4509 66
3528 71
2391 72
4262 74
4039 60
42018 11
3271 73
976 70
48394 73
5384 70
5168 70
1358 71
6534 53
8773 70
2384 54
48780 75
1269 76
4600 74
2642 45
111 77
933 82
3578 74
5297 38
944 73
6020 70
2123 54
748 60
4896 72
5380 76
53953 61
3712 57
25996 70
1997 73
4464 73
4085 65
51540 72
2707 62
2069 84
6710 73
1488 59
6378 70
928 79
3038 83
7116 33
44511 70
594 68
1962 69
421 59
4316 30
2761 76
4823 60
892 71
1345 65
5294 77
1408 74
6579 83
3272 66
3421 72
3844 68
6787 76
37736 72
2249 65
1610 72
2468 49
3498 75
4902 71
6268 74
5225 75
5404 88
929 70
25999 70
7835 70
805 68
4126 66
475|20
6539 95
4993 101
87232 93
40815 93
5816 90
8644 84
81564 91
4701 80
81834 98
6564 60
68791 83
111759 97
7153 102
1527 91
71530 71
4896 94
106487 87
112852 99
3578 98
82461 81
476|14
594 78
34 78
380 74
158 60
153 62
586 65
440 76
364 86
378 64
357 76
224 78
165 76
296 90
11 79
477|20
34 73
913 88
3100 83
2105 70
1271 76
1207 87
70687 20
2174 75
45672 65
4571 78
3973 36
4226 89
1103 89
5291 82
348 79
3593 33
1 81
1274 84
6502 85
59615 62
478|5
1917 51
3114 65
594 61
1584 62
1101 57
479|20
5365 70
4488 69
524 68
1025 74
3707 54
1220 75
4010 62
3244 71
3526 72
4092 51
1968 75
4700 67
4003 67
3671 77
2671 70
341 70
2012 67
2542 80
454 66
2384 56
480|20
43914 70
2700 73
8533 71
2193 68
2797 71
3484 51
2571 78
1210 77
2596 70
8866 57
47610 70
6306 82
5379 80
2018 67
7153 78
3911 70
44191 74
38061 79
5673 71
380 63
481|7
1608 55
1687 53
1629 50
1729 59
1620 50
1597 50
1485 50
482|20
2068 94
8985 59
1036 81
474 76
1042 65
4389 72
780 72
27706 68
3211 85
1610 80
4367 61
1374 79
1220 78
1602 45
653 64
592 71
30812 75
4862 47
8361 63
8529 69
483|20
105325 70
783 67
2541 70
2959 89
109971 70
45722 75
1199 87
50872 80
2000 76
4306 80
69757 78
2683 67
2273 67
1588 65
109487 82
66934 82
1721 69
2328 58
68522 70
8972 71
484|20
93320 70
1438 59
6155 72
6944 77
2706 75
33166 85
6874 87
3697 65
1059 82
76293 67
919 83
2762 84
1821 58
837 73
5810 73
1753 79
3254 74
4718 66
2413 78
3646 46
485|5
588 87
161 86
253 81
292 82
231 69
486|12
653 71
47 92
110 94
153 68
474 85
95 70
288 76
329 77
161 85
318 102
292 79
6 91
487|12
27611 62
8961 62
318 70
1198 68
31658 65
1197 67
6539 62
5445 59
116797 64
4027 62
8874 64
86377 72
488|20
720 85
838 77
608 83
1223 88
26 75
5135 76
2109 68
7720 62
7303 83
4014 72
5995 81
457 78
105 65
1136 83
272 77
1269 80
3176 71
1278 81
1125 73
910 82
489|20
79536 70
86000 70
4848 70
736 56
8387 13
4700 60
45666 45
4720 66
2683 57
2021 62
2389 35
1619 60
950 68
58559 74
2236 55
2167 59
1616 55
247 73
376 56
2717 52
490|20
46578 71
89492 67
81591 64
91077 70
60074 53
5816 63
4144 71
54001 66
1 67
1784 64
7153 72
4993 72
89759 88
86320 63
60128 59
76251 64
8368 68
69122 64
2006 54
78499 71
491|13
106782 96
69757 90
7293 86
27808 77
4246 87
3948 82
104374 95
86833 90
140110 83
8529 79
180231 70
4306 93
88405 74
492|20
736 78
784 70
628 89
858 106
852 79
64 53
990 68
830 77
743 60
62 86
52 89
1499 47
66 60
1210 101
881 51
1474 51
1405 69
724 76
1047 79
65 61
493|13
2985 66
4444 65
2916 71
1275 74
2571 80
1527 71
2028 79
3793 70
2167 64
1215 80
4701 62
2924 82
260 81
494|5
1196 88
4498 65
3578 84
2028 87
1210 87
495|20
140523 70
115149 87
1259 90
1721 77
136562 77
80489 86
19 61
50872 87
231 69
102123 75
52319 83
7254 81
7360 87
8528 85
1645 78
46578 92
30810 80
2918 86
148626 91
56775 72
496|6
1221 76
99149 66
858 77
904 78
8865 51
114713 56
497|11
1193 72
112556 66
112290 69
1916 61
92259 74
2329 72
112552 71
1258 71
2762 67
5349 62
111362 66
498|7
344 70
231 70
648 79
10 80
300 81
356 96
316 76
499|6
1202 79
2337 67
38304 92
327 62
56286 76
1304 85
500|18
2599 66
2987 63
543 58
2700 67
2542 71
1265 69
2916 64
356 71
3301 62
1784 64
1914 64
595 64
2355 63
3536 59
1885 57
322 64
838 67
720 74
501|9
6 73
62 68
93 55
45 64
3 61
637 56
11 70
18 68
662 60
502|7
7236 74
1077 76
4412 21
3469 70
2001 63
2520 70
1777 68
503|19
7455 70
7361 79
4878 75
356 78
91500 64
593 78
527 78
858 80
4226 77
1259 74
1342 54
2877 54
92509 61
90866 69
500 63
441 73
48516 78
2858 75
48394 71
504|18
4995 83
5812 79
2321 72
1 81
3556 78
7153 86
6708 76
1288 86
6927 70
4033 80
4700 70
6565 80
342 68
3408 74
6879 71
4361 76
5952 84
5955 74
505|7
1241 87
4105 85
1029 76
74685 84
273 65
6502 90
54999 78
506|9
59258 60
54272 66
37741 72
56782 81
62293 74
51834 56
49286 63
112556 71
61024 67
507|5
165 63
266 60
253 63
377 64
593 74
508|5
2872 42
2011 41
1952 48
1175 48
898 51
509|20
26958 70
130073 70
2028 74
87232 70
33830 69
5313 46
48 58
2090 64
2080 64
6942 69
8907 46
6156 59
5816 68
39 61
3988 55
6807 73
7458 64
1196 75
45447 59
616 66
510|20
1882 33
7026 42
35836 55
494 55
1198 66
514 56
457 61
2935 66
858 68
2699 46
317 48
8949 60
2918 61
145 49
1262 66
6787 64
1208 67
372 46
1242 65
40819 62
511|11
2959 96
53953 71
115149 85
164179 86
6534 59
99114 88
92259 95
318 98
2324 92
1653 88
56757 81
512|10
480 78
150 79
349 73
47 84
350 71
442 63
457 83
50 89
317 66
593 88
513|7
5952 83
318 90
2174 72
235 73
1304 82
1220 77
1080 80
514|20
1335 70
5704 70
62586 70
168358 70
180263 70
1704 80
2005 73
2792 64
2013 60
1673 81
134130 76
76093 77
1333 73
58998 73
68157 80
2406 69
3210 70
54503 76
4855 75
1644 44
515|6
33794 95
2028 100
527 101
91529 98
58559 102
2959 105
516|26
260 70
457 70
480 70
647 70
708 70
1042 70
1090 70
1197 70
1198 70
1954 70
1958 70
2021 70
2259 70
2268 70
3052 70
3471 70
4027 70
4291 70
4306 70
4321 70
4322 70
4333 70
4337 70
4349 70
4361 70
4429 70
517|20
4306 53
53125 49
1265 51
165489 70
97938 52
88744 50
86880 47
4148 42
26761 70
3398 49
1293 52
3988 42
2858 54
4963 53
1204 59
1704 57
47629 52
7669 60
1206 55
46578 56
518|5
3101 63
2657 65
783 64
1876 57
6365 65
519|6
1704 98
356 98
140110 83
6378 89
7445 85
1968 91
520|20
7266 70
318 95
1049 74
59315 82
4995 87
32 85
2716 82
4333 65
1291 88
1732 87
4085 74
2723 72
3081 75
3994 76
33493 75
135 61
2393 70
60516 50
2406 76
1584 79
521|8
661 71
112 70
86 82
104 73
58 87
79 60
52 78
852 70
522|20
99114 80
81932 77
89492 77
63113 69
2959 87
1193 83
1375 66
4993 83
223 78
27611 78
76060 70
180 69
59315 76
1617 83
10 69
67255 81
2023 70
6187 80
318 88
127098 87
523|15
168252 100
8970 89
5989 95
318 107
91529 98
1721 83
293 97
65261 103
4270 74
3147 100
27731 90
134130 95
31696 81
527 100
101962 86
524|20
1356 74
150 75
552 61
748 61
344 59
442 59
253 70
1225 82
20 51
589 77
1242 81
544 58
173 53
1302 71
380 67
457 78
1020 64
788 54
193 47
466 56
525|20
120807 70
317 61
6863 65
8622 70
33004 68
7147 74
2396 74
40815 73
137337 79
1639 70
1968 74
91869 70
45880 66
2100 62
339 66
4886 74
50872 74
86332 69
8983 72
3996 75
526|12
593 87
55247 82
46578 85
176415 70
1295 68
90430 84
4014 75
2352 78
176413 70
215 84
81845 85
51255 85
527|20
2137 79
3114 88
3210 80
3016 71
2161 81
4571 83
2118 87
3421 85
455 56
2867 85
2450 45
1909 78
1214 89
4299 75
736 74
2477 67
588 86
4016 84
1259 91
2533 69
528|15
4886 70
2278 64
80906 76
4037 69
1240 69
64614 71
3821 43
150 70
1291 73
80463 72
593 76
99813 74
85342 74
48516 76
58559 75
529|5
653 60
135 56
65 49
62 71
733 70
530|6
292 74
500 74
300 75
586 66
593 90
11 80
531|5
593 91
590 81
919 84
480 80
1215 90
532|10
1721 77
4863 102
457 89
290 90
1245 96
1242 93
2023 78
2329 94
1304 90
517 72
533|8
1200 95
6502 94
79132 96
46578 96
93840 92
4973 102
2455 83
66934 93
534|20
116724 70
97913 84
94953 75
2003 78
2167 74
7569 84
153 63
1485 69
65514 84
104218 65
344 67
2571 91
5445 82
95875 67
112818 82
82461 73
96610 82
2987 81
138036 80
1566 78
535|6
2571 72
2581 54
2700 67
2688 54
2583 72
2882 37
536|8
232 74
272 71
356 78
335 70
225 65
150 72
434 57
589 73
537|10
80906 91
367 68
7153 89
53322 76
104218 65
97304 85
6539 84
318 94
89745 86
105504 88
538|8
595 85
3671 90
80549 89
4039 72
69757 87
5047 75
44889 70
66934 90
539|8
4306 79
6753 71
5218 74
50872 78
88 64
3301 72
4886 78
69122 75
540|9
2598 65
2959 98
1073 87
8874 92
1681 51
2183 85
2841 80
2747 65
1196 95
541|18
590 76
457 80
413 55
15 61
110 82
595 74
597 70
480 75
356 83
203 66
529 75
357 71
22 67
345 72
546 42
586 61
281 73
350 69
542|20
6539 76
30793 62
5299 63
2542 80
34319 66
33679 65
4963 76
5481 58
1997 76
4025 59
3623 55
924 78
4369 61
6378 73
2571 81
7254 71
41566 68
37733 70
7361 83
45517 67
543|16
73881 99
1702 67
595 90
3301 85
231 74
2378 75
2379 58
86882 92
6377 97
588 91
377 85
48385 81
2571 100
4526 66
4388 62
92259 103
544|22
1 70
3 70
14 70
32 70
40 70
62 70
68 70
95 70
116 70
619 70
626 70
648 70
650 70
694 70
736 70
780 70
839 70
1042 70
1047 70
1059 70
1105 70
1356 70
545|5
1438 55
1267 84
2763 74
1367 61
44 52
546|13
1270 80
3328 83
480 74
1970 57
2456 49
1976 41
589 78
2657 67
1673 81
3941 70
3959 69
3566 52
1977 52
547|5
1211 79
2859 81
2917 82
1394 82
1288 85
548|26
69 70
260 70
356 70
733 70
1196 70
1393 70
1477 70
1621 70
2571 70
2716 70
3263 70
3578 70
3916 70
4776 70
4899 70
5955 70
6874 70
7458 70
8531 70
49910 70
58559 70
74532 70
80862 70
122904 70
125916 70
168712 70
549|5
2571 74
2028 73
4226 75
1210 73
589 70
550|6
167296 70
102125 79
106782 89
116797 88
112852 89
122882 84
551|20
5010 75
34162 69
60069 80
1544 57
45186 70
103772 68
51935 75
4226 81
2353 67
7153 81
5989 78
135569 69
115149 76
88129 72
134130 78
6934 64
47 78
4701 65
2959 84
98809 75
552|20
2916 66
3317 73
1405 50
2953 49
2245 58
2944 70
2890 67
2125 68
508 67
3948 61
5349 65
2959 79
2857 57
173 48
2991 67
2871 71
2628 55
4308 65
4878 74
3101 58
553|17
55765 88
3481 85
1923 82
2571 93
4011 94
50 96
3949 90
1089 95
44199 86
5513 70
2231 88
2395 81
3052 82
61257 70
1221 95
33166 89
2959 98
554|18
1196 91
1022 78
2820 70
1207 91
1517 78
1282 83
1210 89
1760 30
2282 62
1225 92
907 67
1358 83
2096 75
1028 88
593 92
608 91
953 90
2324 91
555|20
790 70
3664 70
1 84
3111 96
3395 71
104 72
1334 66
2506 68
2072 65
4002 79
1266 89
2641 64
2256 64
2791 82
2701 48
1333 79
1320 67
337 79
1393 76
3526 77
556|7
162600 82
122890 74
3081 80
88125 88
588 87
72998 82
74789 68
557|6
648 69
231 61
1291 81
260 83
1210 81
150 77
558|12
5329 71
5064 86
4903 77
2297 80
2568 66
4993 93
4306 89
367 72
5283 69
1097 85
4164 93
5294 92
559|20
552 62
608 83
355 46
329 66
544 59
1527 74
173 54
377 69
745 81
174 55
529 76
350 67
349 69
533 58
836 56
1210 81
420 54
786 62
227 54
253 71
560|20
5839 70
91535 60
136018 49
67997 84
79132 79
3253 68
142558 70
2355 69
39435 59
1527 72
40414 74
64614 77
48744 75
56587 69
593 81
76251 71
84944 70
109313 70
5878 79
40819 76
561|20
168174 70
5308 56
78469 55
3703 74
60069 75
91535 57
2105 63
73017 71
5445 70
2000 71
83134 74
79132 77
79592 59
80463 76
89745 72
527 81
8972 63
353 71
33162 67
68157 78
562|20
27140 70
6870 84
6377 89
2580 89
1249 93
4776 84
36529 82
1259 89
1982 80
2268 84
2133 77
83134 85
3210 79
48394 85
30707 89
33836 52
2692 90
88163 88
99191 70
1240 85
563|20
61071 70
70932 70
80858 70
919 75
74450 63
588 74
5943 51
118997 57
86833 75
1197 83
128832 70
85397 67
45221 43
33499 52
7380 70
96821 79
81784 60
95307 48
65585 66
55250 46
564|20
50942 70
356 82
31685 65
131013 68
61024 76
79224 53
87869 75
500 69
108156 63
81784 64
93270 46
6188 72
106918 81
65230 67
67087 71
80693 66
94677 72
8984 69
73266 62
2671 73
565|6
590 75
231 62
19 55
21 71
50 86
539 71
566|15
648 69
10 69
231 60
329 66
342 65
141 70
203 67
345 73
39 66
497 78
265 74
588 75
708 68
353 73
2 71
567|20
8189 70
26743 70
92681 70
109897 70
152071 70
5690 57
136602 50
122888 70
6333 50
1274 53
122922 52
153070 70
151687 70
117877 70
108928 41
954 56
122924 44
27773 56
648 48
135887 47
568|23
50 70
147 70
296 70
356 70
480 70
593 70
765 70
1103 70
1104 70
1257 70
1298 70
1895 70
2313 70
2359 70
2863 70
3053 70
3148 70
3261 70
3363 70
8169 70
46723 70
63853 70
65088 70
569|5
231 71
50 98
380 84
588 89
592 80
570|20
208 54
8636 70
48516 78
1225 78
586 57
2683 59
457 73
1196 77
110 74
4993 76
7361 78
1198 79
1079 75
10 65
3793 69
1391 58
589 72
380 63
527 77
185 56
571|20
1331 70
2982 70
2366 65
1128 48
610 65
2902 50
1998 27
3696 65
1980 70
1987 70
70 63
1924 54
2279 44
1327 48
3732 61
1972 42
1278 73
1644 40
2327 81
1978 37
572|20
1961 84
2570 65
2788 90
2321 75
111 90
904 95
2987 79
2302 71
1834 87
2539 68
2917 88
1307 84
1 85
161 79
3421 82
838 85
1356 83
2006 68
3167 75
1953 85
573|20
89745 92
72998 83
3752 74
356 95
7293 84
6754 80
8665 88
32587 89
1073 89
88744 86
1127 84
68954 94
98809 88
2640 84
48516 98
71535 89
59369 83
60069 94
88140 84
1562 54
574|23
47 70
110 70
150 70
153 70
161 70
185 70
225 70
231 70
292 70
296 70
300 70
316 70
318 70
329 70
339 70
344 70
380 70
410 70
434 70
588 70
592 70
593 70
595 70
575|8
2566 58
2580 85
296 88
2581 64
2572 77
2542 86
2574 43
2598 60
576|5
849 49
1321 57
1373 48
1479 55
2289 66
577|20
2415 70
1183 71
1288 80
1129 66
2944 74
2194 75
733 69
1213 81
2076 73
2020 77
1262 80
1931 78
1391 60
2987 69
952 75
1909 66
260 81
919 74
2248 73
1270 78
578|6
6751 70
52668 94
45668 79
830 76
72407 61
75446 70
579|15
3174 81
2485 64
1022 80
2018 79
838 88
1917 68
1391 70
596 79
1573 76
2965 70
1653 90
2599 84
892 85
2687 78
595 84
580|20
5767 70
6583 70
480 70
8844 70
6989 68
3809 65
41569 66
3699 63
4041 68
33166 76
356 79
508 72
8376 66
3578 76
608 80
3785 60
3089 82
1320 61
54286 73
1201 82
581|8
7153 90
5995 88
4973 93
116797 87
3949 86
4306 85
109487 87
6377 88
582|12
91529 86
2959 91
116797 85
4993 87
5618 88
2571 87
76251 76
69844 83
104841 78
48516 89
97752 78
76093 84
583|12
8533 70
88405 60
2706 66
117590 73
317 60
60756 68
6942 72
595 71
46578 78
104 65
2694 62
7451 73
584|17
288 77
22 81
203 80
315 74
500 85
316 80
539 87
234 58
296 97
257 85
434 75
586 74
338 70
349 87
282 79
480 92
590 93
585|13
3173 68
1228 91
54503 86
2959 95
428 82
1405 61
7254 80
441 86
1805 66
296 92
27373 70
5325 80
79132 90
586|20
34332 70
4016 89
111659 68
106002 80
149406 85
167036 90
45499 81
136556 70
5445 88
117851 76
1291 97
71264 90
106489 80
135436 75
3753 84
2640 85
3147 99
122916 94
3793 90
101362 64
587|20
1234 89
628 79
2012 76
534 80
2002 65
1641 83
236 73
1376 77
2622 74
1541 59
3260 87
497 86
3082 73
445 67
3448 82
2574 44
765 67
691 65
329 73
3406 73
588|12
50 79
16 74
20 49
356 77
350 63
198 63
593 78
364 74
163 67
253 66
223 72
3 61
589|8
1092 72
318 98
590 84
373 80
586 68
587 79
527 93
337 82
590|20
924 77
8807 66
2371 60
38061 80
81834 74
40815 69
4890 58
903 79
5 56
3624 58
555 72
4047 75
51662 69
2085 64
419 51
595 71
329 63
2376 62
3635 66
2398 74
591|11
2908 74
2706 67
2712 67
2355 69
3615 59
3578 76
2394 67
3798 62
356 80
223 75
2724 54
592|19
514 78
2 77
153 65
415 59
110 90
177 65
420 60
380 77
44 57
788 61
588 83
163 77
204 57
610 79
39 72
419 60
253 78
432 60
240 63
593|20
1196 74
1073 68
1086 72
1617 73
4034 71
41566 61
1197 76
344 54
8368 69
339 60
2959 77
8961 69
5816 64
2797 66
4896 67
588 67
595 66
5952 72
377 62
141 61
594|20
7031 70
2671 89
7115 82
1616 78
5943 65
1188 90
2269 76
1733 117
4902 94
6996 36
780 86
1429 85
6140 98
7046 70
39 83
595 93
799 90
2028 103
8482 70
7169 89
595|5
265 86
50 97
1186 86
1199 97
1966 81
596|20
33649 70
43744 70
182793 70
129397 45
128908 70
1 75
142488 83
122922 74
4310 60
71838 61
4025 59
2501 73
110102 74
149406 68
2774 70
5502 65
8665 73
6537 62
2571 79
345 71
597|20
1799 79
490 67
3040 75
2529 87
2858 91
903 93
3039 83
2000 83
1291 91
357 78
1228 94
1845 93
2411 63
1580 78
1148 97
1198 94
2723 74
485 68
592 76
2692 92
598|5
56367 75
8360 72
593 81
114265 70
103543 42
599|496
26142 70
26567 70
26590 70
26676 70
26854 70
27595 70
34800 70
53450 70
60803 70
69131 70
74696 70
79895 70
84523 70
87960 70
92674 70
98799 70
102735 70
102852 70
104017 70
105020 70
122433 70
157865 70
158874 70
160978 70
161044 70
174727 70
179053 70
1801 55
6035 68
3387 47
33437 56
112 52
5995 67
167706 70
4394 70
836 44
7235 58
8809 65
102749 70
89087 45
42011 37
432 40
471 56
5628 57
1015 48
2 52
2269 49
69 60
3947 53
79091 57
104837 70
4037 62
7587 64
6881 57
1449 62
7225 57
81229 53
68952 65
4728 48
5081 48
33966 70
1779 47
3669 70
87197 70
170297 70
79057 54
95965 70
55207 70
4007 60
1220 61
80831 58
46723 57
71282 62
7757 59
3259 53
92309 59
1376 54
7192 47
4654 45
101423 70
53468 51
62662 70
3174 56
3698 53
2882 34
2359 56
1183 58
2792 52
1095 59
8387 16
53125 51
115713 61
2949 60
2471 40
3 51
1231 64
3861 48
240 48
1480 56
2301 60
1445 38
8045 70
586 46
2942 43
1185 64
4594 70
2474 57
3671 63
3196 65
64839 61
98697 70
2606 44
1777 55
5309 42
7022 65
4873 60
541 68
27311 66
43921 59
67734 55
4240 70
5026 66
168 44
33493 52
4125 18
7354 52
207 54
1094 55
742 48
1609 44
1042 52
3362 65
4553 60
4632 50
2278 55
468 53
122904 59
75416 70
42718 60
4285 45
79274 65
1794 70
45081 50
108192 70
3489 54
3503 66
89804 56
163809 70
577 35
3071 55
1204 70
3981 37
95771 70
45382 68
6548 48
59387 62
166528 58
168492 75
6691 70
605 45
424 32
2991 58
248 48
97950 70
3865 58
1216 56
342 50
35836 56
27772 41
176419 67
151781 70
277 47
6320 18
39381 61
5111 70
4090 56
2450 33
2676 55
2356 41
79702 59
1597 49
410 48
1721 52
3702 55
183301 70
1387 65
2072 48
26729 66
2393 51
4247 40
4591 47
1032 56
3087 52
1895 54
634 35
210 51
2074 67
51575 39
3505 63
5247 43
481 52
4215 37
1355 30
2657 55
2028 63
4011 65
420 42
552 49
1196 66
2395 58
5303 55
1752 40
3186 56
4310 46
1784 57
3200 70
7254 61
688 42
473 38
1079 67
1552 47
1148 71
1544 43
63113 54
2325 53
26649 71
6804 70
161 53
4109 47
34332 40
1653 63
4808 39
7707 70
3468 69
502 38
1221 70
1792 49
68319 46
6787 64
2119 27
3884 24
4254 35
3973 29
103609 70
8934 70
5377 61
42632 65
55290 59
4506 53
7840 59
5568 47
1689 41
7005 70
103228 57
59947 70
786 49
4351 54
172253 70
4679 50
1411 65
117630 70
1590 48
112623 57
3146 41
8984 47
1920 48
519 36
179817 67
3979 44
3741 64
44020 44
26630 70
7285 62
3030 67
1021 38
8638 59
87 49
7153 66
2877 49
2018 56
3173 50
5198 70
7101 48
7701 31
3213 64
26159 59
2339 70
33896 64
2000 59
4006 56
136562 55
37382 47
6645 66
171763 69
8528 61
27008 70
4017 60
4167 51
86142 64
1249 67
3255 56
736 45
2779 55
84414 69
27773 65
2083 61
98499 44
4034 63
119828 70
1993 40
94864 51
6631 25
2321 55
26242 55
3703 64
41566 52
2529 62
1968 61
8914 60
3257 45
159403 70
1036 61
76093 61
5103 56
6947 59
1952 66
2124 52
4084 46
6016 66
778 64
81 50
2171 56
1253 62
4275 50
7982 45
3723 64
849 47
2681 52
6565 63
39414 52
122916 61
6440 64
8917 53
72011 59
1605 48
1240 62
923 67
68157 65
5961 70
5053 70
3571 65
2403 60
3871 69
44238 70
72226 65
7004 46
2054 45
62970 51
5159 51
354 60
122924 50
48774 63
1394 67
3763 53
70286 62
1904 52
3969 57
81562 58
102590 70
233 59
4155 50
1031 58
76 53
459 39
1097 59
1178 70
60291 65
3328 67
1232 60
3036 59
5283 48
4327 58
610 56
2726 65
4732 35
5970 54
2396 61
594 58
1247 66
45499 51
3476 56
2399 39
137218 70
1997 63
3271 60
27801 62
6365 50
1799 57
580 44
122900 56
2803 49
80219 53
466 45
110882 63
3997 32
26176 70
2378 50
117895 29
26662 67
90603 64
119218 70
44 42
809 41
1960 61
4519 53
1959 59
414 39
1073 61
61236 52
1479 51
4019 60
1245 69
37857 61
161032 70
371 51
3020 59
88593 70
6774 63
2005 61
90405 52
26285 70
6793 34
627 57
1617 67
6734 30
108090 70
2427 53
51024 57
122922 59
3440 34
6874 66
4919 56
338 45
81591 60
1704 62
1499 31
357 56
62155 56
144 52
34148 60
53519 50
4504 70
2796 45
216 55
6827 20
1429 55
7445 55
1385 47
90471 55
8425 70
10 54
26542 51
7387 63
72998 56
89470 57
3629 68
1297 59
3424 65
1672 55
44761 66
196 43
70703 70
2383 33
180 59
4040 38
6333 58
4440 69
5291 62
88235 57
1639 59
4580 10
153236 70
86190 56
4477 33
103027 70
32291 56
34811 70
5171 44
122260 70
8784 60
5954 62
8798 58
707 46
880 44
314 58
61323 59
600|20
3269 50
1394 72
3785 51
2717 51
5569 63
4306 68
1206 73
56775 55
2015 59
7 51
2013 53
262 66
1210 70
1060 66
2431 57
2077 62
2423 60
4641 64
527 71
5076 50
601|20
141846 70
68157 91
1262 92
106782 90
60069 90
49272 90
5445 82
1193 92
1207 91
79132 90
904 96
166024 95
1917 67
7153 92
2324 92
170697 81
31658 90
5989 87
88810 89
2571 91
602|20
161 70
19 51
350 66
494 66
14 67
471 67
125 71
434 58
235 67
481 61
315 58
371 65
474 70
527 79
21 66
349 68
440 68
339 66
480 72
163 66
603|20
602 70
803 70
2008 70
2577 70
3459 70
4787 70
2912 77
1769 56
485 59
4420 70
920 71
1 75
2706 66
1844 81
3787 85
1222 81
190 65
2716 76
3983 84
101 76
604|20
220 70
292 72
151 74
329 69
410 66
426 68
435 51
316 70
22 71
235 75
181 48
332 62
273 61
637 63
285 70
173 57
588 79
23 65
553 77
1 82
605|20
35347 70
6787 77
1197 79
5667 70
42738 59
51662 71
7373 64
596 66
780 65
4571 69
2316 66
7454 54
150 70
60040 61
8977 46
3269 56
72982 70
1210 77
62376 48
60937 47
606|20
263 70
563 70
583 70
3808 70
4671 70
4840 70
5856 70
6111 70
6573 70
8685 70
32728 70
55805 70
3147 81
4392 72
2311 72
6308 47
50842 85
6591 90
8270 77
2025 83
607|20
891 72
1610 81
448 75
3147 87
1094 72
1307 81
592 72
204 56
1552 64
527 88
3476 76
296 88
2313 80
3440 45
423 62
1518 70
2118 81
2193 75
380 72
2028 87
608|20
52245 60
2997 76
3793 72
2763 70
174 51
2000 70
1214 73
919 72
2700 73
4161 63
5146 61
1639 69
541 77
473 44
2529 72
522 72
4343 58
1909 65
2431 63
1220 71
609|8
296 78
833 37
356 76
339 62
454 64
318 81
208 54
292 61
610|20
5953 70
58975 70
70206 70
78626 70
82765 70
97988 70
107447 70
107462 70
110591 70
110746 70
118082 70
139655 70
160341 70
86644 64
56801 54
61024 77
77561 71
4816 74
62434 75
3972 84
