1|20
260 100
1927 101
804 81
3 77
1009 74
2406 85
1587 78
3671 94
2617 78
3053 96
2571 100
1222 101
2137 86
1377 75
2395 86
2761 100
2641 74
2872 91
1258 101
2700 92
2|6
333 70
122882 75
71535 76
46970 65
58559 84
80489 77
3|8
5764 70
647 36
6835 70
5919 37
2851 31
2288 40
5048 26
4518 35
4|20
106 70
1291 78
3408 67
265 73
52 68
4347 72
2467 73
908 80
345 71
1304 76
1923 70
2959 82
368 66
1219 77
4765 74
1199 81
4166 38
1732 78
21 66
2858 76
5|9
515 71
1 76
364 77
608 81
290 80
261 74
34 72
318 86
21 67
6|20
349 76
318 96
775 70
141 75
348 80
104 73
327 65
410 68
165 77
87 67
366 67
17 80
1084 85
222 71
16 85
416 52
277 69
460 63
867 14
316 71
7|20
8528 67
3623 51
8636 67
8360 65
1517 64
466 52
8373 41
1220 70
7155 55
8808 49
6863 62
31878 66
1610 69
1219 73
4700 60
45668 60
8970 67
27741 74
6333 67
8865 53
8|10
356 85
47 83
231 62
318 92
454 74
292 68
32 82
141 72
380 71
252 68
9|10
5451 61
923 81
5890 84
2901 62
922 86
6044 70
1987 70
5378 64
3735 79
5447 59
10|20
597 63
33679 59
8533 67
8969 57
72720 68
88810 73
136020 58
6377 72
5943 48
109374 71
113394 70
61250 48
82167 53
140110 64
5377 70
77841 70
6942 68
1028 71
72330 70
66203 53
11|13
733 79
1584 80
1210 90
170 73
1438 57
648 75
1918 63
493 81
10 75
457 86
1693 74
150 83
1923 80
12|7
2717 76
2100 81
838 101
2072 78
1876 76
2581 78
6942 98
13|7
3717 69
3624 69
3798 70
2174 78
47 86
3893 75
305 65
14|10
344 61
477 70
110 82
540 54
597 72
153 58
592 70
4 51
539 71
105 67
15|20
91529 76
7438 73
111759 73
2329 79
1 73
1909 64
1240 73
115713 73
1200 74
293 75
2571 77
3949 77
120466 62
1198 78
2028 77
2011 66
158 53
160980 64
4306 73
4022 69
16|20
1230 73
78499 75
913 77
1136 77
1299 76
1617 75
1203 77
3429 79
2858 73
608 76
3683 75
4002 69
1199 78
912 77
2707 60
5782 76
1260 67
319 69
27773 73
2109 62
17|20
260 87
64839 82
296 88
5952 86
527 89
1193 87
3681 88
1240 82
2717 63
2858 84
1093 73
81932 81
5618 89
50 89
5971 83
2959 90
1201 90
541 87
82459 80
1 82
18|20
8117 70
65596 70
88094 70
145283 70
157110 70
166015 70
171023 70
103253 63
60684 77
44199 76
2 70
86628 74
59784 69
2918 78
109374 80
4226 84
53129 87
139385 78
47 80
1291 83
19|20
3692 70
3662 6
54 40
2733 38
1702 48
1240 63
1270 66
3712 48
1881 51
216 57
3 52
1834 64
2184 57
3017 59
2044 32
2354 41
2005 60
3146 41
3387 55
2694 53
20|20
1566 76
5419 62
4014 80
2140 79
586 65
661 72
3189 78
5014 85
1333 80
4161 72
3784 64
1030 60
5313 51
2804 86
2054 60
34 79
1097 81
6358 70
4519 73
1722 65
21|20
107013 70
117922 70
140301 70
57640 69
2985 63
2990 64
2717 57
5418 72
31433 60
112175 71
7153 78
30793 60
4446 67
52973 70
45186 68
2023 67
79185 62
1721 65
102125 66
5459 57
22|20
8961 54
2723 47
60950 49
64575 49
1193 57
70286 54
4993 57
2160 57
39183 50
7147 54
3996 55
3481 54
55765 55
48780 56
7361 59
51540 53
6711 58
2968 54
3949 58
48394 53
23|20
6234 70
3996 71
293 73
1206 75
1136 76
1960 68
7587 72
3424 75
3181 78
2467 70
1248 85
1617 75
6807 74
1952 75
6440 74
1258 75
1243 71
1080 72
8228 67
1711 57
24|20
1784 71
2617 62
111759 76
134853 76
58998 72
1265 78
1198 80
3147 80
1197 82
1220 75
2424 63
5418 74
72011 71
54286 72
27773 77
64957 68
356 80
44191 76
1682 74
68358 76
25|6
58559 104
60069 98
74458 95
79132 99
527 102
260 100
26|21
10 70
34 70
47 70
150 70
153 70
165 70
185 70
208 70
225 70
288 70
296 70
300 70
344 70
349 70
356 70
380 70
434 70
454 70
457 70
592 70
593 70
27|20
1196 85
2478 64
2640 73
3508 87
3555 72
1201 86
3519 64
969 80
2080 71
673 58
2886 20
2529 79
1387 81
1101 70
1947 74
1250 88
1276 86
3114 77
1083 66
3809 70
28|20
27450 70
60943 70
61011 70
63033 70
5617 64
59369 60
60046 70
507 54
3300 60
55094 57
59018 70
26695 70
2951 67
3006 63
2231 65
5418 63
26812 50
2058 56
353 64
61167 70
29|17
98961 86
7379 73
1250 92
1201 90
111362 82
48516 89
1100 50
26554 87
3441 78
4327 72
2872 79
2301 81
1617 87
3681 88
55820 81
4223 77
99114 84
30|7
5952 99
108932 96
1200 96
91529 99
116823 90
112852 98
1198 101
31|10
1198 94
1200 90
648 78
1363 70
1073 86
1036 89
1197 96
377 80
1246 91
1270 92
32|20
236 71
314 80
1356 79
357 73
224 75
627 75
1079 85
1084 84
318 93
761 56
1197 89
849 62
912 89
880 55
1198 87
58 85
203 69
608 87
497 82
410 65
33|20
110 80
17 73
2396 76
2272 60
448 70
428 74
265 77
1280 81
1177 86
1617 83
50 85
261 76
11 74
452 52
345 74
608 83
150 76
1188 77
800 79
2690 75
34|18
780 65
2273 63
3717 61
26606 74
45499 65
3996 75
4310 58
3624 61
31685 60
1721 66
5146 57
7090 78
70 66
2006 60
3000 79
4306 75
27728 10
3997 38
35|5
11 84
185 71
595 84
21 79
300 80
36|12
5171 43
3066 62
552 46
4025 45
1262 63
2735 45
2359 54
1372 50
1278 60
2194 57
3347 64
1704 60
37|5
344 68
356 95
661 77
329 78
457 91
38|16
434 56
39 60
223 71
161 69
246 79
168 57
273 52
480 69
356 76
457 72
364 73
50 77
500 63
300 64
551 65
21 63
39|20
2571 84
2391 76
1921 82
1862 44
1219 83
1907 75
2081 75
2459 70
924 81
2529 80
1729 74
47 82
260 84
2080 71
592 70
296 85
3213 83
610 71
589 80
596 71
40|20
440 80
454 81
588 86
339 78
158 64
432 56
431 86
186 64
616 82
514 81
21 79
592 78
1 88
223 88
585 63
216 79
104 76
371 79
111 94
267 66
41|20
96829 72
64839 67
122882 66
6287 51
1569 59
106920 70
86781 79
3160 65
1721 59
2028 70
6763 37
5418 65
53519 57
122904 67
55247 68
924 68
4011 71
2324 72
35836 61
5995 71
42|20
3869 81
4654 56
1021 53
2423 79
3248 44
4477 44
2500 45
1431 58
195 66
3326 77
2407 70
1090 85
2735 66
3693 54
1020 71
4545 75
4132 60
2263 58
3535 81
2805 62
43|20
225 95
296 112
596 95
588 102
587 96
420 76
158 77
631 78
5 80
597 94
168 83
355 63
47 108
367 88
519 62
594 101
236 93
1 105
60 86
259 76
44|10
36 78
663 68
12 46
661 68
94 79
1 79
104 69
112 66
494 71
889 70
45|20
2718 77
1036 88
2028 92
1653 90
1682 87
2396 85
3249 70
261 84
4308 82
329 75
1367 68
2890 81
593 94
1127 80
2431 74
6377 90
569 66
1197 96
1060 83
2858 89
46|9
590 85
588 85
315 69
208 65
1 87
432 55
225 78
434 68
339 77
47|20
508 60
68932 56
72395 64
2420 59
597 57
148626 66
5989 64
96588 64
69122 63
6155 57
4975 58
30749 63
106100 65
45950 60
2028 67
4018 53
1259 66
6373 56
33166 63
2407 53
48|7
4886 91
1320 76
1527 89
1193 98
3793 88
48 76
1653 96
49|5
2028 89
1214 86
139385 84
318 96
527 91
50|20
8143 70
114335 70
136564 70
142074 70
171759 70
175693 70
179073 70
175707 70
71264 57
82848 70
1377 48
44555 65
8157 60
6807 62
95543 49
8253 52
96610 57
924 62
32875 70
4896 58
51|20
7040 70
5620 69
2613 60
4437 92
2023 81
1500 85
522 84
858 98
4508 88
2951 92
1014 84
1407 75
2282 79
2420 81
3388 55
260 93
3186 80
3994 81
3501 60
2371 69
52|20
152081 89
51255 96
74458 92
1923 85
7438 92
40583 84
59784 80
55765 92
112852 95
86892 90
55363 100
112138 85
49272 96
52245 71
69481 93
50794 67
1704 97
54736 89
44665 91
47200 80
53|5
481 88
1100 65
249 105
1125 99
916 116
54|7
296 68
593 68
639 54
1 64
205 54
161 62
500 56
55|5
2407 49
673 44
3275 65
2890 56
4011 64
56|10
786 69
253 80
165 80
110 90
589 89
370 67
434 69
410 71
69 86
185 71
57|20
2140 70
942 82
920 71
3175 69
1784 72
3429 84
933 83
1193 80
3446 31
160 55
1499 38
2640 69
892 73
11 71
2947 74
6 77
2478 61
2291 73
1688 64
2301 74
58|20
588 85
282 73
185 70
419 60
367 73
277 71
48 72
280 90
337 82
345 84
3 72
357 79
527 95
587 79
218 75
500 77
508 83
368 79
364 90
353 88
59|20
1696 44
6460 111
3489 80
1188 86
1222 94
2076 88
3448 85
1263 90
1247 92
527 95
1244 93
904 98
903 94
965 90
2616 72
1953 89
608 94
105 73
912 96
3471 86
60|5
832 64
58559 81
805 68
455 48
858 82
61|8
266 72
1101 73
7438 84
173 56
555 81
2012 73
4878 86
3949 88
62|20
99114 89
176371 84
3793 83
56757 84
73017 85
30793 71
179819 66
68554 75
185135 92
168248 94
5903 86
4878 90
2028 92
5502 75
6058 67
344 66
1721 77
45499 76
41566 78
78105 70
63|20
5669 72
4246 71
48780 77
500 64
6016 80
31658 77
2858 76
64285 70
85414 67
1221 81
106696 70
4963 73
50 81
1097 71
260 78
110 76
1222 79
4979 73
5952 78
77561 66
64|20
5878 86
3101 72
2640 75
2959 90
8784 81
2054 58
4239 79
4025 65
5026 85
40819 83
266 71
2699 60
27266 83
3969 77
1805 65
6296 79
4776 79
3148 83
4262 81
356 86
65|7
1246 81
33660 82
7458 70
2329 86
4993 84
91542 75
3147 84
66|20
593 93
47 88
5418 85
922 95
2139 82
2956 68
3745 77
1956 89
4581 70
5349 80
1210 91
1094 76
2001 72
380 76
6539 86
671 74
1 86
6378 82
7766 94
296 93
67|8
99114 80
4306 79
27193 74
79132 81
60069 80
2012 69
4886 76
4993 82
68|20
47978 70
95218 70
6534 51
48696 67
67267 75
30825 58
1799 61
3556 66
8622 67
4351 64
63113 65
58295 66
7151 67
2413 64
6287 56
653 57
41566 65
5541 61
260 75
48043 68
69|10
4370 78
4848 96
3671 92
2476 89
1193 98
356 98
553 89
4022 87
260 98
3994 85
70|13
1193 90
1097 82
1914 86
1269 86
4995 88
318 97
8949 85
1968 84
1210 90
89492 84
1250 95
1235 94
2366 79
71|7
494 68
647 68
736 63
95 58
733 71
589 77
7 59
72|9
1047 69
150 83
858 95
2490 76
1357 89
260 90
50 93
1198 91
1196 91
73|20
1193 86
45720 76
105037 51
6333 78
59315 79
76293 64
138204 6
2706 73
152081 79
45221 42
68135 72
150 80
8376 75
93510 79
59784 71
116823 78
106072 73
1682 81
52245 63
35836 74
74|20
31522 70
2594 82
2908 81
30749 84
6870 82
3006 83
52281 82
49772 86
55118 87
2997 88
6305 83
608 91
4546 86
41863 88
27773 87
6001 92
1251 94
6552 81
46976 83
44555 93
75|14
5445 64
1240 67
5952 70
2193 61
6870 65
2529 67
168 53
541 71
3176 61
1962 64
2078 65
1889 67
1266 72
1374 67
76|20
48877 45
5956 58
2918 60
58803 58
1247 64
74458 62
7669 68
79132 64
8957 51
858 68
55820 60
1258 65
63436 41
1201 67
1208 67
48 50
288 52
34405 63
1 61
1196 66
77|6
3996 76
4973 83
7361 82
8636 72
3578 77
33794 75
78|13
296 77
165 65
3809 64
589 73
546 40
27904 71
260 77
590 71
480 70
68791 64
344 55
44974 68
380 64
79|13
3266 106
3029 79
589 88
1916 79
307 91
4005 77
260 92
1189 90
1345 76
2000 83
1374 87
2659 70
2076 87
80|20
7445 85
96691 75
84189 70
91630 86
49530 87
8950 93
6539 91
4223 86
5630 77
3527 88
76251 85
80363 65
52604 90
6502 95
34048 78
1221 100
60684 89
6952 66
5989 92
77561 81
81|26
10 70
32 70
47 70
110 70
150 70
153 70
161 70
165 70
208 70
231 70
288 70
296 70
316 70
318 70
329 70
344 70
356 70
364 70
367 70
377 70
380 70
457 70
480 70
588 70
589 70
592 70
82|20
6886 70
2381 51
2378 61
6566 46
368 70
6536 71
3253 71
4310 61
1608 68
1372 68
145 63
356 82
6708 72
1485 63
4369 63
6564 53
6888 43
5803 45
4015 55
364 79
83|20
56367 68
7143 68
7323 67
6539 69
161 67
586 54
2115 67
1270 72
6874 73
2324 75
1537 70
7153 75
68954 72
48774 72
30749 69
8014 75
1222 74
3753 61
1223 80
64983 59
84|20
55 70
987 70
912 86
1096 78
420 56
1227 85
113 56
580 55
5060 79
1293 77
900 73
1097 76
62 71
368 71
1305 75
1247 83
1296 80
11 75
1073 78
1094 70
85|7
1519 70
1624 6
1140 70
1694 51
1643 80
1747 69
1635 81
86|14
4993 88
4310 65
6947 78
2411 60
457 83
5418 81
3996 83
4901 72
1835 71
33794 83
1196 89
3555 75
1097 80
2687 72
87|5
4023 68
2009 76
3504 91
671 73
2139 81
88|12
7312 70
74795 77
4993 90
68157 89
5952 89
1193 90
223 84
8665 82
4262 84
56782 96
8677 6
58559 93
89|104
26645 70
32060 70
44851 70
53280 70
53578 70
67888 70
69211 70
81087 70
84246 70
103602 70
108078 70
109596 70
118894 70
121007 70
128089 70
128944 70
131098 70
131439 70
134847 70
140481 70
146684 70
148632 70
150554 70
164226 70
30793 59
169912 46
87869 65
1923 65
4015 50
950 70
173253 70
2324 77
27826 70
92259 78
11 64
3977 50
86298 55
8154 77
77688 70
2997 76
170837 70
49274 44
157775 70
1 69
142196 70
99117 61
62008 70
72624 70
108156 58
3752 54
2059 56
128520 74
3175 67
133879 70
48649 70
126088 70
5529 45
65588 70
99130 70
40962 47
1732 76
68659 60
91666 70
2683 60
3751 65
750 80
6650 76
149508 70
2395 65
51575 50
65230 56
171751 70
85881 73
139157 70
6863 65
4246 67
108949 59
1230 75
160567 74
73319 54
177185 70
130520 57
5220 46
121338 70
153386 70
50872 68
149566 70
145491 70
4890 59
129354 48
32243 70
84944 66
6402 70
1288 75
140133 70
119141 66
947 83
176621 70
4973 76
158398 70
69469 70
54503 74
141928 70
102481 63
90|11
1137 70
1144 70
581 90
81 70
892 83
1073 84
116 69
896 44
17 81
7 65
613 67
91|20
3013 70
6395 70
8147 70
7153 80
3360 71
2791 75
3897 77
1080 76
4850 54
3429 83
7000 64
2060 64
2916 72
1391 61
2100 61
318 85
2146 66
1225 82
1246 77
8501 66
92|5
2572 82
2114 87
1015 70
2454 73
1801 83
93|20
736 80
1917 75
552 79
1721 87
539 87
480 93
1372 86
368 88
2355 92
1923 92
2193 89
2006 78
339 86
1097 94
1591 76
260 103
2968 96
1676 85
593 105
558 75
94|12
231 52
377 62
367 56
364 69
288 58
19 48
10 60
586 53
590 66
380 60
589 68
318 77
95|20
18 81
4878 90
6979 79
4732 49
3019 96
5246 39
32 87
2952 82
1247 91
1198 93
5283 69
3361 85
1513 65
2009 77
539 77
122 59
1584 82
1240 87
4262 86
5349 81
96|16
527 87
1094 71
272 80
3819 93
150 79
2021 73
2571 85
1214 82
2058 70
1220 80
733 75
2340 59
1721 72
2396 79
367 67
1291 85
97|8
4701 75
4306 91
3578 91
4993 95
4963 88
4299 75
3981 58
4161 77
98|19
81845 88
8961 83
122912 81
5299 69
63992 51
187541 64
56152 78
134853 84
69644 65
6863 74
5618 91
56801 55
3499 84
134130 83
74789 63
82461 69
1258 89
88810 87
79132 87
99|11
318 112
161 95
420 70
592 86
196 66
122 66
145 78
150 96
316 82
236 86
588 95
100|20
497 84
296 89
1393 77
95 63
592 73
605 59
6059 77
28 89
2245 68
62 74
4308 79
1777 74
838 84
2125 78
1288 88
234 54
1197 91
2005 80
4014 79
4623 75
101|13
2580 83
3285 62
2723 70
2700 79
2908 78
2390 84
3175 75
2395 74
358 56
2702 67
3394 57
2997 85
2502 87
102|12
158 56
588 74
150 75
592 67
253 69
480 73
344 58
539 68
553 73
593 82
586 59
223 75
103|20
86014 70
1954 84
60040 70
1968 82
77206 70
2161 77
1732 89
81834 87
608 90
2384 61
4254 51
104 72
139642 73
56782 94
2096 73
101 86
6534 60
374 47
60069 86
30793 69
104|20
4740 70
743 48
5218 72
8643 65
1288 81
47997 71
468 66
76251 72
8533 73
4018 63
38038 79
1566 69
7361 83
6060 47
3034 73
1641 75
4641 72
108190 58
616 71
7034 77
105|20
4788 70
69685 70
95311 70
95313 70
110586 70
141816 70
141818 70
170597 70
172587 70
172793 70
173351 70
173535 70
6433 43
4974 58
70286 83
108981 70
95175 70
69122 83
1243 84
3916 81
106|7
69844 89
72998 86
59501 81
86880 80
5349 85
53125 81
59784 80
107|7
231 68
253 81
590 87
165 81
434 70
208 68
318 102
108|16
800 89
6022 87
4995 90
2585 7
5316 69
4975 79
3978 73
5349 82
2926 75
4246 84
4878 92
4994 80
1968 86
1684 68
497 89
5380 89
109|20
380 64
1033 66
231 55
364 74
589 73
480 69
62 65
31 64
587 66
1032 65
586 57
778 76
540 50
256 53
163 69
252 61
223 72
553 70
537 61
168 57
110|11
26171 80
2468 54
1198 82
1089 84
1222 82
1208 84
4881 77
47 78
527 83
1193 81
2428 49
111|20
100194 70
162602 70
171251 70
2145 67
96588 77
65088 70
66203 57
84772 66
2081 72
91529 79
6365 66
45666 49
3255 68
1282 76
6539 75
86833 75
122882 74
59143 78
86911 64
5283 61
112|13
788 53
161 74
1917 59
16 77
21 68
208 58
434 59
39 64
3717 63
19 54
110 78
32 78
70286 76
113|20
4083 70
39 65
3168 71
932 86
2331 55
3359 82
1086 83
3504 83
1339 70
904 87
3546 70
4063 38
4062 64
1077 77
1589 72
2475 63
3831 71
46 61
1733 92
4007 75
114|7
141718 70
54001 66
2291 64
167732 70
122886 64
8961 66
3147 70
115|20
1580 76
2804 87
1387 88
2792 74
3146 54
3273 54
3052 81
2841 77
2719 56
595 81
2700 83
383 67
2027 47
2148 64
2770 56
3785 67
2916 82
3175 78
588 83
1377 68
116|18
2716 72
858 80
1299 77
62383 58
1339 65
1276 78
597 65
1029 63
1101 64
2797 70
2657 62
1961 72
1407 62
5995 77
1704 76
165 65
2115 70
8360 67
117|20
708 66
587 68
589 76
151 69
36 74
1036 76
595 71
288 64
596 68
48 61
315 60
454 69
353 75
474 70
10 67
60 61
805 69
491 63
616 70
485 60
118|5
1221 82
1625 72
153 55
1961 75
1810 64
119|20
95441 77
117176 88
1092 77
91529 94
74458 91
4387 86
79132 95
168252 96
44022 78
78499 95
122904 91
106782 95
442 71
4993 96
31685 73
6365 78
141004 49
4148 70
88744 85
8644 78
120|5
260 75
32 71
5 53
631 52
52 65
121|12
497 72
440 65
161 69
527 77
292 61
344 54
186 51
316 59
1 71
19 50
163 68
337 66
122|20
27660 87
69784 85
7022 98
148652 73
4816 85
56174 84
94959 92
81591 88
71535 94
30810 88
2997 98
1732 100
108932 96
780 83
1090 96
3253 86
106782 100
72226 106
1200 96
1214 96
123|12
68554 68
115569 81
79132 83
109487 80
1196 85
4226 84
296 84
7153 84
143458 70
47 81
96829 85
2858 81
124|10
56145 82
2161 77
260 89
175 92
1358 79
6377 87
4226 90
3147 89
608 90
1223 98
125|20
5088 70
86721 70
110330 70
54503 84
72011 77
162578 88
119145 83
176371 79
55247 82
1240 81
86332 76
68157 85
112623 73
4082 42
160567 86
3342 70
109487 82
88140 75
98607 70
81562 81
126|8
364 71
349 62
231 53
380 62
410 56
300 62
253 63
457 70
127|5
2915 51
903 62
55276 56
5060 58
272 58
128|7
904 92
965 85
926 85
1066 85
1721 73
1080 84
1198 88
129|20
4370 70
480 80
3698 72
2692 87
2138 90
1968 82
8368 85
653 66
7143 82
316 70
6874 87
239 63
2916 80
733 77
4896 82
2028 88
3977 59
3000 88
1907 79
31658 87
130|6
208 58
316 64
292 66
110 79
590 75
296 83
131|14
2273 59
6947 65
58559 76
908 74
4878 72
89745 70
7256 71
68237 71
2722 50
2028 73
48516 75
3178 65
64614 71
969 71
132|20
6251 70
3275 70
4995 66
2987 61
7444 55
3262 58
4168 48
31658 67
44191 65
1089 70
3967 64
5502 55
50 70
58559 71
5992 67
2108 58
1844 68
2657 55
47 66
2470 53
133|7
454 59
356 68
589 65
150 63
153 47
380 57
527 70
134|7
442 63
595 76
349 72
380 71
367 67
509 73
296 86
135|20
592 71
4084 62
893 59
3994 75
2004 69
608 86
1358 76
3852 70
3489 73
1614 63
1198 86
4128 76
1883 66
2302 68
1291 85
410 64
1261 89
4022 76
4881 81
1077 80
136|20
161 76
193 51
585 56
338 57
277 64
380 70
181 39
337 73
437 48
165 71
611 73
151 72
340 64
252 67
432 50
552 63
350 69
280 81
273 58
150 77
137|20
6787 83
2716 78
1198 84
750 90
919 76
1270 81
318 89
150 76
2997 81
1200 79
6986 70
7153 84
1242 82
110 80
33493 71
1197 86
2959 86
1237 89
903 84
7762 89
138|5
2707 62
1960 70
1959 68
849 56
3996 73
139|20
4025 38
7445 45
60684 47
4865 46
68319 37
7090 50
5502 42
260 51
8371 40
53953 39
58025 38
106782 51
6957 44
7163 36
3827 37
3624 40
52722 38
54259 46
4367 38
115617 47
140|20
5699 70
5299 63
1393 71
356 80
609 62
32596 61
4795 66
34072 70
1617 81
5256 48
5943 51
1084 77
4337 70
3108 75
43396 78
4719 53
1005 43
4321 65
5812 77
4259 71
141|20
5418 72
54503 76
4963 73
2478 60
71535 73
317 61
68954 76
54286 70
6365 63
54272 70
4447 61
5502 63
6377 76
6373 64
1265 76
91529 77
2502 78
441 74
1517 68
48516 80
142|8
434 63
384 76
588 80
50 90
527 89
356 87
337 76
377 74
143|15
1721 68
61250 53
6942 76
7169 67
8533 74
106696 73
3421 75
87232 76
78316 68
69069 72
59421 51
2144 73
96821 79
7173 62
500 67
144|20
589 78
541 82
8368 79
597 69
590 75
410 62
1246 80
527 84
356 82
500 67
19 54
2700 75
434 60
733 72
780 67
1036 78
5377 78
552 62
586 60
2081 73
145|5
344 57
339 65
380 66
318 85
588 72
146|7
7293 68
3257 55
32 73
1367 57
3686 58
410 58
47610 68
147|5
1234 83
168 62
552 63
555 77
2395 71
148|10
88125 78
5618 83
108932 77
81847 74
72998 71
5816 71
8368 77
7153 81
81834 79
4993 81
149|12
1097 63
1374 65
1831 41
1527 63
260 69
173 45
1206 70
1200 67
2021 59
1580 59
1391 53
1375 56
150|6
3 66
1356 78
5 60
95 61
733 75
1073 78
151|12
786 73
562 93
780 81
837 79
747 65
1265 94
828 71
1073 89
1 92
648 82
1393 85
1359 64
152|13
50 84
2959 85
116897 84
89492 76
1193 82
69481 79
85774 69
115713 78
111 82
92259 86
1234 82
79132 81
318 88
153|20
134853 47
1732 49
8533 44
4014 44
81456 39
106782 49
8528 45
6863 42
87194 39
2617 39
1246 48
106100 47
1954 46
7458 41
4226 50
89904 45
72998 44
133780 70
586 36
36535 47
154|7
114662 88
119145 97
81834 98
122904 95
106072 84
76093 96
77561 84
155|10
153 59
3286 37
1200 83
260 86
141 73
2355 77
2384 59
2948 78
432 51
2959 90
156|20
26313 70
31038 70
1230 78
1711 62
3341 84
6296 73
762 47
2361 59
2076 76
4784 59
661 65
2926 66
8571 70
47 78
3176 69
58 79
848 60
866 81
1485 61
923 79
157|5
785 64
3617 59
2720 39
2770 49
527 79
158|6
1093 73
2605 64
2872 79
2723 71
2428 53
66320 70
159|20
2959 76
60069 71
45720 65
597 62
4022 65
89864 67
49286 62
140110 63
84954 57
4447 58
1197 76
68954 71
6942 68
1961 69
106696 65
480 66
539 62
166643 67
40819 70
63082 71
160|20
126 33
1371 52
1198 69
196 44
3408 59
5349 60
3213 68
2408 41
839 48
3593 26
2748 27
533 49
1975 43
1676 56
3745 58
2011 59
733 60
3826 42
778 68
2840 46
161|8
4980 64
7247 76
47610 76
1223 93
38038 83
3429 90
2144 75
2336 76
162|8
150 92
225 84
168 74
50 102
300 84
266 81
31 82
62 84
163|5
1608 60
1810 59
1747 61
1777 62
1837 46
164|8
1036 89
2916 85
110 91
589 90
3527 85
1101 79
1201 97
2167 74
165|13
2353 67
3624 63
110 79
5505 67
5527 72
3256 69
5956 73
5418 75
5530 49
5450 70
1127 71
3409 58
5881 64
166|20
33794 84
1721 74
4011 90
5378 69
3481 83
49530 80
2353 73
47644 58
54272 80
8961 83
1198 90
2542 88
1036 84
608 90
434 65
5219 68
5418 82
2396 82
349 75
2324 91
167|20
33493 66
4886 71
778 76
3052 68
7147 72
6857 70
45501 56
6480 70
1682 71
2231 74
784 54
33794 72
2083 72
2413 65
6333 70
8961 72
2139 69
150 71
6773 72
35836 66
168|19
3730 96
1248 105
1201 95
1089 95
296 93
923 90
1222 93
5291 84
3543 87
1302 81
3362 89
1148 94
3101 76
57669 95
2076 87
1729 81
908 93
85354 63
80463 89
169|20
3536 83
2028 100
364 97
953 100
4886 93
5400 74
8644 81
524 85
2795 90
1022 86
3114 93
3967 95
1517 88
1035 98
8641 90
6365 81
661 81
457 96
3287 56
1416 83
170|10
318 84
296 79
586 57
377 67
34 70
592 65
277 60
500 64
266 64
588 72
171|17
485 74
1220 92
1025 88
801 72
1259 96
1079 97
828 71
317 76
869 89
380 82
1136 101
1225 102
661 79
318 105
47 95
1198 99
1208 101
172|6
3087 62
3578 78
7438 78
2072 61
3793 73
2762 77
173|5
10 73
329 71
586 64
597 74
588 80
174|14
553 78
520 66
224 74
648 72
161 78
317 67
158 59
780 71
315 64
485 65
282 67
440 74
350 71
10 72
175|5
531 71
8911 70
43904 36
38388 7
8362 60
176|8
165 79
434 68
39 73
368 78
380 77
780 76
47 89
471 81
177|20
42002 60
91542 72
6332 59
3668 73
45672 61
783 63
27706 65
2657 64
114662 71
1206 80
83132 77
5218 70
508 71
3114 73
1321 66
2176 76
8798 71
88140 70
2012 67
339 65
178|16
7361 90
527 89
2329 90
5995 87
6502 85
4235 87
1198 88
208 62
6539 82
296 88
349 73
10 73
4226 88
1240 82
2579 83
318 94
179|14
367 71
589 86
161 82
231 65
288 73
743 53
1061 81
317 70
786 68
592 75
671 72
296 91
434 66
364 87
180|5
1261 82
260 79
1748 76
1242 78
2140 70
181|20
157 59
593 77
596 64
353 71
539 64
516 63
132 58
169 42
25 67
31 62
542 49
6 72
707 53
185 57
464 56
502 45
415 49
480 69
592 63
344 54
182|20
4879 70
6969 70
3911 73
2728 77
4313 68
8042 84
1291 81
3113 56
3578 78
1590 60
161 74
4452 53
224 71
4980 62
4262 77
2353 67
2890 72
1127 71
541 82
6041 76
183|12
480 76
380 71
1196 86
2951 84
2534 38
4085 71
1287 81
2194 80
3247 60
1233 87
2662 66
1408 78
184|20
158035 70
181413 70
193565 70
97304 84
74754 60
168250 74
191005 70
106072 73
166291 84
127152 87
86332 77
80463 84
5816 77
122898 61
81845 87
5810 73
170813 82
174479 70
112852 86
148626 85
185|10
1685 70
2396 74
5377 76
1721 67
5952 80
1393 70
595 72
2085 65
4995 78
899 81
186|20
2605 69
1214 90
1291 93
3745 79
1269 90
2527 80
2532 69
4361 80
1307 88
2968 87
4306 90
2541 78
1702 67
480 85
1097 85
3977 62
919 86
3527 85
593 95
1196 95
187|20
26122 70
3949 81
49272 80
231 59
1206 82
6874 80
1729 71
1209 82
48394 74
6502 79
2701 45
4027 76
288 65
2542 80
7153 81
39427 50
6890 78
1222 82
8949 76
1748 78
188|10
2346 71
1212 94
594 84
1282 88
3469 80
2396 87
1091 58
3341 97
1264 89
2206 93
189|5
48516 85
4993 83
79132 82
2959 86
58559 86
190|14
6711 85
4776 77
8784 79
4995 82
5630 67
4306 80
30749 79
1221 87
4975 72
8961 79
858 89
8464 76
69844 77
7438 80
191|17
496 70
21 74
72 72
175 91
494 74
417 85
17 78
6 84
85 86
292 70
314 81
58 86
235 75
213 47
161 80
160 60
162 91
192|5
356 87
288 70
316 69
349 74
432 53
193|7
44555 80
55442 76
4878 76
6016 78
307 76
1270 75
5618 79
194|5
163 73
1396 69
1500 74
1288 81
5060 76
195|20
3424 81
2770 50
1041 89
1653 79
1923 72
3160 73
4723 47
1863 49
2336 73
2166 42
4308 72
1909 67
260 81
2028 80
3252 73
2908 72
1392 67
1365 76
70 68
190 64
196|7
70286 79
3578 82
59315 78
58559 88
364 82
1214 81
110 82
197|7
1513 63
1240 84
1882 46
786 66
2167 70
153 61
1784 80
198|20
3894 70
3499 77
920 72
1213 83
3949 81
1994 69
1485 62
2572 71
4019 72
1089 84
110 79
593 83
4128 72
1270 80
4886 75
1079 80
2117 75
912 83
1573 68
1682 76
199|20
5464 67
2165 71
2280 6
736 57
5673 69
349 63
5502 61
482 70
8532 70
1172 78
300 63
50068 67
4881 71
3175 65
7445 65
2973 70
34338 64
41997 68
1956 73
377 64
200|20
3809 74
7022 86
50802 55
3968 66
2485 62
500 72
5610 46
590 81
1029 72
53996 74
2572 76
4993 88
4041 77
57640 79
1302 77
1784 79
6383 56
1653 86
1569 74
1517 76
201|20
1748 92
1527 87
1584 85
2858 93
339 80
589 91
2717 69
994 97
788 63
1196 97
2797 87
733 84
1259 93
2174 84
1198 97
2455 81
1569 81
1213 98
160 66
24 73
202|20
3329 70
924 83
29 84
2289 83
1197 89
1196 87
2966 80
161 78
608 87
1209 87
1296 82
3194 74
1784 77
469 77
923 84
2000 77
1587 67
1719 92
3147 85
32 81
203|9
56174 71
8665 77
2407 66
5952 84
590 78
49272 83
40815 77
333 73
296 85
204|17
1136 91
3949 88
33794 83
48394 81
27075 70
1080 85
79008 89
6104 94
8874 87
81591 78
4878 87
91658 77
711 65
2313 83
86320 71
55820 82
5218 78
205|6
912 83
99114 78
91542 73
5816 72
95167 71
96079 75
206|5
36 87
608 94
733 82
140 72
141 79
207|5
2991 58
2428 39
2707 51
3740 63
100 44
208|6
1210 77
2628 58
380 64
2353 63
2278 65
2762 72
209|7
60684 79
1291 85
68157 86
74458 82
185029 86
122886 79
88125 83
210|20
123553 70
34405 93
166203 70
3147 96
31696 77
7649 68
58559 99
2105 77
6365 77
34397 70
4625 48
84772 78
122926 94
76093 92
62836 70
33493 82
1584 85
47610 85
108932 91
122918 91
211|18
58559 87
63113 71
90405 61
57669 85
60684 76
7153 84
73017 78
2105 67
4367 60
356 83
2642 49
1556 40
318 90
44665 78
85414 72
1198 84
1136 85
260 83
212|20
170697 69
122920 70
122892 68
2571 77
5218 68
48394 71
3578 74
1196 78
135143 67
74795 67
179401 64
79132 77
77800 81
108932 75
110102 71
96821 75
8874 76
65261 77
59784 64
2291 71
213|17
3285 64
87520 49
80363 60
76251 79
8957 71
2860 57
1234 89
5419 63
51935 83
69844 82
39446 60
4132 60
858 94
69526 54
4558 56
49530 80
58559 93
214|5
83 70
628 59
743 40
1363 51
802 57
215|20
1172 86
4973 86
63082 80
1291 82
2028 82
3252 74
3210 72
1968 76
1247 82
49272 81
1089 85
72407 58
5650 79
318 89
1208 85
2000 74
1197 85
1196 84
1297 71
4019 73
216|20
104 65
21 67
3996 76
3946 60
2946 62
3993 67
3897 78
2599 75
34 71
3994 70
4034 77
3363 75
1965 69
3422 65
3555 68
3253 69
2087 70
3986 56
2018 68
1923 71
217|20
1867 70
3434 70
1275 67
2468 47
3197 51
1912 64
2302 56
1876 51
380 59
1221 71
2471 45
1918 50
1385 52
3165 65
1590 52
1562 40
1703 37
2056 70
1831 42
160 49
218|6
2657 59
2692 72
1380 60
1198 74
6934 59
5349 65
219|20
60072 59
2115 70
59315 70
6539 72
442 55
30707 74
1704 76
180 64
1219 75
1005 40
27773 74
56156 56
6188 64
6721 67
30825 58
2997 75
1552 55
1500 69
2890 67
1921 74
220|20
3996 85
733 78
1198 91
3994 78
6539 85
1258 91
1917 65
4545 75
33794 85
165 76
71264 81
4623 77
53464 52
5218 80
6365 73
3751 79
32 86
1036 85
5502 73
1591 66
221|20
4338 70
7013 86
8529 71
1080 85
3246 87
2871 85
1208 91
7063 92
2702 68
4029 85
5954 84
2352 83
922 92
2997 87
1278 89
2858 86
1212 89
1959 78
1961 83
3671 83
222|20
81831 70
100498 42
48516 76
1249 74
99813 72
91529 72
59900 51
93287 72
1721 62
2706 62
3273 44
2411 50
64622 65
7143 68
87869 64
778 73
30825 56
42011 43
673 51
64839 70
223|15
55854 70
6711 72
1 67
736 55
1961 67
457 68
2716 67
48394 65
608 72
8784 67
48516 74
3863 56
4306 68
260 71
2683 55
224|11
3496 70
3044 82
356 89
2915 74
289 68
3668 81
1270 87
2797 80
1721 74
2716 83
1259 87
225|15
2423 73
1285 78
588 76
1717 58
2791 78
1321 68
1136 85
1197 86
1753 75
2004 67
2371 62
1407 66
785 69
1060 74
3024 52
226|20
6938 70
32666 70
3552 77
542 53
1240 79
3098 74
2804 80
3668 76
3653 78
2231 80
145 63
2253 48
3052 74
2628 63
762 49
53129 87
4816 70
16 79
2144 74
46948 61
227|19
46976 82
52319 80
81845 88
109487 85
134130 83
215 86
48738 86
47099 85
1196 90
32587 82
912 91
55721 90
1682 82
750 95
778 88
40629 80
97913 80
70286 82
150 82
228|5
2571 88
1373 59
362 76
318 95
3113 61
229|13
34 78
589 83
377 75
45 70
587 74
5 62
475 89
442 64
597 74
364 84
213 47
110 84
527 89
230|20
34330 70
52715 70
47 65
7438 64
527 69
3147 68
45499 56
6537 55
2291 62
1387 65
6863 57
1485 51
595 61
4022 61
2096 56
588 62
4034 65
1676 56
8644 55
2641 50
231|5
92259 87
858 87
593 84
1198 84
109487 79
232|20
31867 70
41769 70
57526 70
70336 54
8644 66
1586 60
44972 44
4019 72
43928 41
30883 29
65802 59
8376 71
39292 74
1035 79
66198 64
66097 74
32011 46
6564 52
7451 76
33164 41
233|20
48394 65
3751 62
48516 73
1721 59
356 71
106100 68
162600 62
608 72
7153 72
134214 62
57669 73
122920 64
2329 73
4239 64
7371 74
3977 47
3147 71
3948 60
49272 70
5418 66
234|20
2616 71
2140 80
172 60
126 44
1562 52
4519 74
153 62
2710 63
3624 70
3483 69
1391 69
438 56
1460 7
2987 82
65 54
260 90
1359 59
3175 79
588 83
2080 77
235|13
480 75
736 64
500 68
454 72
592 69
235 71
595 74
32 79
527 85
648 69
223 78
588 76
377 71
236|30
1214 70
1278 70
1345 70
1350 70
1387 70
1388 70
1982 70
1997 70
1998 70
2447 70
2459 70
2490 70
2496 70
2502 70
2505 70
2542 70
2572 70
2580 70
2596 70
2598 70
2606 70
2657 70
2683 70
2694 70
2718 70
2770 70
2806 70
2858 70
3024 70
3052 70
237|10
32 69
4254 42
94959 66
293 70
1371 55
1193 72
7361 74
7980 71
43936 51
1374 68
238|9
4954 76
3528 75
4265 60
4901 69
4238 67
593 85
4499 85
4957 49
1193 83
239|20
58559 94
5459 65
4085 76
380 75
95 64
7445 79
608 91
7147 85
6378 81
2115 83
4896 83
36529 80
3994 78
33679 72
47 87
590 83
4022 81
208 64
733 79
51662 83
240|20
368 83
543 80
480 89
367 78
810 58
500 81
546 51
110 95
173 64
1 93
542 64
104 80
34 88
174 66
204 58
225 84
383 72
262 94
434 73
420 67
241|16
81786 70
71899 87
527 84
1206 83
1193 82
99114 79
100714 73
8981 73
53123 81
116897 84
56367 76
3910 82
106782 81
115569 79
4235 82
48780 80
242|7
39 66
380 70
231 61
457 80
592 69
454 72
111 84
243|8
112 79
353 95
62 86
588 93
193 61
586 74
181 47
376 80
244|19
3090 86
1049 71
110 82
257 70
165 73
151 73
1090 81
3755 65
2278 72
648 71
1580 72
1957 80
1610 79
1196 87
3256 72
1573 72
1242 84
3753 71
2243 72
245|5
3196 61
2739 60
3114 57
3274 51
1361 59
246|20
1304 91
616 82
1680 83
6016 95
3081 80
44191 90
60684 86
4973 97
1732 94
1298 84
53125 79
2291 86
2692 92
293 91
4011 95
5013 89
60069 92
48082 91
82202 66
95167 83
247|20
48516 80
593 79
2858 75
49272 77
1961 73
44191 75
527 79
116797 76
68358 74
122886 72
480 70
223 73
1265 76
2078 71
1198 79
1682 73
6377 76
1089 80
953 77
919 71
248|11
4886 76
1198 83
166528 78
176371 75
316 64
147374 66
102903 69
189333 74
122912 76
58559 85
5218 73
249|20
110350 70
102903 76
2167 71
94959 82
84601 73
2395 77
97306 78
3408 78
89047 70
91500 75
91542 81
40815 83
69844 83
904 95
46723 79
3826 55
68791 75
88812 73
67695 92
50 92
250|6
1282 90
2407 75
318 103
1597 74
1246 94
8880 78
251|5
142115 7
293 93
356 95
318 102
1089 98
252|8
164179 85
89745 86
6377 88
164909 85
1682 84
166643 83
143355 71
78499 90
253|10
44555 98
916 97
608 95
2300 91
7099 92
4217 89
26366 70
1192 99
4642 97
3363 89
254|20
46578 83
44195 85
207 74
49278 70
6333 77
780 69
110 82
1210 85
49272 84
27846 83
32587 79
2571 85
44929 81
47 82
293 82
1580 71
5995 85
32 81
592 70
48394 77
255|9
1270 58
4467 61
2023 51
3501 39
1663 55
1394 57
3392 49
2542 58
2915 49
256|20
3247 65
88744 82
377 79
4973 95
53972 77
118696 72
95441 74
104841 81
71535 86
2953 56
81229 79
53121 67
30707 89
2571 92
68791 77
170 74
6942 85
90405 68
6537 74
33493 79
257|5
1500 67
594 67
2502 74
494 63
2406 63
258|5
4995 84
7147 81
72641 80
76093 83
47099 82
259|6
508 66
5945 60
1784 67
4886 69
1356 68
1584 66
260|20
7361 83
3556 70
162 83
903 81
5690 82
6337 75
4878 79
5617 76
342 69
5219 62
2997 78
8011 80
1206 81
3317 76
6709 64
8874 80
2348 74
3822 78
2959 83
8645 77
261|11
3897 83
16 81
2060 69
296 86
2723 69
1682 79
4085 71
2194 81
7361 88
4238 68
58559 88
262|12
708 62
539 63
457 71
322 65
339 62
85 73
26 68
17 66
213 40
273 52
593 76
728 62
263|20
223 79
150 78
500 69
2987 77
2953 51
110 82
4226 85
8370 83
1197 88
7458 71
708 70
1111 83
2125 75
6942 79
5013 80
163 77
457 81
8636 77
1967 80
2085 68
264|12
7841 6
1376 68
151 69
5816 71
1907 72
1320 62
1917 58
150 74
3578 77
1090 77
253 69
1876 58
265|20
3807 70
316 61
253 66
1302 68
724 58
1240 74
3504 79
230 65
3831 67
1956 76
3098 69
529 73
1270 76
3791 61
1177 81
2322 58
1488 62
2474 67
1198 79
1962 71
266|20
476 70
2812 70
2700 73
2278 68
24 61
2770 50
2702 62
64 46
1405 60
2580 77
1527 73
2167 63
457 76
1580 68
2300 77
1923 71
2094 62
132 62
2571 80
2097 59
267|12
2858 88
593 92
1175 89
3006 84
1302 80
3999 54
3113 63
1093 76
589 87
2571 90
923 89
3996 86
268|20
1641 67
587 63
1125 65
1911 50
2802 54
1036 70
1370 61
50 75
2064 70
1784 66
1912 68
1966 62
454 64
1234 74
2247 58
1394 71
2829 49
802 62
260 73
2858 71
269|6
724 67
743 52
95 64
1 84
63 51
648 75
270|8
661 61
62 64
79 50
628 66
14 65
1356 70
141 64
25 67
271|9
3897 71
32 70
2791 69
969 71
6787 73
2858 71
55765 70
1320 57
2288 70
272|7
177765 70
1240 73
51662 71
122922 71
49272 76
158238 75
6365 63
273|11
440 81
593 97
500 78
608 96
223 89
111 96
150 88
21 80
466 66
235 81
520 73
274|20
50147 70
2947 75
3037 82
1645 68
4951 66
2036 51
1359 54
35957 65
553 73
76293 59
3918 59
1503 72
45431 68
4816 67
54999 67
5667 70
4876 42
56805 68
1921 77
54004 70
275|20
1784 80
2289 87
5884 70
1171 78
357 75
1912 83
2539 67
235 76
4886 83
2572 77
2355 79
3253 76
1192 93
926 88
111 90
2100 69
3089 96
1393 78
1719 96
1392 74
276|9
673 74
356 106
466 74
104 87
631 73
648 89
2 89
1367 79
344 76
277|6
637 66
736 73
656 65
1 88
780 77
260 93
278|5
2371 66
1347 69
4002 81
318 95
2369 62
279|20
134130 75
1101 66
166528 75
90405 58
61132 68
79132 79
56782 85
97913 71
1608 65
4226 80
59315 73
88129 71
54286 71
1258 80
8665 72
58559 83
4993 80
8376 69
107406 69
1200 76
280|20
92535 96
344 65
262 86
3146 54
4239 82
4447 71
8638 82
919 83
72641 83
86817 57
8368 87
49530 81
6863 76
35836 78
55052 80
54503 88
4246 81
48516 93
1911 62
3916 82
281|5
46578 72
8361 56
35836 64
3897 71
3861 51
282|20
5995 89
3977 59
3263 66
25 79
6708 78
2683 68
4718 63
6711 90
5481 63
6863 75
5669 82
3752 70
588 82
80463 86
1921 87
1193 89
4369 68
48322 85
1194 84
784 63
283|7
1580 62
39 58
1704 73
356 73
586 54
2082 50
805 63
284|18
474 85
173 62
2 81
296 97
15 67
348 88
248 72
318 103
47 93
353 91
275 44
44 65
339 80
367 76
276 71
165 82
637 68
235 82
285|8
1193 84
949 79
1247 83
6978 61
113207 70
4447 66
441 79
296 85
286|20
454 71
778 82
5989 78
1333 74
165 70
500 68
7438 79
2294 64
4993 83
4995 80
7361 85
70 69
4980 62
1258 83
4963 77
1097 75
4848 80
539 69
377 70
110 79
287|20
3160 58
3578 61
223 59
2633 62
1059 58
586 47
3005 46
532 47
1193 64
2599 59
2028 63
1485 47
3826 39
2081 57
8949 59
2012 53
101 62
4034 61
2422 31
2115 57
288|20
4473 70
4966 70
1008 70
2867 64
42015 54
141 64
2571 76
13 61
53519 61
2407 60
5418 71
3916 69
2347 41
2528 58
30810 67
575 49
32587 71
587 65
2517 56
8361 57
289|24
3 70
16 70
235 70
266 70
594 70
708 70
750 70
1080 70
1101 70
1208 70
1220 70
1258 70
1917 70
2012 70
2174 70
2710 70
2797 70
4322 70
6125 70
6327 70
6453 70
7025 70
7028 70
26704 70
290|20
1228 92
1299 90
2494 84
2739 87
608 90
2130 78
908 90
341 70
1447 70
342 77
1056 69
1719 96
953 89
928 88
1394 86
2648 76
475 91
2731 83
1357 88
2385 51
291|7
40815 87
122892 83
106489 76
134853 91
7153 96
88125 92
1 90
292|20
520 61
103339 54
122900 68
4896 73
2291 72
474 70
85056 61
46972 60
95167 70
164909 74
3176 68
3476 74
1608 65
31221 39
1101 67
3985 63
3984 67
1017 68
69844 73
231 58
293|5
1682 61
1673 64
344 47
1617 65
1097 59
294|20
416 40
3869 61
1064 54
2794 48
610 58
2133 57
1391 52
3868 60
1129 59
520 52
3387 55
355 39
2378 50
3693 41
785 57
2193 58
2367 45
2458 46
348 61
3501 44
295|9
1221 88
3198 84
1287 83
1213 88
4351 72
1198 87
858 90
318 92
2329 88
296|6
160848 70
2028 88
169034 70
4144 87
50 91
2324 90
297|15
832 53
543 53
1645 55
111 66
454 56
1089 68
6 63
1249 66
1047 50
1370 54
1488 52
150 61
170 53
1092 53
866 66
298|20
57640 53
95510 47
6811 43
8370 57
8807 51
63131 50
6881 50
3785 43
122900 50
103042 46
6294 37
2167 46
2005 52
6006 43
653 43
55995 39
3018 50
69757 52
103772 48
3825 40
299|5
3793 80
1387 86
188 73
1198 90
1214 85
300|32
318 70
356 70
527 70
593 70
1172 70
1704 70
2028 70
2324 70
2329 70
2571 70
2762 70
2858 70
2959 70
4848 70
4973 70
5995 70
6016 70
6711 70
7361 70
8950 70
48394 70
56174 70
63082 70
79132 70
81591 70
92259 70
99114 70
109487 70
112183 70
112290 70
112552 70
112556 70
301|20
21 67
357 67
2490 67
6711 80
589 75
8949 74
837 65
3948 67
364 76
527 81
5989 76
4963 74
608 80
292 63
3578 76
3897 77
4226 80
3753 66
1393 69
1792 62
302|7
480 81
14 78
3 70
25 80
648 75
707 63
110 87
303|11
5378 63
3703 78
1127 70
5544 77
1196 82
3471 74
1580 68
1394 78
2683 62
920 71
1358 72
304|20
314 84
2571 89
2433 64
10 75
1376 76
480 81
1373 61
1777 75
1270 89
1517 78
151 77
356 90
208 64
474 79
1214 86
1375 72
640 58
1722 66
185 68
2701 50
305|20
74624 70
140627 70
87869 77
919 81
1197 91
106100 85
138210 77
788 58
7482 82
80590 63
103075 49
903 89
6537 72
93840 83
54736 82
592 73
2288 85
58803 80
55276 81
1272 95
306|20
5784 46
68954 75
69644 58
6377 75
95543 59
81847 71
111743 60
85367 76
168418 74
167018 66
72998 68
122904 74
69406 64
85788 35
4963 72
115664 69
134368 68
112852 76
161634 61
133419 61
307|20
2190 70
4181 70
31424 70
49314 70
5010 65
7845 53
3392 58
1220 65
6793 37
6483 17
2332 23
56003 45
1991 49
3273 41
4876 36
3421 64
1409 45
413 47
4447 55
52867 70
308|20
2959 56
45517 45
96821 52
72998 47
318 58
2 45
904 57
589 51
8961 50
56152 48
56367 50
5618 55
36 50
410 41
79132 53
4993 54
8464 48
1221 55
2248 50
6 51
309|20
2202 88
1645 67
898 86
1682 74
296 81
1089 82
1269 76
7153 80
6947 71
8340 71
1104 89
7218 70
25886 79
1219 78
8154 84
971 83
1944 76
6365 64
1262 82
2762 75
310|13
6863 70
6947 74
1101 69
6503 51
2524 84
2457 71
5899 84
733 72
246 87
3254 68
1223 90
1080 80
2671 71
311|6
6561 70
5992 47
1517 42
6461 46
1407 39
2706 41
312|20
5816 75
1375 69
3499 81
589 81
2454 66
1358 76
4878 84
4103 81
3793 76
2028 85
1371 65
4121 65
2366 74
2747 63
4105 79
5446 75
2699 59
2529 81
1350 82
1356 78
313|20
4980 60
170 65
3917 67
2455 68
5544 77
541 81
2193 69
2000 73
6 78
1968 75
1089 83
1301 75
1240 76
3175 70
4865 72
2005 73
2167 64
1375 65
2087 71
2530 53
314|20
7 53
1042 55
44 49
165 61
457 69
293 70
597 61
329 59
442 54
26 66
830 51
728 60
618 70
107 59
536 48
10 60
1376 61
153 51
208 52
150 67
315|7
1262 76
2729 70
2529 70
2067 75
2553 63
909 71
902 71
316|11
1748 72
253 64
3968 57
158 51
5445 68
3751 65
7438 71
6874 74
48 58
3882 52
2572 65
317|20
133115 70
73321 63
91529 79
74545 68
7445 70
1213 82
48774 78
4262 75
1884 77
5989 76
3578 77
4011 81
68358 76
1208 83
72011 71
3897 78
3499 76
96829 81
116797 78
56782 85
318|20
26713 70
81191 70
90245 70
111817 70
127180 70
145080 70
150696 70
7445 74
1090 79
116799 70
82459 76
48385 68
2294 66
64839 79
88125 81
109487 79
4021 100
33794 78
54286 75
89753 75
319|7
115617 86
6377 91
356 93
136864 54
1221 95
122904 88
110 90
320|5
72998 66
71535 69
31184 72
59315 68
1013 59
321|12
587 75
356 87
160 61
592 73
597 74
780 72
339 73
355 50
410 66
3 68
500 72
457 83
322|20
2882 37
1968 67
2542 72
58559 76
2788 72
2146 61
2617 56
2918 68
778 72
2599 68
4027 69
4993 73
1230 70
51540 67
1 69
1617 73
1923 64
4010 55
11 65
1035 71
323|20
377 61
480 64
356 71
1094 59
161 65
115569 69
1198 72
29 70
551 62
22 58
318 77
112183 62
253 61
111659 50
3257 52
260 71
150 66
329 58
342 61
266 59
324|5
2764 73
3972 73
3864 35
3949 73
3897 71
325|20
2848 70
235 70
2986 57
262 77
1573 68
2596 72
1584 72
1217 87
1676 66
4714 39
3770 46
3261 67
2894 70
2155 66
1279 81
1614 60
3994 71
2268 75
2915 67
5008 86
326|20
8665 76
47610 75
20 53
2858 81
86882 76
5418 77
4973 87
133771 80
48774 81
2324 86
1293 77
2692 82
72605 65
70159 65
54286 75
5446 74
6591 91
4226 84
105844 74
31410 76
327|10
3301 80
150 85
858 97
1923 81
51255 91
48516 94
1304 89
765 68
6888 47
2706 78
328|20
2687 57
112852 68
70286 65
1196 71
457 66
364 67
80463 67
3489 60
318 75
595 62
5349 61
2542 69
1219 68
35836 60
3751 61
79091 63
7153 70
596 59
2398 67
1148 71
329|5
130482 70
136850 70
858 59
1884 54
750 60
330|20
5378 63
316 64
1639 73
2918 76
919 75
3949 81
3535 74
5349 71
380 68
1676 66
2502 81
3703 79
1682 76
2683 63
1206 82
1721 68
2791 77
2081 73
8874 81
592 67
331|20
8874 80
6157 52
88125 79
6539 76
3897 79
4446 70
7361 84
50872 76
4995 79
4306 78
6874 80
5502 66
3911 73
608 82
4447 64
593 83
3751 71
8665 74
4367 59
2959 85
332|20
47 77
1653 77
1258 80
316 63
8983 70
431 73
97757 70
2291 73
1835 64
356 79
5502 65
4308 71
1203 81
1682 74
1249 80
76251 70
2905 77
318 86
2294 62
32 76
333|5
3785 50
3752 53
3616 53
3615 51
3646 34
334|20
55820 68
1196 74
1580 62
1291 73
3996 69
589 70
30810 64
4027 69
1 69
64957 63
1625 66
50601 49
44195 73
27416 70
6867 67
2997 71
293 71
480 66
5378 57
51935 68
335|6
780 67
592 68
356 82
296 84
2699 57
2001 65
336|12
1267 95
1 89
38798 73
33660 93
1784 85
2001 74
2268 88
293 92
1625 85
4886 88
50 97
150 87
337|16
318 110
47 99
16 97
805 89
1393 91
266 84
667 61
168 77
784 73
65 62
110 100
708 85
25 91
1356 95
277 79
786 78
338|8
189111 70
190207 70
190215 70
190219 70
7153 70
593 70
187541 51
185029 69
339|20
72641 81
5445 79
84152 85
96079 81
106072 73
69122 81
5617 83
41285 82
56869 70
48322 83
65216 79
91630 77
86504 87
91529 86
83613 64
4993 88
3470 89
102407 70
2028 88
5952 87
340|28
10 70
110 70
150 70
153 70
161 70
165 70
185 70
208 70
253 70
288 70
292 70
296 70
316 70
318 70
329 70
344 70
349 70
356 70
454 70
457 70
480 70
589 70
590 70
592 70
595 70
648 70
780 70
1356 70
341|11
2335 71
3624 69
130087 65
1370 74
135137 56
117529 69
5459 64
45672 67
1 84
47099 85
4025 67
342|14
2683 59
2598 52
2881 58
2369 55
1268 71
2605 56
2599 72
1198 78
3157 51
3826 47
2428 47
2827 42
3863 60
1959 68
343|12
858 89
3000 85
48394 78
4226 86
4878 84
3993 71
2571 85
1617 85
31658 83
55363 87
55820 79
296 86
344|14
111362 77
380 68
316 64
2628 61
4226 82
2571 81
4014 73
2012 68
4034 78
260 81
2541 67
4973 84
5418 76
2712 68
345|13
1019 74
2539 65
926 84
5902 85
8810 55
344 62
5707 64
2366 75
56949 68
3649 51
6658 68
3489 74
412 72
346|20
3174 67
778 77
608 79
6711 78
6286 75
306 84
7323 72
307 77
3535 71
1212 79
357 66
3949 78
714 76
7937 7
7396 81
5878 78
1120 70
1131 80
3627 65
7115 63
347|9
434 61
590 76
39 66
150 77
454 72
380 69
587 71
317 64
457 79
348|11
318 105
2324 100
4368 57
1213 100
6016 99
2959 101
6893 97
4973 101
1221 100
1960 89
2019 100
349|8
10 73
161 80
589 83
381 77
349 73
231 63
588 80
509 74
350|8
852 62
7 58
637 57
648 67
733 71
12 44
858 83
661 64
351|20
88932 70
87222 69
73344 90
52579 63
2231 80
88744 75
43836 58
79132 83
597 71
58559 87
12 46
8914 72
8950 80
63082 81
6214 80
90376 89
84152 81
480 75
4878 82
1193 83
352|20
72998 77
71745 57
1801 77
34319 72
2600 78
65682 76
1080 84
79695 68
110730 51
38038 85
130490 66
97752 78
1214 84
94864 71
41566 74
56587 75
44191 83
114935 84
59315 80
47610 78
353|18
552 65
25 77
267 61
216 73
367 68
288 70
144 67
186 59
333 75
266 71
112 67
198 71
234 53
145 65
293 84
158 59
163 78
296 88
354|20
1610 79
4306 81
2692 83
3147 85
47 82
903 85
733 74
3977 56
1225 87
35836 73
648 71
44191 80
8665 77
1917 61
7147 80
1923 75
589 81
2959 88
4718 60
1196 86
355|6
316 72
1580 77
3035 93
3175 80
317 71
916 94
356|20
2248 82
52435 86
52975 77
7122 70
44889 70
1641 81
2706 74
4011 89
802 74
7323 80
2502 88
56367 81
1223 95
55118 86
3949 88
3996 83
1246 85
1466 79
223 82
7153 88
357|20
4354 70
8998 70
27329 70
2804 84
595 79
529 82
4663 84
4091 73
1224 83
1242 86
34 78
208 62
58559 91
6296 79
30793 68
1042 68
2100 67
551 76
471 77
2067 89
358|9
26095 70
605 58
5066 73
52328 79
2226 70
42728 71
7361 89
69844 79
36525 56
359|15
405 44
1092 62
1101 64
51412 49
648 64
296 77
1097 69
2396 70
2424 60
593 77
2701 43
2942 50
1682 70
2530 50
4995 74
360|5
1422 61
1620 62
1488 64
1711 62
1414 60
361|20
47099 68
1580 61
377 61
1552 52
49272 71
1263 69
53125 60
589 68
49822 58
8360 63
318 77
2529 68
5218 64
6188 60
2422 35
3082 57
1732 71
1370 60
46972 54
7458 60
362|20
1945 98
592 76
6539 86
51540 85
5989 87
637 65
70 76
7153 93
1252 96
44665 86
407 86
6874 91
2959 95
1196 93
1208 95
8961 86
48516 94
7438 87
356 91
1201 94
363|6
1552 53
1732 72
1517 63
296 73
653 54
318 78
364|5
858 102
9 71
783 78
376 77
1 92
365|20
59315 57
81229 55
128975 43
6874 61
90345 55
158872 61
129354 40
103075 35
135536 44
70286 58
112852 61
76077 53
112818 56
1777 53
6502 60
155820 25
541 62
95720 44
93270 37
135569 53
366|7
116797 80
59315 76
33794 78
91529 82
2028 83
122882 77
7438 79
367|20
926 90
3061 84
1270 91
1287 89
486 60
3536 76
3824 58
2384 63
3072 81
898 100
3618 77
3225 54
2248 86
3157 61
3969 82
3717 72
1259 90
4023 70
1196 94
1258 93
368|20
3753 59
2112 54
1944 67
2986 50
3869 64
1214 68
2947 66
415 45
3035 71
832 58
50 72
2819 65
1801 62
2490 60
1917 51
1391 55
2193 61
225 60
161 64
2881 53
369|20
1256 71
785 63
47 74
2706 64
839 54
377 65
52973 69
743 45
4214 54
5418 70
3863 59
1372 63
27904 71
60069 74
2857 60
1967 72
150 70
2011 66
1580 64
3174 66
370|19
4011 77
4878 75
8961 71
6377 74
2628 57
1748 73
2116 60
589 72
2329 78
7438 72
3977 50
1676 62
593 77
4973 78
4226 76
1240 72
1089 78
8636 69
2716 71
371|9
2571 98
112512 70
1258 99
4090 86
56715 98
3000 98
4226 99
4993 99
1748 94
372|20
335 70
924 74
318 82
1603 50
1479 62
589 73
81 59
387 45
616 67
337 67
1220 72
1201 78
165 65
1243 72
1258 77
377 66
1401 65
450 58
1206 77
1306 48
373|20
216 67
60 60
169 43
350 64
585 53
44 53
371 66
163 71
616 68
198 65
265 73
25 70
6 76
733 68
47 76
2 66
736 60
305 57
357 67
141 66
374|7
296 84
208 59
1219 81
480 74
592 69
1258 84
1339 70
375|7
344 66
1027 66
32 87
2628 69
3256 77
4226 92
500 75
376|20
91535 67
2002 64
1214 84
1101 74
2916 80
33794 83
1198 90
349 75
1371 67
376 70
1240 84
1375 71
4993 89
858 93
457 84
4226 89
5952 88
344 64
2763 80
2797 80
377|20
4942 70
2793 47
1262 95
2791 87
748 68
1345 76
5027 67
5113 73
27692 70
3421 84
6021 70
3364 81
2072 68
8641 82
2163 53
92760 70
2858 89
1503 82
2124 75
2015 76
378|10
33794 78
7153 84
48516 85
3114 76
858 87
68954 81
91529 82
71535 77
90600 72
364 80
379|8
318 89
377 71
19 55
292 67
480 75
367 65
597 70
344 59
380|20
60818 70
172875 70
172881 70
172887 70
355 51
6979 78
5476 33
2735 67
68194 92
63433 73
72356 94
105731 47
1833 67
551 79
6731 84
27831 85
1665 64
393 59
140956 72
2791 86
381|20
2085 68
1088 71
3253 72
185 63
317 65
27808 65
1240 79
19 55
3753 70
4321 68
72011 75
3082 66
333 72
2140 74
1385 61
2273 67
1208 86
457 79
104 68
2716 78
382|20
1204 96
142372 46
135532 64
1201 94
112171 76
1198 93
912 94
81847 84
4638 65
63540 36
1681 51
170289 70
103042 72
72737 77
2496 72
357 78
81537 71
59501 77
101362 58
4890 68
383|7
2436 77
2541 70
2496 68
1584 76
2558 46
1246 83
903 86
384|14
3527 69
1388 55
2683 59
2502 77
4333 56
3098 68
4396 58
457 73
358 50
968 71
2724 52
296 77
3991 50
1204 80
385|20
736 59
1080 74
249 71
1219 76
1036 73
1136 79
282 60
1073 71
1200 74
1228 79
1022 65
1007 57
1201 79
1246 75
344 55
589 73
1023 68
1287 74
594 69
1303 75
386|14
110 64
410 51
112 52
165 57
223 62
648 56
185 51
608 67
485 50
305 49
44 45
585 45
349 56
10 56
387|20
4393 70
5156 70
5780 70
7336 70
26124 70
40966 70
2712 63
5062 71
1247 74
5489 70
4195 52
7132 78
2946 58
1387 73
3000 75
51939 55
4995 73
912 77
7938 70
1783 61
388|6
6158 70
63239 70
33615 64
86298 58
62999 65
8360 69
389|7
17 91
140 78
628 88
762 60
743 60
95 73
32 98
390|17
6344 70
64957 71
4239 75
5220 50
1193 83
2571 83
9010 82
2291 76
5296 57
4226 84
7254 73
6377 81
63062 72
1206 84
2329 85
4014 74
1784 75
391|20
5575 70
500 66
3994 71
1213 83
516 68
199 68
4027 77
150 75
1408 75
4014 73
1527 74
1059 75
2916 74
4973 85
357 69
555 76
5026 80
4936 71
1210 81
3067 71
392|5
3004 53
2858 78
707 56
1198 81
1125 71
393|20
91658 72
102125 71
48394 76
36517 77
8636 75
110102 75
44199 76
5388 66
54259 74
4848 81
5669 76
1291 82
68848 73
86190 69
2571 83
1206 83
122892 73
106642 89
1625 75
106489 66
394|5
588 61
316 53
344 48
225 57
457 63
395|13
329 62
1025 67
296 75
160 53
208 54
173 49
485 57
355 43
520 57
595 67
126 37
48 58
367 60
396|6
1276 77
1597 57
1777 63
44 51
204 44
2081 67
397|5
4017 73
8645 79
1701 79
8228 74
6993 78
398|10
6408 70
1197 94
5971 86
7022 88
1198 92
60069 88
2455 77
1136 93
48516 93
82459 83
399|8
1198 83
110 80
5445 75
1196 84
593 84
480 74
1270 81
2194 78
400|9
608 93
356 92
2571 91
2959 95
7153 93
1221 94
3578 88
858 96
59615 65
401|15
5952 77
6297 68
55768 59
48982 68
166461 65
49274 44
50872 72
32031 59
79091 71
170939 70
38038 75
8360 68
3114 72
33615 63
1136 80
402|10
1084 87
597 77
52 78
329 74
296 91
586 67
315 68
1036 86
434 67
527 92
403|7
110 78
2427 63
3210 71
296 82
61465 56
1663 75
180 67
404|12
204 47
349 67
474 70
34 71
364 76
508 71
105 62
593 80
509 67
277 61
315 59
185 60
405|20
70708 70
293 84
7254 76
37731 78
2959 90
345 78
1213 89
7134 70
64614 84
6023 7
1241 79
2329 89
1247 85
3052 77
68237 85
1199 89
27592 84
27664 67
3418 75
1215 86
406|5
1586 61
135 56
56949 65
46972 62
724 62
407|5
7153 89
2959 91
6539 82
1240 83
54286 79
408|20
1198 96
122904 90
44840 73
165101 60
6618 87
1291 94
1210 95
89745 90
1278 95
7324 77
44 64
8641 85
115210 83
103596 42
68554 78
2571 95
109487 91
63131 82
80489 90
4649 85
409|20
2485 61
2490 73
2028 86
3812 70
1278 87
2997 85
296 88
1078 73
3016 68
1073 80
2683 66
2289 84
3846 70
912 89
2013 68
1911 59
2352 81
1230 84
2541 71
3174 74
410|20
389 70
3224 95
318 94
2302 69
4002 79
1060 78
4297 77
3263 65
1859 77
111 88
58 86
2145 71
3255 74
2321 74
3504 88
3948 73
11 78
4019 78
3 67
597 74
411|20
508 72
261 74
586 60
432 49
353 76
431 74
194 76
318 87
272 76
515 72
356 81
266 66
257 67
349 68
10 68
31 67
344 58
227 53
455 49
122 52
412|20
2828 21
2384 58
2915 70
903 85
608 86
2720 42
2858 82
1883 65
1307 80
1214 81
1784 76
2239 100
1 80
930 89
1136 87
2710 59
915 80
2398 82
17 75
1079 83
413|12
2706 85
1198 102
3753 84
2424 80
593 102
128360 94
4993 101
16 95
5574 83
3948 84
64957 86
2959 105
414|20
4458 70
4666 70
5285 70
5635 70
6033 70
6493 70
6563 70
6628 70
6797 70
48319 70
58879 70
169992 70
3802 46
3599 68
1600 7
8666 29
4975 71
7444 66
4081 38
177593 97
415|19
296 87
1213 88
4321 69
3507 86
4308 77
47 83
1021 51
111 86
2617 67
1276 88
3861 60
4369 65
99114 83
1221 88
63082 84
1234 86
45722 76
1197 89
175 89
416|11
5952 64
5951 43
531 50
1296 62
1199 67
1721 54
830 46
1206 66
7323 59
4848 63
3677 59
417|14
778 92
4995 90
4975 79
7254 82
1198 94
106782 92
27773 90
168250 79
1625 84
7153 94
74458 88
110102 84
48394 85
4878 92
418|19
356 81
296 82
63082 79
104374 79
1276 83
1136 83
117176 75
1573 68
137337 80
1682 75
5816 72
88125 78
74458 77
367 63
89745 78
45672 61
87869 70
7361 84
54001 76
419|20
4093 70
111 86
46976 79
27822 60
2858 83
319 79
6287 63
3578 82
1213 88
64969 73
47 83
79592 67
34319 70
89580 70
60756 74
27704 70
90943 70
2412 42
1240 81
52245 63
420|20
1161 84
4993 85
45499 70
923 82
26693 70
48385 69
1927 85
5608 82
2052 61
6934 68
7022 82
3979 52
59295 70
2329 87
54259 75
1131 86
2762 79
4973 88
5669 78
527 86
421|8
2858 83
909 82
5008 91
953 85
1178 90
2313 80
2478 65
1203 87
422|19
2539 60
2710 55
4947 75
4971 62
5039 72
4925 70
2581 58
4916 59
1265 77
2804 76
3053 75
2665 70
1283 84
4835 69
2908 71
3943 62
1213 81
2670 77
858 83
423|5
1653 84
110 83
2194 81
5349 75
1320 66
424|20
1193 81
141 69
2804 78
40278 77
608 82
108729 73
293 79
69122 76
1092 66
54503 79
58559 85
3186 70
66097 74
778 81
5679 67
3176 70
2288 78
2174 72
71668 74
112556 76
425|20
45517 68
377 68
2329 82
733 70
6 77
1645 68
8368 77
2081 72
4306 77
1680 71
1909 67
367 63
46723 71
1625 73
1036 76
4901 66
750 86
2353 66
1342 58
145 61
426|18
59784 66
150 74
471 70
337 70
54001 75
1197 82
6378 72
72641 74
4886 74
8644 65
37729 71
597 67
5444 74
91325 41
588 73
3247 56
4022 71
79091 73
427|17
4887 55
5463 52
5015 65
110 75
58 77
5528 69
6348 46
5312 58
2710 54
5696 45
4993 78
5266 60
2683 60
5400 57
5816 69
1208 80
5574 64
428|20
2471 41
2762 61
3827 47
1089 67
2953 40
2916 59
1380 52
1997 62
3440 33
4022 58
317 50
4255 35
1208 67
1391 49
6377 63
2581 48
260 64
3285 47
588 59
653 48
429|12
339 83
421 71
150 92
225 85
165 85
266 82
329 81
252 80
279 67
317 78
237 79
204 59
430|12
923 85
2987 79
3745 73
6287 63
2858 84
6365 71
2571 87
4447 68
4014 78
329 71
2076 82
4446 75
431|5
172 45
1625 61
1376 57
3948 56
802 56
432|20
1831 49
5630 65
6870 75
8640 56
6539 77
3916 75
5989 78
84189 70
110 79
35836 71
4886 76
2762 77
1206 83
49272 81
19 55
318 88
58559 85
69481 79
7158 75
33660 80
433|5
91529 77
1089 81
50 80
5299 61
110 75
434|20
1136 85
3147 84
1090 79
1265 81
5989 79
1101 69
1779 62
586 61
344 60
3863 65
1208 86
3160 76
589 79
780 67
6796 77
2791 79
4226 84
2194 78
8665 76
1291 82
435|9
2353 77
44191 89
485 71
3510 81
34405 92
2302 75
158 64
82459 86
48780 91
436|20
204 47
435 47
440 68
432 48
161 72
480 72
377 68
531 61
536 53
502 47
364 76
235 68
371 67
344 57
2 67
585 54
450 60
587 68
437 46
227 52
437|20
748 65
318 95
5 62
640 57
1299 88
1120 79
1396 75
1246 86
454 76
1171 77
1225 91
1183 78
1097 80
1307 83
1268 81
592 73
198 72
155 54
112 69
246 92
438|20
7154 62
2501 77
8966 64
27801 82
1527 77
6711 85
3898 30
1784 76
8644 68
6367 65
2424 68
3889 48
223 79
1517 74
7361 87
2641 63
5009 66
2617 65
3753 70
2393 66
439|5
356 84
4022 76
7153 86
78499 84
1240 80
440|7
8690 70
541 85
29 83
1653 82
1274 81
3174 73
1235 88
441|9
589 91
2683 74
2959 99
4306 92
260 95
296 97
51255 95
47 92
68358 91
442|5
2908 24
2881 21
1186 25
3752 21
4361 23
443|8
2329 91
79132 88
296 90
48394 81
106487 78
108190 63
7153 90
63082 86
444|9
356 85
592 71
208 60
21 72
111 86
110 82
235 73
296 86
344 61
445|16
2028 79
590 73
34405 78
47 77
116897 82
780 65
4011 80
899 80
593 81
33794 75
1080 76
45722 70
17 70
1230 77
306 86
2710 55
446|17
237 60
339 63
300 64
296 77
480 68
368 64
288 61
172 51
17 68
16 72
357 65
150 70
434 56
153 52
648 64
593 77
337 67
447|16
257 78
293 91
337 82
531 72
382 71
589 89
552 71
253 80
362 81
532 70
292 75
31 78
474 83
540 60
442 69
160 65
448|373
2368 70
3284 70
3933 70
6302 70
6476 70
7245 70
48262 70
49688 70
75803 70
75816 70
78116 70
79590 70
86593 70
92198 70
98908 70
100326 70
102819 70
104760 70
108715 70
109191 70
111680 70
113416 70
116207 70
116985 70
129657 70
130083 70
133377 70
136654 70
138546 70
142424 70
151777 70
152658 70
157130 70
158022 70
161290 70
164375 70
53996 64
136778 70
5418 71
288 61
88356 43
2580 73
155358 70
2889 72
4034 75
148888 46
81156 74
2713 47
103335 68
95441 60
34048 61
80126 50
3057 70
1057 65
2794 53
33830 69
8665 69
6059 65
110553 47
90374 77
151501 70
3764 44
6143 68
103819 29
4361 66
104913 69
3986 53
5528 68
1196 78
105351 50
83349 57
3276 70
1090 73
5349 67
587 66
106330 36
4677 63
95508 70
109895 13
110611 70
671 61
2289 73
152077 69
80693 64
111360 55
170 61
87444 62
94323 55
8493 59
3671 71
91653 64
4981 70
2991 68
78034 70
119145 73
5099 45
4299 59
2567 54
6996 25
109864 29
6582 52
73017 70
370 55
543 62
115617 69
590 70
154065 70
5553 57
41569 61
3286 33
6645 78
589 74
1920 58
2857 60
111663 6
78499 75
2657 61
6537 61
1148 76
46974 58
48516 77
80241 67
445 56
4262 72
3689 29
114935 73
6428 66
127194 70
109673 53
127096 76
89388 70
4156 70
3793 68
33679 60
2014 56
64285 66
3968 57
49530 69
3450 62
160563 60
5502 61
8169 68
6314 37
122490 70
3386 67
140725 66
4896 69
2642 45
127136 74
2763 68
2520 70
457 73
48783 69
3263 56
5400 56
5541 59
4011 76
58351 70
127132 70
152091 60
3698 62
435 46
4799 53
84152 73
3401 48
2858 75
3174 65
7076 70
106542 70
6218 62
2860 49
1283 81
3618 63
2616 60
90439 68
2404 42
4660 70
2530 51
26386 70
4327 63
3030 75
71464 67
32 72
91529 74
4158 52
99114 73
98585 63
93326 50
2268 70
80489 72
130576 44
105504 72
2791 71
50601 51
7007 62
4234 59
3623 52
80727 64
78467 32
8641 68
4128 68
106782 75
2537 30
112138 66
3247 54
112818 68
2027 40
3101 64
5779 70
82202 54
1704 75
98296 70
6863 64
89305 60
4203 61
1201 77
6212 41
637 54
84954 59
6814 70
94864 61
67695 77
159077 70
92439 74
6812 36
3156 52
802 64
118354 70
134130 71
138036 66
65135 70
52975 66
4368 44
90717 50
45722 66
79259 70
68157 76
4233 36
74458 72
3258 54
1262 80
3949 77
101025 47
69526 45
1831 45
1083 60
1884 73
1476 65
156609 45
3755 58
111659 52
4734 59
161 68
95201 70
135887 64
2598 52
87232 69
4634 77
5334 45
5459 54
146730 70
72694 70
157432 70
132488 70
4558 47
1375 62
6424 70
71518 64
2716 71
94780 51
3593 30
129354 47
158 52
1409 49
6514 70
2881 57
51662 70
90522 59
68554 62
2126 51
122932 70
93510 68
137857 66
125916 11
2953 46
2090 62
1760 20
480 69
58803 67
2109 63
50792 37
46062 26
85510 60
80864 70
112171 62
122900 65
2587 52
1527 70
117529 59
4993 75
92264 55
5247 49
533 54
912 78
26464 70
2249 60
4678 64
103772 63
114601 65
96861 56
420 51
59615 54
2349 79
109372 55
95207 52
348 69
19 51
136020 58
4502 35
91094 60
138208 59
3511 45
79428 66
2643 35
109183 70
2139 69
4212 70
5942 51
96417 58
112852 74
99728 65
89470 66
142448 62
64983 60
2640 66
2046 59
4881 73
3882 51
3744 51
1032 64
116799 64
5 53
4040 50
157407 70
2115 68
1617 77
4367 54
105254 6
3388 45
3760 55
2146 64
2968 71
6281 60
466 53
96448 46
86332 66
64969 65
115170 70
1036 72
3397 66
2474 65
1408 71
155743 70
106920 74
8542 66
120466 61
2051 32
7143 72
7150 54
89087 50
34150 52
2253 45
2973 71
449|8
1917 54
2502 75
4034 73
1222 76
2770 47
762 45
2011 65
2324 77
450|11
3977 60
589 86
110 87
3363 85
3535 82
3948 76
3409 64
1035 88
3568 70
358 59
1259 88
451|7
733 78
593 91
7 65
5 64
494 76
25 80
17 80
452|20
4025 78
2858 101
2617 81
5292 97
1206 105
1676 85
3219 78
47 101
3101 86
163 94
1092 84
1917 75
2126 69
1356 96
552 79
2628 78
1200 100
608 105
2707 83
3273 62
453|20
208 66
858 97
2335 74
4022 82
3618 77
1617 92
3452 69
1357 91
112 72
2671 79
1884 89
1894 60
2294 72
318 99
1614 68
3534 71
2959 96
798 61
5266 72
780 76
454|9
7361 80
2692 76
7116 30
55820 72
6016 79
27773 75
2160 77
2858 75
26131 79
455|12
272 75
432 48
367 63
590 73
253 68
364 77
555 73
252 64
110 77
225 68
588 73
597 67
456|9
1407 77
634 57
135 65
5 68
724 72
780 79
733 84
260 95
706 70
457|10
329 66
3593 31
2692 80
1356 75
223 76
2394 69
2701 46
3608 60
733 71
2094 63
458|12
597 79
185 71
10 78
380 79
95 67
454 81
300 79
595 84
153 65
587 80
150 87
552 71
459|6
79132 91
5618 95
8961 86
48780 89
50872 85
260 91
460|17
89039 70
4886 84
4703 70
3831 78
1441 79
4878 89
3483 69
8970 82
1 85
49272 89
40815 83
85414 77
68237 88
76093 87
47610 80
63082 87
2571 90
461|6
74458 61
2762 60
1036 60
91500 53
3578 61
539 54
462|20
26838 70
89090 70
164655 70
188189 70
1136 75
1219 73
158966 86
1248 84
508 66
1653 72
1674 67
8917 62
8620 7
3424 75
2146 62
7044 73
3814 83
1213 75
82857 70
26131 75
463|7
6377 86
2028 87
4310 64
3753 73
2006 66
1092 71
5995 88
464|20
1370 73
58025 65
63853 48
296 89
2019 90
3527 80
5254 71
7007 71
1101 73
1779 66
377 75
1653 85
55820 81
648 73
33493 75
1610 81
65088 76
74727 6
1617 88
62374 73
465|20
2941 84
2987 83
1200 88
3448 84
5060 87
1299 93
3703 89
3649 55
1625 83
292 74
904 97
3101 76
1754 76
750 99
1256 85
593 94
3732 76
3740 90
3334 90
377 79
466|20
5418 81
30793 68
79091 80
92259 91
5989 83
5459 64
318 94
63082 85
59784 73
5010 81
74458 83
6281 70
5952 87
8529 71
64716 85
68954 85
4993 88
45447 67
81845 87
55247 84
467|22
41 70
58 70
389 70
466 70
527 70
593 70
780 70
1183 70
1233 70
1357 70
1365 70
1408 70
1721 70
2028 70
2125 70
2324 70
2334 70
2384 70
2390 70
2393 70
2394 70
2493 70
468|7
592 69
349 70
1 78
317 65
296 84
32 79
165 71
469|20
3658 70
3832 70
3507 83
3032 79
2736 79
2132 87
1958 78
910 82
1090 79
1485 62
1388 59
2321 71
1234 83
2081 74
1193 83
36 77
2908 75
909 80
2023 72
3255 70
470|16
253 72
318 91
110 82
588 77
282 66
5 61
597 71
32 80
595 75
592 70
500 70
26 78
356 84
357 72
434 62
300 71
471|6
2571 77
8874 77
527 79
1 73
8360 68
7147 73
472|6
58559 92
3450 72
3298 81
2840 60
1221 91
858 93
473|8
4979 75
2959 84
60 62
7147 76
6281 64
3897 78
48322 77
2596 71
474|422
638 70
2179 70
2697 70
4046 70
5114 70
5311 70
5353 70
5455 70
5601 70
6201 70
6273 70
6382 70
6407 70
6592 70
6912 70
7702 70
7826 70
7832 70
7839 70
8057 70
8446 70
8458 70
8459 70
8611 70
8650 70
8774 70
8938 70
1466 69
6708 68
2940 75
2616 63
2334 58
7139 74
4218 70
371 66
750 86
2935 73
8645 75
5481 55
6370 81
25865 70
2553 67
912 81
2467 72
5548 64
7301 82
52967 72
5945 65
480 71
1983 43
3462 69
1068 70
8600 8
6650 81
8482 70
6791 83
4016 71
1784 71
3668 71
3977 51
8961 74
4160 83
30820 65
6984 70
2750 58
5034 52
7716 70
2612 70
4419 88
1300 75
4187 78
1187 72
6565 74
272 74
5440 70
25937 63
1099 70
3125 70
5826 70
5649 70
7256 75
4912 80
6016 80
1208 83
2083 74
3385 63
2310 66
3360 71
3163 82
1413 74
4081 36
1643 75
968 73
2116 61
26965 76
5954 74
1263 77
5116 70
3536 66
8778 8
63433 62
2952 71
318 84
3394 51
1200 76
3384 81
4356 80
932 80
7698 73
516 65
4873 72
48385 64
39869 78
1902 70
2641 61
7036 52
2181 70
4638 56
31116 79
2455 67
2146 66
628 68
3897 77
1030 54
4022 70
344 56
3196 79
92 43
237 61
6770 68
3259 61
3368 62
26151 71
1293 72
34072 69
3044 73
1639 70
5944 60
6539 71
477 63
7361 80
55687 70
58 76
4014 68
3467 70
8154 81
4191 60
2134 63
4644 76
4293 57
5013 74
1399 61
1196 79
2918 73
5899 78
4465 67
100 54
361 60
3341 81
8921 70
195 58
3789 70
4709 62
1588 60
3468 79
4678 65
2723 63
2118 73
1939 81
7019 47
3147 77
1792 61
33903 77
1682 69
41566 67
1693 65
1957 74
5021 67
2313 72
3870 70
948 75
47099 73
3447 8
6614 60
216 65
5619 68
3987 46
5060 75
3111 84
45950 71
32584 62
5525 70
2567 56
5956 72
7 59
1172 82
3217 64
8331 70
587 67
5238 8
1189 75
2416 64
832 64
3095 77
7386 73
1223 82
7058 70
5246 37
5418 73
27803 80
26 70
4002 73
1135 61
45 63
6945 80
2411 54
2520 70
7347 63
5375 70
5673 72
3039 71
7833 70
33781 61
720 83
2103 51
33154 76
608 80
1327 51
101 75
7061 70
5451 59
5682 57
5434 72
6609 70
31658 76
4578 35
2009 67
4704 70
7572 70
4929 48
3306 74
6334 62
5379 81
5437 59
42418 66
4128 70
7451 71
2786 32
2243 65
27846 74
6197 63
3264 50
3608 58
5603 79
6124 60
1222 79
1663 72
3566 52
3755 60
2628 59
4815 56
2089 65
7102 50
27706 65
7013 76
1348 66
45666 47
5755 40
4055 82
2058 65
4462 20
1544 54
2405 58
4998 70
273 54
1977 50
1732 80
7822 70
7073 70
41527 74
4787 69
1676 65
3708 59
6669 68
317 61
25940 70
971 80
7366 59
3115 75
7026 51
2710 55
50685 70
2114 74
3809 65
3516 62
2770 50
535 65
4878 78
5992 77
41997 72
1083 62
4487 61
7293 66
1016 71
2006 60
1007 59
4993 78
3412 70
5007 70
3929 53
6639 57
8712 70
1876 58
3546 70
34359 70
7579 49
7325 65
6837 70
2634 51
7753 65
8943 19
8385 70
4308 70
3246 76
3745 66
1148 77
42002 59
50740 78
3952 59
1927 78
7581 62
910 75
3948 66
54881 76
1284 82
4007 72
5341 69
3675 79
52975 68
6244 69
965 75
454 67
1247 78
7215 66
1282 74
8207 81
6242 65
6502 75
4509 64
3528 71
2391 72
4262 74
4039 60
42018 10
3271 74
976 70
48394 71
5384 70
5168 70
1358 71
6534 53
8773 70
2384 56
48780 75
1269 73
4600 73
2642 46
111 79
933 81
3578 75
5297 38
944 72
6020 70
2123 50
748 59
4896 71
5380 75
53953 60
3712 57
25996 70
1997 74
4464 76
4085 65
51540 72
2707 63
2069 79
6710 73
1488 62
6378 70
928 77
3038 79
7116 32
44511 70
594 72
1962 72
421 57
4316 31
2761 78
4823 58
892 71
1345 64
5294 72
1408 73
6579 78
3272 63
3421 72
3844 69
6787 77
37736 72
2249 61
1610 74
2468 53
3498 74
4902 71
6268 73
5225 74
5404 87
929 70
25999 70
7835 70
805 66
4126 66
475|20
6539 95
4993 101
87232 93
40815 93
5816 90
8644 82
81564 90
4701 80
81834 99
6564 64
68791 84
111759 96
7153 102
1527 92
71530 71
4896 93
106487 89
112852 99
3578 97
82461 79
476|14
594 80
34 79
380 74
158 61
153 61
586 65
440 76
364 85
378 68
357 75
224 77
165 76
296 90
11 79
477|20
34 77
913 89
3100 83
2105 70
1271 78
1207 88
70687 20
2174 77
45672 66
4571 77
3973 48
4226 88
1103 86
5291 80
348 81
3593 33
1 82
1274 83
6502 85
59615 62
478|5
1917 49
3114 62
594 60
1584 60
1101 56
479|20
5365 70
4488 69
524 68
1025 73
3707 53
1220 77
4010 62
3244 70
3526 71
4092 6
1968 75
4700 66
4003 67
3671 76
2671 70
341 70
2012 68
2542 81
454 70
2384 55
480|20
43914 70
2700 71
8533 69
2193 66
2797 70
3484 52
2571 77
1210 77
2596 68
8866 54
47610 69
6306 79
5379 80
2018 66
7153 78
3911 69
44191 73
38061 79
5673 71
380 64
481|7
1608 55
1687 50
1629 49
1729 58
1620 51
1597 51
1485 50
482|20
2068 88
8985 59
1036 82
474 76
1042 66
4389 58
780 72
27706 71
3211 81
1610 80
4367 62
1374 81
1220 81
1602 47
653 65
592 72
30812 75
4862 49
8361 65
8529 69
483|20
105325 70
783 67
2541 70
2959 88
109971 70
45722 75
1199 87
50872 78
2000 76
4306 81
69757 76
2683 65
2273 68
1588 65
109487 81
66934 80
1721 70
2328 59
68522 70
8972 68
484|20
93320 70
1438 57
6155 76
6944 77
2706 76
33166 85
6874 89
3697 66
1059 83
76293 67
919 82
2762 84
1821 60
837 74
5810 76
1753 81
3254 74
4718 64
2413 76
3646 44
485|5
588 87
161 87
253 81
292 76
231 68
486|12
653 72
47 92
110 92
153 66
474 84
95 69
288 76
329 78
161 87
318 103
292 77
6 92
487|12
27611 63
8961 60
318 69
1198 65
31658 63
1197 66
6539 60
5445 58
116797 62
4027 60
8874 63
86377 66
488|20
720 84
838 77
608 82
1223 88
26 75
5135 74
2109 67
7720 61
7303 83
4014 72
5995 81
457 77
105 64
1136 83
272 76
1269 78
3176 69
1278 81
1125 71
910 81
489|20
79536 70
86000 70
4848 72
736 56
8387 15
4700 60
45666 43
4720 68
2683 57
2021 63
2389 35
1619 64
950 69
58559 77
2236 55
2167 58
1616 57
247 74
376 58
2717 53
490|20
46578 70
89492 66
81591 63
91077 72
60074 53
5816 63
4144 71
54001 67
1 67
1784 64
7153 72
4993 72
89759 87
86320 58
60128 60
76251 63
8368 69
69122 66
2006 54
78499 71
491|13
106782 97
69757 87
7293 86
27808 76
4246 88
3948 82
104374 95
86833 90
140110 83
8529 78
180231 70
4306 93
88405 74
492|20
736 79
784 71
628 86
858 104
852 80
64 58
990 74
830 70
743 60
62 86
52 87
1499 49
66 51
1210 100
881 51
1474 48
1405 76
724 75
1047 78
65 61
493|13
2985 61
4444 62
2916 68
1275 71
2571 75
1527 69
2028 75
3793 68
2167 60
1215 75
4701 60
2924 81
260 75
494|5
1196 92
4498 71
3578 87
2028 90
1210 90
495|20
140523 70
115149 84
1259 90
1721 77
136562 66
80489 87
19 61
50872 86
231 67
102123 76
52319 83
7254 82
7360 82
8528 84
1645 78
46578 90
30810 81
2918 87
148626 91
56775 73
496|6
1221 75
99149 65
858 77
904 78
8865 53
114713 6
497|11
1193 72
112556 67
112290 69
1916 61
92259 75
2329 74
112552 70
1258 72
2762 68
5349 63
111362 67
498|7
344 67
231 68
648 79
10 79
300 79
356 94
316 74
499|6
1202 78
2337 67
38304 77
327 63
56286 75
1304 83
500|18
2599 68
2987 65
543 59
2700 66
2542 71
1265 70
2916 65
356 72
3301 62
1784 65
1914 69
595 65
2355 64
3536 60
1885 57
322 63
838 68
720 75
501|9
6 74
62 66
93 55
45 62
3 61
637 55
11 70
18 69
662 62
502|7
7236 76
1077 77
4412 21
3469 71
2001 66
2520 70
1777 70
503|19
7455 70
7361 78
4878 74
356 75
91500 63
593 77
527 77
858 79
4226 76
1259 73
1342 55
2877 64
92509 60
90866 69
500 62
441 71
48516 77
2858 73
48394 69
504|18
4995 83
5812 81
2321 73
1 81
3556 74
7153 86
6708 74
1288 85
6927 70
4033 80
4700 69
6565 80
342 73
3408 73
6879 72
4361 73
5952 84
5955 74
505|7
1241 83
4105 84
1029 74
74685 92
273 62
6502 88
54999 76
506|9
59258 64
54272 69
37741 72
56782 81
62293 74
51834 58
49286 64
112556 71
61024 69
507|5
165 65
266 63
253 65
377 66
593 77
508|5
2872 42
2011 40
1952 46
1175 45
898 49
509|20
26958 70
130073 70
2028 75
87232 70
33830 66
5313 44
48 59
2090 62
2080 64
6942 70
8907 46
6156 57
5816 68
39 60
3988 55
6807 75
7458 63
1196 77
45447 58
616 66
510|20
1882 33
7026 41
35836 55
494 54
1198 64
514 55
457 60
2935 62
858 67
2699 44
317 49
8949 60
2918 60
145 48
1262 66
6787 63
1208 66
372 45
1242 63
40819 61
511|11
2959 95
53953 70
115149 83
164179 86
6534 61
99114 88
92259 95
318 98
2324 93
1653 89
56757 83
512|10
480 77
150 79
349 72
47 82
350 70
442 63
457 81
50 88
317 66
593 87
513|7
5952 83
318 90
2174 73
235 71
1304 81
1220 79
1080 80
514|20
1335 70
5704 70
62586 70
168358 70
180263 70
1704 80
2005 73
2792 66
2013 64
1673 80
134130 76
76093 78
1333 73
58998 73
68157 80
2406 68
3210 70
54503 78
4855 76
1644 43
515|6
33794 95
2028 100
527 102
91529 99
58559 104
2959 104
516|26
260 70
457 70
480 70
647 70
708 70
1042 70
1090 70
1197 70
1198 70
1954 70
1958 70
2021 70
2259 70
2268 70
3052 70
3471 70
4027 70
4291 70
4306 70
4321 70
4322 70
4333 70
4337 70
4349 70
4361 70
4429 70
517|20
4306 53
53125 47
1265 54
165489 70
97938 51
88744 50
86880 46
4148 41
26761 70
3398 49
1293 51
3988 40
2858 54
4963 52
1204 58
1704 56
47629 52
7669 59
1206 56
46578 54
518|5
3101 69
2657 67
783 66
1876 60
6365 67
519|6
1704 98
356 98
140110 84
6378 88
7445 85
1968 90
520|20
7266 70
318 96
1049 75
59315 81
4995 87
32 85
2716 83
4333 65
1291 88
1732 89
4085 75
2723 72
3081 76
3994 77
33493 76
135 60
2393 69
60516 50
2406 75
1584 79
521|8
661 71
112 69
86 80
104 72
58 87
79 59
52 76
852 68
522|20
99114 79
81932 77
89492 75
63113 69
2959 85
1193 82
1375 66
4993 82
223 76
27611 81
76060 70
180 68
59315 75
1617 82
10 68
67255 80
2023 71
6187 79
318 88
127098 86
523|15
168252 101
8970 91
5989 95
318 107
91529 99
1721 83
293 97
65261 100
4270 74
3147 100
27731 85
134130 94
31696 81
527 102
101962 86
524|20
1356 74
150 74
552 61
748 60
344 58
442 60
253 69
1225 83
20 51
589 77
1242 79
544 54
173 52
1302 71
380 68
457 77
1020 64
788 54
193 49
466 56
525|20
120807 70
317 62
6863 67
8622 70
33004 68
7147 75
2396 74
40815 73
137337 79
1639 72
1968 74
91869 70
45880 71
2100 61
339 66
4886 74
50872 74
86332 70
8983 71
3996 76
526|12
593 87
55247 82
46578 84
176415 70
1295 73
90430 82
4014 77
2352 81
176413 70
215 83
81845 85
51255 85
527|20
2137 80
3114 87
3210 82
3016 74
2161 81
4571 83
2118 87
3421 86
455 57
2867 80
2450 46
1909 78
1214 90
4299 74
736 72
2477 79
588 86
4016 86
1259 91
2533 70
528|15
4886 71
2278 65
80906 77
4037 71
1240 72
64614 74
3821 44
150 71
1291 76
80463 74
593 78
99813 75
85342 76
48516 79
58559 80
529|5
653 59
135 53
65 47
62 66
733 69
530|6
292 72
500 73
300 75
586 65
593 90
11 80
531|5
593 94
590 85
919 84
480 83
1215 91
532|10
1721 76
4863 94
457 87
290 90
1245 95
1242 90
2023 79
2329 94
1304 88
517 70
533|8
1200 92
6502 94
79132 96
46578 94
93840 90
4973 100
2455 82
66934 91
534|20
116724 70
97913 81
94953 75
2003 78
2167 72
7569 83
153 63
1485 69
65514 81
104218 91
344 65
2571 90
5445 82
95875 69
112818 81
82461 71
96610 82
2987 82
138036 80
1566 77
535|6
2571 72
2581 53
2700 66
2688 55
2583 72
2882 36
536|8
232 75
272 72
356 77
335 70
225 66
150 71
434 57
589 73
537|10
80906 90
367 70
7153 90
53322 74
104218 89
97304 86
6539 84
318 96
89745 85
105504 85
538|8
595 84
3671 88
80549 88
4039 73
69757 85
5047 75
44889 70
66934 88
539|8
4306 80
6753 72
5218 74
50872 78
88 64
3301 72
4886 78
69122 78
540|9
2598 62
2959 95
1073 85
8874 91
1681 52
2183 81
2841 78
2747 67
1196 93
541|18
590 75
457 78
413 55
15 57
110 79
595 73
597 69
480 74
356 82
203 66
529 77
357 70
22 66
345 74
546 42
586 60
281 75
350 67
542|20
6539 73
30793 61
5299 61
2542 77
34319 64
33679 63
4963 73
5481 55
1997 74
4025 58
3623 54
924 75
4369 59
6378 70
2571 78
7254 69
41566 66
37733 69
7361 80
45517 66
543|16
73881 96
1702 71
595 89
3301 86
231 72
2378 73
2379 57
86882 91
6377 98
588 92
377 85
48385 82
2571 99
4526 67
4388 60
92259 104
544|22
1 70
3 70
14 70
32 70
40 70
62 70
68 70
95 70
116 70
619 70
626 70
648 70
650 70
694 70
736 70
780 70
839 70
1042 70
1047 70
1059 70
1105 70
1356 70
545|5
1438 54
1267 86
2763 77
1367 63
44 58
546|13
1270 86
3328 88
480 78
1970 59
2456 52
1976 45
589 83
2657 70
1673 86
3941 70
3959 74
3566 56
1977 55
547|5
1211 82
2859 88
2917 87
1394 86
1288 89
548|26
69 70
260 70
356 70
733 70
1196 70
1393 70
1477 70
1621 70
2571 70
2716 70
3263 70
3578 70
3916 70
4776 70
4899 70
5955 70
6874 70
7458 70
8531 70
49910 70
58559 70
74532 70
80862 70
122904 70
125916 70
168712 70
549|5
2571 82
2028 82
4226 83
1210 82
589 79
550|6
167296 70
102125 77
106782 89
116797 87
112852 88
122882 83
551|20
5010 76
34162 68
60069 79
1544 56
45186 71
103772 68
51935 75
4226 82
2353 67
7153 82
5989 77
135569 69
115149 74
88129 73
134130 77
6934 66
47 79
4701 64
2959 84
98809 73
552|20
2916 67
3317 70
1405 56
2953 45
2245 57
2944 70
2890 66
2125 65
508 66
3948 62
5349 66
2959 78
2857 59
173 48
2991 67
2871 71
2628 56
4308 67
4878 74
3101 62
553|17
55765 89
3481 87
1923 82
2571 93
4011 94
50 96
3949 93
1089 96
44199 85
5513 70
2231 89
2395 80
3052 83
61257 70
1221 96
33166 87
2959 97
554|18
1196 95
1022 80
2820 70
1207 95
1517 81
1282 88
1210 94
1760 25
2282 80
1225 97
907 69
1358 83
2096 78
1028 90
593 95
608 94
953 93
2324 96
555|20
790 70
3664 70
1 83
3111 95
3395 71
104 72
1334 74
2506 68
2072 65
4002 80
1266 89
2641 66
2256 65
2791 83
2701 49
1333 80
1320 68
337 77
1393 77
3526 77
556|7
162600 81
122890 73
3081 79
88125 90
588 86
72998 82
74789 67
557|6
648 70
231 60
1291 83
260 83
1210 83
150 77
558|12
5329 70
5064 85
4903 74
2297 72
2568 64
4993 90
4306 85
367 70
5283 68
1097 81
4164 84
5294 84
559|20
552 62
608 83
355 46
329 67
544 55
1527 75
173 53
377 70
745 80
174 55
529 77
350 67
349 69
533 58
836 56
1210 82
420 55
786 61
227 54
253 70
560|20
5839 70
91535 61
136018 49
67997 85
79132 79
3253 69
142558 70
2355 71
39435 63
1527 73
40414 78
64614 78
48744 75
56587 68
593 81
76251 70
84944 72
109313 70
5878 79
40819 77
561|20
168174 70
5308 59
78469 59
3703 77
60069 77
91535 59
2105 64
73017 73
5445 72
2000 72
83134 73
79132 78
79592 61
80463 76
89745 75
527 81
8972 63
353 74
33162 67
68157 79
562|20
27140 70
6870 83
6377 88
2580 87
1249 91
4776 83
36529 80
1259 89
1982 82
2268 84
2133 78
83134 84
3210 79
48394 83
30707 88
33836 49
2692 89
88163 87
99191 70
1240 86
563|20
61071 70
70932 70
80858 70
919 74
74450 60
588 73
5943 52
118997 56
86833 75
1197 82
128832 70
85397 66
45221 40
33499 53
7380 69
96821 77
81784 61
95307 49
65585 66
55250 46
564|20
50942 70
356 82
31685 63
131013 65
61024 75
79224 52
87869 71
500 68
108156 64
81784 62
93270 48
6188 69
106918 78
65230 65
67087 71
80693 70
94677 68
8984 70
73266 61
2671 71
565|6
590 75
231 59
19 54
21 68
50 84
539 69
566|15
648 69
10 68
231 59
329 67
342 70
141 69
203 66
345 73
39 65
497 78
265 76
588 75
708 67
353 77
2 69
567|20
8189 70
26743 70
92681 70
109897 70
152071 70
5690 58
136602 51
122888 70
6333 52
1274 54
122922 53
153070 70
151687 70
117877 70
108928 42
954 60
122924 46
27773 55
648 47
135887 48
568|23
50 70
147 70
296 70
356 70
480 70
593 70
765 70
1103 70
1104 70
1257 70
1298 70
1895 70
2313 70
2359 70
2863 70
3053 70
3148 70
3261 70
3363 70
8169 70
46723 70
63853 70
65088 70
569|5
231 72
50 101
380 83
588 91
592 82
570|20
208 54
8636 69
48516 78
1225 78
586 56
2683 58
457 72
1196 77
110 73
4993 76
7361 78
1198 77
1079 75
10 63
3793 68
1391 58
589 72
380 64
527 77
185 57
571|20
1331 70
2982 70
2366 63
1128 51
610 62
2902 49
1998 27
3696 65
1980 70
1987 70
70 61
1924 53
2279 43
1327 47
3732 60
1972 55
1278 73
1644 40
2327 81
1978 36
572|20
1961 84
2570 64
2788 90
2321 77
111 91
904 95
2987 81
2302 72
1834 86
2539 68
2917 88
1307 84
1 85
161 82
3421 83
838 85
1356 83
2006 68
3167 75
1953 86
573|20
89745 91
72998 84
3752 74
356 95
7293 84
6754 81
8665 87
32587 88
1073 88
88744 85
1127 83
68954 93
98809 86
2640 83
48516 98
71535 89
59369 84
60069 93
88140 84
1562 54
574|23
47 70
110 70
150 70
153 70
161 70
185 70
225 70
231 70
292 70
296 70
300 70
316 70
318 70
329 70
339 70
344 70
380 70
410 70
434 70
588 70
592 70
593 70
595 70
575|8
2566 56
2580 82
296 86
2581 63
2572 74
2542 84
2574 42
2598 57
576|5
849 49
1321 56
1373 46
1479 55
2289 65
577|20
2415 70
1183 70
1288 79
1129 69
2944 75
2194 75
733 69
1213 81
2076 75
2020 78
1262 82
1931 78
1391 60
2987 71
952 72
1909 66
260 79
919 73
2248 74
1270 78
578|6
6751 70
52668 92
45668 80
830 69
72407 69
75446 70
579|15
3174 80
2485 66
1022 79
2018 79
838 88
1917 67
1391 71
596 79
1573 78
2965 70
1653 91
2599 87
892 85
2687 76
595 83
580|20
5767 70
6583 70
480 72
8844 70
6989 68
3809 67
41569 64
3699 65
4041 70
33166 75
356 80
508 71
8376 69
3578 77
608 80
3785 59
3089 86
1320 62
54286 72
1201 82
581|8
7153 91
5995 90
4973 93
116797 87
3949 90
4306 86
109487 86
6377 88
582|12
91529 86
2959 91
116797 85
4993 88
5618 90
2571 87
76251 77
69844 80
104841 77
48516 90
97752 78
76093 84
583|12
8533 71
88405 60
2706 66
117590 70
317 61
60756 68
6942 73
595 71
46578 77
104 64
2694 62
7451 74
584|17
288 79
22 80
203 80
315 74
500 81
316 78
539 83
234 61
296 100
257 82
434 73
586 73
338 67
349 83
282 78
480 89
590 91
585|13
3173 69
1228 93
54503 88
2959 94
428 80
1405 68
7254 79
441 85
1805 67
296 91
27373 70
5325 80
79132 89
586|20
34332 67
4016 91
111659 68
106002 77
149406 77
167036 99
45499 81
136556 70
5445 88
117851 77
1291 97
71264 88
106489 78
135436 74
3753 82
2640 85
3147 98
122916 95
3793 88
101362 62
587|20
1234 90
628 78
2012 74
534 81
2002 64
1641 82
236 74
1376 76
2622 73
1541 61
3260 87
497 85
3082 70
445 66
3448 81
2574 44
765 66
691 65
329 73
3406 72
588|12
50 77
16 71
20 47
356 74
350 61
198 61
593 75
364 72
163 67
253 64
223 70
3 58
589|8
1092 75
318 99
590 85
373 81
586 68
587 79
527 94
337 81
590|20
924 76
8807 69
2371 58
38061 80
81834 76
40815 72
4890 59
903 79
5 55
3624 60
555 72
4047 79
51662 71
2085 63
419 50
595 70
329 63
2376 63
3635 65
2398 76
591|11
2908 70
2706 66
2712 66
2355 69
3615 59
3578 75
2394 67
3798 61
356 78
223 73
2724 53
592|19
514 76
2 75
153 62
415 57
110 86
177 67
420 60
380 75
44 60
788 60
588 81
163 80
204 52
610 76
39 70
419 57
253 76
432 54
240 59
593|20
1196 75
1073 69
1086 74
1617 74
4034 71
41566 63
1197 76
344 53
8368 71
339 61
2959 77
8961 70
5816 66
2797 67
4896 68
588 68
595 66
5952 73
377 63
141 63
594|20
7031 70
2671 88
7115 83
1616 80
5943 66
1188 95
2269 76
1733 115
4902 96
6996 33
780 85
1429 87
6140 96
7046 66
39 82
595 92
799 92
2028 103
8482 70
7169 84
595|5
265 88
50 97
1186 87
1199 98
1966 80
596|20
33649 70
43744 70
182793 70
129397 47
128908 70
1 75
142488 83
122922 74
4310 59
71838 62
4025 60
2501 73
110102 73
149406 63
2774 70
5502 65
8665 73
6537 64
2571 79
345 72
597|20
1799 74
490 69
3040 71
2529 88
2858 90
903 93
3039 83
2000 82
1291 91
357 77
1228 96
1845 95
2411 62
1580 77
1148 94
1198 92
2723 75
485 69
592 76
2692 91
598|5
56367 74
8360 70
593 81
114265 70
103543 41
599|496
26142 70
26567 70
26590 70
26676 70
26854 70
27595 70
34800 70
53450 70
60803 70
69131 70
74696 70
79895 70
84523 70
87960 70
92674 70
98799 70
102735 70
102852 70
104017 70
105020 70
122433 70
157865 70
158874 70
160978 70
161044 70
174727 70
179053 70
1801 56
6035 64
3387 54
33437 56
112 52
5995 66
167706 70
4394 70
836 46
7235 58
8809 64
102749 70
89087 44
42011 38
432 41
471 58
5628 62
1015 49
2 55
2269 49
69 60
3947 53
79091 58
104837 70
4037 61
7587 63
6881 60
1449 61
7225 59
81229 54
68952 64
4728 49
5081 49
33966 70
1779 49
3669 70
87197 70
170297 70
79057 55
95965 70
55207 70
4007 61
1220 61
80831 58
46723 58
71282 61
7757 59
3259 51
92309 58
1376 55
7192 47
4654 40
101423 70
53468 50
62662 70
3174 56
3698 53
2882 33
2359 58
1183 57
2792 53
1095 59
8387 18
53125 51
115713 61
2949 61
2471 42
3 52
1231 64
3861 46
240 44
1480 55
2301 60
1445 38
8045 70
586 49
2942 44
1185 61
4594 70
2474 56
3671 61
3196 65
64839 62
98697 70
2606 45
1777 55
5309 44
7022 64
4873 61
541 67
27311 57
43921 58
67734 52
4240 70
5026 63
168 49
33493 56
4125 17
7354 52
207 57
1094 56
742 47
1609 44
1042 51
3362 63
4553 58
4632 50
2278 55
468 54
122904 61
75416 70
42718 59
4285 45
79274 65
1794 70
45081 51
108192 70
3489 56
3503 63
89804 55
163809 70
577 39
3071 55
1204 69
3981 40
95771 70
45382 64
6548 49
59387 61
166528 61
168492 66
6691 70
605 45
424 17
2991 57
248 50
97950 70
3865 58
1216 59
342 56
35836 57
27772 44
176419 64
151781 70
277 50
6320 17
39381 58
5111 70
4090 56
2450 32
2676 68
2356 43
79702 61
1597 51
410 49
1721 55
3702 54
183301 70
1387 66
2072 47
26729 65
2393 52
4247 37
4591 46
1032 56
3087 50
1895 55
634 40
210 53
2074 67
51575 41
3505 62
5247 41
481 51
4215 34
1355 7
2657 52
2028 65
4011 65
420 44
552 50
1196 67
2395 56
5303 52
1752 40
3186 55
4310 47
1784 60
3200 69
7254 58
688 43
473 34
1079 64
1552 48
1148 65
1544 46
63113 55
2325 51
26649 66
6804 70
161 58
4109 47
34332 47
1653 63
4808 38
7707 70
3468 66
502 40
1221 67
1792 50
68319 46
6787 65
2119 27
3884 24
4254 38
3973 37
103609 70
8934 70
5377 65
42632 65
55290 61
4506 53
7840 58
5568 47
1689 41
7005 70
103228 53
59947 70
786 50
4351 53
172253 70
4679 52
1411 66
117630 70
1590 49
112623 56
3146 42
8984 54
1920 51
519 37
179817 67
3979 43
3741 60
44020 43
26630 70
7285 62
3030 64
1021 39
8638 60
87 50
7153 66
2877 57
2018 56
3173 51
5198 70
7101 47
7701 30
3213 63
26159 7
2339 70
33896 62
2000 59
4006 55
136562 49
37382 49
6645 67
171763 68
8528 59
27008 70
4017 57
4167 52
86142 64
1249 64
3255 57
736 51
2779 53
84414 65
27773 64
2083 62
98499 44
4034 64
119828 70
1993 38
94864 52
6631 25
2321 57
26242 53
3703 63
41566 56
2529 63
1968 60
8914 57
3257 47
159403 70
1036 62
76093 61
5103 55
6947 60
1952 64
2124 53
4084 47
6016 67
778 64
81 49
2171 58
1253 64
4275 56
7982 44
3723 61
849 47
2681 52
6565 62
39414 50
122916 62
6440 63
8917 55
72011 58
1605 48
1240 62
923 65
68157 65
5961 70
5053 70
3571 61
2403 56
3871 71
44238 70
72226 68
7004 45
2054 47
62970 50
5159 51
354 59
122924 52
48774 63
1394 62
3763 55
70286 61
1904 67
3969 58
81562 61
102590 70
233 57
4155 52
1031 59
76 52
459 39
1097 61
1178 67
60291 62
3328 66
1232 59
3036 56
5283 49
4327 54
610 55
2726 66
4732 36
5970 55
2396 61
594 60
1247 65
45499 54
3476 60
2399 38
137218 70
1997 62
3271 61
27801 63
6365 51
1799 52
580 44
122900 56
2803 50
80219 56
466 45
110882 57
3997 33
26176 70
2378 47
117895 30
26662 65
90603 63
119218 70
44 44
809 43
1960 61
4519 51
1959 59
414 37
1073 61
61236 51
1479 52
4019 59
1245 65
37857 60
161032 70
371 55
3020 60
88593 70
6774 62
2005 59
90405 49
26285 70
6793 36
627 56
1617 67
6734 7
108090 70
2427 53
51024 58
122922 60
3440 33
6874 66
4919 56
338 45
81591 58
1704 64
1499 33
357 55
62155 55
144 52
34148 7
53519 51
4504 70
2796 40
216 54
6827 18
1429 55
7445 56
1385 49
90471 54
8425 70
10 54
26542 52
7387 61
72998 58
89470 57
3629 68
1297 57
3424 67
1672 54
44761 64
196 43
70703 70
2383 33
180 55
4040 43
6333 59
4440 66
5291 59
88235 58
1639 58
4580 9
153236 70
86190 55
4477 31
103027 70
32291 53
34811 70
5171 47
122260 70
8784 61
5954 62
8798 59
707 47
880 42
314 61
61323 54
600|20
3269 52
1394 69
3785 52
2717 51
5569 6
4306 68
1206 71
56775 57
2015 59
7 51
2013 56
262 67
1210 71
1060 63
2431 57
2077 61
2423 62
4641 63
527 72
5076 50
601|20
141846 70
68157 91
1262 95
106782 91
60069 90
49272 91
5445 83
1193 91
1207 92
79132 91
904 97
166024 90
1917 66
7153 93
2324 94
170697 81
31658 90
5989 87
88810 90
2571 92
602|20
161 72
19 52
350 65
494 66
14 68
471 69
125 75
434 58
235 67
481 61
315 59
371 66
474 69
527 80
21 65
349 66
440 67
339 65
480 71
163 71
603|20
602 70
803 70
2008 70
2577 70
3459 70
4787 71
2912 76
1769 56
485 61
4420 70
920 72
1 76
2706 68
1844 81
3787 81
1222 82
190 66
2716 73
3983 82
101 79
604|20
220 70
292 70
151 75
329 71
410 66
426 68
435 52
316 69
22 70
235 74
181 41
332 64
273 60
637 62
285 70
173 56
588 80
23 69
553 79
1 82
605|20
35347 70
6787 77
1197 80
5667 70
42738 58
51662 71
7373 61
596 66
780 63
4571 69
2316 66
7454 52
150 72
60040 61
8977 46
3269 57
72982 70
1210 77
62376 48
60937 47
606|20
263 70
563 70
583 70
3808 70
4671 70
4840 70
5856 70
6111 70
6573 70
8685 70
32728 70
55805 70
3147 82
4392 62
2311 72
6308 48
50842 82
6591 90
8270 76
2025 83
607|20
891 73
1610 80
448 73
3147 86
1094 72
1307 81
592 71
204 51
1552 62
527 88
3476 80
296 87
2313 80
3440 43
423 63
1518 75
2118 80
2193 74
380 72
2028 86
608|20
52245 57
2997 76
3793 70
2763 70
174 52
2000 70
1214 74
919 71
2700 71
4161 63
5146 56
1639 70
541 78
473 37
2529 74
522 70
4343 58
1909 64
2431 62
1220 73
609|8
296 77
833 42
356 76
339 63
454 66
318 81
208 54
292 61
610|20
5953 70
58975 70
70206 70
78626 70
82765 70
97988 70
107447 70
107462 70
110591 70
110746 70
118082 70
139655 70
160341 70
86644 73
56801 55
61024 79
77561 73
4816 74
62434 75
3972 87
