1|20
260 93
1927 92
804 82
3 84
1009 81
2406 85
1587 86
3671 90
2617 86
3053 90
2571 95
1222 95
2137 86
1377 82
2395 88
2761 94
2641 78
2872 88
1258 92
2700 87
2|6
333 76
122882 74
71535 74
46970 67
58559 79
80489 72
3|8
5764 70
647 46
6835 70
5919 44
2851 41
2288 51
5048 34
4518 39
4|20
106 70
1291 80
3408 68
265 69
52 67
4347 65
2467 75
908 80
345 75
1304 76
1923 74
2959 85
368 68
1219 79
4765 70
1199 81
4166 46
1732 80
21 65
2858 80
5|9
515 74
1 75
364 79
608 82
290 73
261 73
34 69
318 86
21 65
6|20
349 72
318 86
775 70
141 70
348 76
104 72
327 68
410 69
165 75
87 68
366 71
17 76
1084 81
222 75
16 78
416 60
277 68
460 68
867 67
316 69
7|20
8528 65
3623 44
8636 70
8360 64
1517 65
466 46
8373 46
1220 71
7155 49
8808 54
6863 60
31878 60
1610 72
1219 74
4700 53
45668 50
8970 65
27741 73
6333 71
8865 50
8|10
356 82
47 80
231 61
318 86
454 73
292 68
32 78
141 69
380 69
252 68
9|10
5451 55
923 78
5890 54
2901 56
922 79
6044 70
1987 70
5378 46
3735 72
5447 54
10|20
597 66
33679 62
8533 65
8969 63
72720 61
88810 72
136020 63
6377 72
5943 55
109374 70
113394 70
61250 56
82167 59
140110 67
5377 67
77841 70
6942 71
1028 71
72330 70
66203 58
11|13
733 76
1584 79
1210 84
170 74
1438 60
648 74
1918 66
493 78
10 76
457 83
1693 73
150 79
1923 78
12|7
2717 82
2100 82
838 89
2072 85
1876 84
2581 86
6942 89
13|7
3717 70
3624 70
3798 71
2174 72
47 82
3893 74
305 62
14|10
344 60
477 68
110 78
540 59
597 69
153 55
592 67
4 53
539 70
105 64
15|20
91529 76
7438 76
111759 74
2329 81
1 74
1909 66
1240 73
115713 76
1200 75
293 75
2571 78
3949 73
120466 69
1198 82
2028 80
2011 66
158 53
160980 71
4306 74
4022 69
16|20
1230 73
78499 79
913 75
1136 76
1299 74
1617 75
1203 76
3429 73
2858 76
608 77
3683 73
4002 71
1199 76
912 77
2707 67
5782 72
1260 72
319 70
27773 72
2109 68
17|20
260 82
64839 80
296 83
5952 81
527 82
1193 83
3681 83
1240 78
2717 71
2858 82
1093 75
81932 79
5618 82
50 84
5971 79
2959 87
1201 85
541 82
82459 78
1 80
18|20
8117 70
65596 70
88094 70
145283 70
157110 70
166015 70
171023 70
103253 64
60684 79
44199 78
2 72
86628 68
59784 73
2918 80
109374 79
4226 84
53129 74
139385 78
47 81
1291 82
19|20
3692 70
3662 46
54 45
2733 56
1702 46
1240 65
1270 72
3712 45
1881 48
216 59
3 52
1834 68
2184 57
3017 53
2044 46
2354 43
2005 63
3146 42
3387 46
2694 51
20|20
1566 73
5419 56
4014 79
2140 81
586 63
661 74
3189 81
5014 82
1333 83
4161 70
3784 61
1030 67
5313 51
2804 85
2054 64
34 81
1097 84
6358 70
4519 71
1722 54
21|20
107013 70
117922 70
140301 70
57640 71
2985 64
2990 66
2717 60
5418 70
31433 63
112175 72
7153 77
30793 62
4446 68
52973 69
45186 65
2023 66
79185 66
1721 66
102125 67
5459 59
22|20
8961 56
2723 39
60950 40
64575 43
1193 62
70286 53
4993 63
2160 62
39183 45
7147 47
3996 51
3481 49
55765 46
48780 54
7361 63
51540 48
6711 59
2968 53
3949 53
48394 55
23|20
6234 70
3996 69
293 72
1206 74
1136 74
1960 69
7587 69
3424 74
3181 73
2467 71
1248 77
1617 74
6807 74
1952 74
6440 70
1258 72
1243 76
1080 71
8228 72
1711 65
24|20
1784 67
2617 63
111759 72
134853 70
58998 73
1265 72
1198 79
3147 77
1197 78
1220 70
2424 61
5418 69
72011 69
54286 69
27773 72
64957 67
356 76
44191 72
1682 67
68358 70
25|6
58559 98
60069 94
74458 96
79132 95
527 97
260 95
26|21
10 70
34 70
47 70
150 70
153 70
165 70
185 70
208 70
225 70
288 70
296 70
300 70
344 70
349 70
356 70
380 70
434 70
454 70
457 70
592 70
593 70
27|20
1196 84
2478 65
2640 76
3508 82
3555 73
1201 84
3519 70
969 81
2080 72
673 62
2886 65
2529 77
1387 80
1101 70
1947 73
1250 82
1276 81
3114 78
1083 72
3809 72
28|20
27450 70
60943 70
61011 70
63033 70
5617 66
59369 59
60046 70
507 56
3300 60
55094 56
59018 70
26695 70
2951 65
3006 65
2231 65
5418 63
26812 58
2058 57
353 64
61167 70
29|17
98961 86
7379 79
1250 88
1201 90
111362 85
48516 90
1100 59
26554 76
3441 81
4327 78
2872 81
2301 81
1617 87
3681 88
55820 86
4223 80
99114 87
30|7
5952 93
108932 92
1200 91
91529 94
116823 90
112852 93
1198 96
31|10
1198 85
1200 79
648 75
1363 68
1073 78
1036 78
1197 85
377 77
1246 81
1270 82
32|20
236 71
314 75
1356 79
357 72
224 74
627 72
1079 82
1084 81
318 87
761 60
1197 84
849 65
912 83
880 63
1198 85
58 80
203 70
608 84
497 79
410 67
33|20
110 81
17 74
2396 75
2272 63
448 68
428 72
265 73
1280 81
1177 72
1617 81
50 83
261 77
11 73
452 67
345 76
608 83
150 76
1188 73
800 80
2690 75
34|18
780 67
2273 65
3717 63
26606 65
45499 63
3996 70
4310 58
3624 63
31685 63
1721 66
5146 62
7090 74
70 66
2006 60
3000 77
4306 73
27728 62
3997 48
35|5
11 79
185 71
595 80
21 76
300 77
36|12
5171 43
3066 56
552 44
4025 43
1262 65
2735 42
2359 57
1372 48
1278 65
2194 60
3347 60
1704 62
37|5
344 72
356 87
661 74
329 76
457 85
38|16
434 56
39 59
223 71
161 64
246 74
168 54
273 53
480 69
356 75
457 73
364 74
50 76
500 59
300 64
551 64
21 62
39|20
2571 83
2391 76
1921 82
1862 51
1219 82
1907 76
2081 76
2459 70
924 80
2529 78
1729 74
47 81
260 83
2080 72
592 72
296 84
3213 81
610 75
589 80
596 74
40|20
440 77
454 78
588 80
339 77
158 65
432 63
431 79
186 65
616 79
514 80
21 75
592 75
1 81
223 82
585 68
216 77
104 74
371 76
111 85
267 70
41|20
96829 64
64839 65
122882 65
6287 49
1569 57
106920 72
86781 61
3160 62
1721 57
2028 72
6763 43
5418 63
53519 49
122904 62
55247 63
924 66
4011 68
2324 70
35836 61
5995 68
42|20
3869 77
4654 67
1021 60
2423 76
3248 51
4477 57
2500 62
1431 61
195 71
3326 65
2407 72
1090 83
2735 64
3693 62
1020 74
4545 72
4132 65
2263 65
3535 78
2805 61
43|20
225 94
296 98
596 92
588 94
587 94
420 89
158 89
631 88
5 87
597 95
168 91
355 87
47 95
367 89
519 85
594 91
236 92
1 95
60 89
259 90
44|10
36 77
663 71
12 50
661 65
94 78
1 78
104 67
112 67
494 70
889 70
45|20
2718 75
1036 81
2028 88
1653 85
1682 78
2396 81
3249 76
261 83
4308 75
329 72
1367 70
2890 81
593 88
1127 79
2431 76
6377 84
569 73
1197 89
1060 80
2858 86
46|9
590 81
588 82
315 73
208 73
1 83
432 70
225 80
434 76
339 80
47|20
508 63
68932 57
72395 60
2420 63
597 61
148626 69
5989 65
96588 64
69122 62
6155 57
4975 57
30749 62
106100 64
45950 64
2028 72
4018 55
1259 66
6373 56
33166 64
2407 56
48|7
4886 85
1320 77
1527 82
1193 90
3793 83
48 75
1653 88
49|5
2028 87
1214 83
139385 82
318 90
527 86
50|20
8143 70
114335 70
136564 70
142074 70
171759 70
175693 70
179073 70
175707 70
71264 53
82848 70
1377 49
44555 64
8157 59
6807 63
95543 46
8253 50
96610 57
924 63
32875 70
4896 57
51|20
7040 70
5620 48
2613 51
4437 80
2023 75
1500 81
522 82
858 91
4508 80
2951 84
1014 77
1407 69
2282 71
2420 80
3388 56
260 86
3186 79
3994 78
3501 66
2371 67
52|20
152081 87
51255 88
74458 91
1923 86
7438 88
40583 86
59784 85
55765 88
112852 89
86892 87
55363 88
112138 86
49272 90
52245 79
69481 88
50794 82
1704 91
54736 86
44665 87
47200 81
53|5
481 91
1100 88
249 95
1125 94
916 100
54|7
296 72
593 70
639 54
1 64
205 52
161 56
500 52
55|5
2407 48
673 37
3275 71
2890 58
4011 67
56|10
786 72
253 77
165 78
110 84
589 82
370 73
434 73
410 72
69 79
185 71
57|20
2140 71
942 76
920 75
3175 69
1784 72
3429 79
933 80
1193 84
3446 43
160 38
1499 24
2640 75
892 78
11 72
2947 75
6 82
2478 53
2291 75
1688 64
2301 70
58|20
588 79
282 74
185 68
419 63
367 72
277 71
48 69
280 80
337 80
345 80
3 73
357 76
527 85
587 76
218 73
500 72
508 79
368 78
364 85
353 79
59|20
1696 74
6460 85
3489 84
1188 83
1222 91
2076 88
3448 83
1263 88
1247 89
527 90
1244 87
904 93
903 89
965 87
2616 74
1953 86
608 91
105 80
912 91
3471 84
60|5
832 70
58559 82
805 74
455 59
858 84
61|8
266 78
1101 77
7438 83
173 67
555 83
2012 76
4878 86
3949 83
62|20
99114 88
176371 84
3793 83
56757 83
73017 84
30793 75
179819 74
68554 79
185135 80
168248 87
5903 84
4878 89
2028 90
5502 77
6058 71
344 72
1721 80
45499 78
41566 81
78105 72
63|20
5669 74
4246 72
48780 78
500 63
6016 80
31658 78
2858 79
64285 74
85414 68
1221 81
106696 73
4963 77
50 81
1097 75
260 79
110 79
1222 80
4979 73
5952 78
77561 69
64|20
5878 82
3101 65
2640 76
2959 87
8784 75
2054 63
4239 79
4025 65
5026 80
40819 79
266 71
2699 63
27266 73
3969 74
1805 68
6296 72
4776 77
3148 78
4262 80
356 83
65|7
1246 79
33660 78
7458 72
2329 84
4993 82
91542 75
3147 83
66|20
593 90
47 86
5418 84
922 90
2139 82
2956 80
3745 82
1956 85
4581 70
5349 80
1210 87
1094 80
2001 76
380 79
6539 86
671 82
1 85
6378 86
7766 83
296 88
67|8
99114 80
4306 78
27193 73
79132 80
60069 79
2012 71
4886 77
4993 81
68|20
47978 70
95218 70
6534 53
48696 62
67267 65
30825 60
1799 65
3556 68
8622 63
4351 59
63113 61
58295 61
7151 62
2413 63
6287 57
653 57
41566 63
5541 56
260 73
48043 63
69|10
4370 79
4848 89
3671 86
2476 84
1193 91
356 91
553 87
4022 84
260 90
3994 82
70|13
1193 88
1097 83
1914 81
1269 86
4995 88
318 91
8949 83
1968 83
1210 86
89492 83
1250 87
1235 88
2366 81
71|7
494 70
647 71
736 64
95 63
733 71
589 76
7 63
72|9
1047 77
150 83
858 90
2490 80
1357 84
260 85
50 88
1198 88
1196 87
73|20
1193 84
45720 70
105037 64
6333 78
59315 75
76293 60
138204 69
2706 70
152081 72
45221 54
68135 68
150 77
8376 73
93510 76
59784 69
116823 78
106072 65
1682 74
52245 60
35836 76
74|20
31522 70
2594 80
2908 84
30749 83
6870 83
3006 81
52281 83
49772 82
55118 87
2997 85
6305 83
608 88
4546 84
41863 81
27773 83
6001 85
1251 86
6552 86
46976 83
44555 86
75|14
5445 68
1240 70
5952 74
2193 68
6870 69
2529 71
168 51
541 77
3176 66
1962 67
2078 71
1889 69
1266 75
1374 70
76|20
48877 39
5956 61
2918 65
58803 57
1247 68
74458 63
7669 65
79132 62
8957 48
858 76
55820 71
1258 71
63436 43
1201 70
1208 73
48 48
288 54
34405 68
1 64
1196 72
77|6
3996 77
4973 85
7361 85
8636 77
3578 82
33794 79
78|13
296 80
165 69
3809 68
589 76
546 48
27904 74
260 80
590 74
480 74
68791 70
344 61
44974 72
380 66
79|13
3266 83
3029 76
589 84
1916 81
307 85
4005 75
260 87
1189 82
1345 78
2000 82
1374 80
2659 70
2076 85
80|20
7445 85
96691 82
84189 70
91630 85
49530 87
8950 86
6539 88
4223 86
5630 87
3527 86
76251 84
80363 80
52604 83
6502 91
34048 82
1221 92
60684 86
6952 81
5989 89
77561 83
81|26
10 70
32 70
47 70
110 70
150 70
153 70
161 70
165 70
208 70
231 70
288 70
296 70
316 70
318 70
329 70
344 70
356 70
364 70
367 70
377 70
380 70
457 70
480 70
588 70
589 70
592 70
82|20
6886 70
2381 61
2378 67
6566 62
368 71
6536 69
3253 68
4310 63
1608 69
1372 68
145 64
356 78
6708 70
1485 64
4369 67
6564 57
6888 55
5803 57
4015 57
364 78
83|20
56367 69
7143 70
7323 56
6539 70
161 59
586 50
2115 65
1270 75
6874 73
2324 74
1537 67
7153 77
68954 75
48774 72
30749 64
8014 68
1222 75
3753 57
1223 78
64983 48
84|20
55 70
987 70
912 84
1096 80
420 63
1227 80
113 63
580 68
5060 79
1293 76
900 75
1097 78
62 74
368 75
1305 73
1247 81
1296 77
11 74
1073 78
1094 72
85|7
1519 70
1624 52
1140 70
1694 59
1643 66
1747 68
1635 69
86|14
4993 84
4310 73
6947 79
2411 75
457 83
5418 80
3996 79
4901 77
1835 77
33794 80
1196 85
3555 78
1097 80
2687 77
87|5
4023 67
2009 74
3504 85
671 77
2139 79
88|12
7312 70
74795 65
4993 86
68157 85
5952 85
1193 88
223 83
8665 77
4262 83
56782 88
8677 52
58559 89
89|104
26645 70
32060 70
44851 70
53280 70
53578 70
67888 70
69211 70
81087 70
84246 70
103602 70
108078 70
109596 70
118894 70
121007 70
128089 70
128944 70
131098 70
131439 70
134847 70
140481 70
146684 70
148632 70
150554 70
164226 70
30793 69
169912 67
87869 70
1923 72
4015 59
950 72
173253 70
2324 78
27826 70
92259 79
11 72
3977 66
86298 69
8154 72
77688 70
2997 75
170837 70
49274 64
157775 70
1 74
142196 70
99117 68
62008 70
72624 70
108156 70
3752 71
2059 70
128520 72
3175 74
133879 70
48649 70
126088 70
5529 68
65588 70
99130 70
40962 70
1732 77
68659 70
91666 70
2683 68
3751 71
750 77
6650 70
149508 70
2395 72
51575 69
65230 70
171751 70
85881 73
139157 70
6863 70
4246 71
108949 70
1230 74
160567 70
73319 63
177185 70
130520 69
5220 65
121338 70
153386 70
50872 76
149566 70
145491 70
4890 70
129354 68
32243 70
84944 70
6402 70
1288 77
140133 70
119141 70
947 71
176621 70
4973 78
158398 70
69469 70
54503 75
141928 70
102481 69
90|11
1137 70
1144 70
581 80
81 77
892 84
1073 83
116 79
896 74
17 83
7 75
613 76
91|20
3013 70
6395 70
8147 70
7153 80
3360 72
2791 76
3897 74
1080 76
4850 61
3429 75
7000 66
2060 70
2916 70
1391 58
2100 59
318 84
2146 66
1225 80
1246 76
8501 63
92|5
2572 87
2114 86
1015 79
2454 85
1801 87
93|20
736 83
1917 81
552 80
1721 85
539 88
480 89
1372 86
368 88
2355 84
1923 87
2193 87
2006 83
339 86
1097 88
1591 78
260 92
2968 88
1676 81
593 94
558 82
94|12
231 55
377 65
367 58
364 73
288 61
19 52
10 64
586 57
590 68
380 61
589 70
318 80
95|20
18 85
4878 90
6979 84
4732 66
3019 86
5246 70
32 85
2952 85
1247 89
1198 92
5283 78
3361 86
1513 76
2009 81
539 85
122 67
1584 88
1240 86
4262 88
5349 82
96|16
527 81
1094 71
272 79
3819 76
150 77
2021 73
2571 83
1214 79
2058 60
1220 75
733 74
2340 59
1721 72
2396 76
367 66
1291 81
97|8
4701 77
4306 83
3578 84
4993 85
4963 82
4299 76
3981 71
4161 77
98|19
81845 84
8961 83
122912 80
5299 72
63992 52
187541 58
56152 79
134853 81
69644 59
6863 73
5618 86
56801 59
3499 83
134130 85
74789 63
82461 70
1258 85
88810 84
79132 85
99|11
318 94
161 85
420 69
592 81
196 61
122 61
145 77
150 87
316 78
236 82
588 86
100|20
497 82
296 82
1393 80
95 76
592 75
605 74
6059 78
28 80
2245 75
62 79
4308 77
1777 77
838 80
2125 81
1288 83
234 71
1197 85
2005 79
4014 80
4623 76
101|13
2580 80
3285 55
2723 70
2700 77
2908 80
2390 78
3175 76
2395 76
358 60
2702 65
3394 61
2997 81
2502 85
102|12
158 58
588 73
150 74
592 69
253 73
480 74
344 62
539 70
553 73
593 82
586 62
223 77
103|20
86014 70
1954 80
60040 70
1968 79
77206 70
2161 78
1732 83
81834 81
608 85
2384 72
4254 47
104 73
139642 70
56782 85
2096 76
101 81
6534 60
374 37
60069 82
30793 68
104|20
4740 70
743 55
5218 70
8643 68
1288 76
47997 69
468 68
76251 70
8533 69
4018 66
38038 72
1566 72
7361 78
6060 64
3034 69
1641 69
4641 70
108190 66
616 71
7034 67
105|20
4788 70
69685 70
95311 70
95313 70
110586 70
141816 70
141818 70
170597 70
172587 70
172793 70
173351 70
173535 70
6433 75
4974 76
70286 82
108981 70
95175 70
69122 83
1243 86
3916 86
106|7
69844 89
72998 83
59501 81
86880 80
5349 83
53125 82
59784 83
107|7
231 72
253 79
590 81
165 82
434 76
208 73
318 91
108|16
800 84
6022 73
4995 86
2585 76
5316 74
4975 74
3978 71
5349 76
2926 77
4246 78
4878 85
4994 78
1968 81
1684 74
497 84
5380 81
109|20
380 60
1033 62
231 54
364 74
589 71
480 69
62 65
31 58
587 61
1032 63
586 55
778 77
540 54
256 50
163 63
252 60
223 71
553 67
537 58
168 54
110|11
26171 61
2468 48
1198 83
1089 82
1222 81
1208 82
4881 76
47 79
527 81
1193 82
2428 56
111|20
100194 70
162602 70
171251 70
2145 66
96588 74
65088 64
66203 62
84772 66
2081 71
91529 76
6365 67
45666 58
3255 68
1282 72
6539 74
86833 70
122882 73
59143 66
86911 62
5283 62
112|13
788 47
161 68
1917 50
16 77
21 67
208 53
434 58
39 62
3717 59
19 50
110 81
32 79
70286 77
113|20
4083 70
39 65
3168 76
932 80
2331 49
3359 81
1086 80
3504 83
1339 73
904 87
3546 70
4063 49
4062 54
1077 77
1589 74
2475 65
3831 72
46 54
1733 71
4007 72
114|7
141718 70
54001 66
2291 63
167732 70
122886 65
8961 67
3147 72
115|20
1580 77
2804 83
1387 83
2792 74
3146 66
3273 60
3052 77
2841 78
2719 58
595 78
2700 78
383 71
2027 63
2148 70
2770 68
3785 68
2916 77
3175 79
588 79
1377 72
116|18
2716 72
858 81
1299 74
62383 66
1339 67
1276 76
597 70
1029 68
1101 66
2797 70
2657 68
1961 72
1407 64
5995 76
1704 75
165 69
2115 71
8360 69
117|20
708 67
587 66
589 74
151 68
36 72
1036 73
595 70
288 65
596 67
48 60
315 54
454 68
353 72
474 69
10 69
60 60
805 70
491 62
616 70
485 59
118|5
1221 79
1625 63
153 52
1961 70
1810 65
119|20
95441 80
117176 87
1092 80
91529 86
74458 88
4387 84
79132 86
168252 88
44022 80
78499 89
122904 85
106782 89
442 80
4993 88
31685 79
6365 84
141004 78
4148 80
88744 84
8644 81
120|5
260 78
32 74
5 57
631 58
52 67
121|12
497 73
440 66
161 67
527 78
292 63
344 58
186 53
316 62
1 72
19 53
163 67
337 72
122|20
27660 88
69784 89
7022 94
148652 88
4816 87
56174 87
94959 92
81591 91
71535 93
30810 90
2997 94
1732 96
108932 94
780 89
1090 94
3253 88
106782 96
72226 94
1200 93
1214 93
123|12
68554 72
115569 82
79132 80
109487 78
1196 82
4226 82
296 81
7153 82
143458 70
47 79
96829 78
2858 81
124|10
56145 78
2161 80
260 84
175 84
1358 78
6377 81
4226 85
3147 86
608 86
1223 85
125|20
5088 70
86721 70
110330 70
54503 81
72011 78
162578 79
119145 80
176371 79
55247 81
1240 79
86332 77
68157 79
112623 78
4082 69
160567 74
3342 74
109487 78
88140 75
98607 70
81562 77
126|8
364 74
349 64
231 56
380 63
410 59
300 65
253 67
457 73
127|5
2915 58
903 67
55276 61
5060 67
272 67
128|7
904 88
965 82
926 84
1066 85
1721 77
1080 82
1198 87
129|20
4370 72
480 78
3698 76
2692 80
2138 77
1968 78
8368 81
653 70
7143 79
316 72
6874 78
239 72
2916 76
733 77
4896 78
2028 82
3977 69
3000 84
1907 77
31658 82
130|6
208 62
316 65
292 67
110 77
590 72
296 79
131|14
2273 59
6947 64
58559 77
908 73
4878 74
89745 72
7256 63
68237 70
2722 48
2028 76
48516 75
3178 65
64614 73
969 71
132|20
6251 70
3275 72
4995 68
2987 62
7444 54
3262 57
4168 53
31658 65
44191 64
1089 69
3967 65
5502 53
50 69
58559 72
5992 63
2108 60
1844 57
2657 58
47 67
2470 53
133|7
454 57
356 69
589 64
150 61
153 47
380 54
527 70
134|7
442 64
595 75
349 72
380 70
367 68
509 73
296 83
135|20
592 72
4084 58
893 65
3994 75
2004 74
608 86
1358 77
3852 74
3489 69
1614 59
1198 86
4128 74
1883 71
2302 66
1291 83
410 62
1261 84
4022 74
4881 78
1077 78
136|20
161 74
193 56
585 66
338 68
277 67
380 71
181 58
337 77
437 56
165 74
611 67
151 73
340 71
252 71
432 61
552 65
350 71
280 77
273 64
150 77
137|20
6787 80
2716 77
1198 84
750 84
919 76
1270 81
318 86
150 77
2997 79
1200 78
6986 70
7153 83
1242 81
110 81
33493 73
1197 84
2959 86
1237 84
903 79
7762 76
138|5
2707 65
1960 69
1959 69
849 60
3996 71
139|20
4025 32
7445 37
60684 55
4865 45
68319 37
7090 52
5502 38
260 61
8371 37
53953 36
58025 34
106782 52
6957 44
7163 30
3827 35
3624 37
52722 32
54259 48
4367 30
115617 45
140|20
5699 70
5299 65
1393 71
356 76
609 65
32596 66
4795 66
34072 70
1617 75
5256 63
5943 60
1084 75
4337 70
3108 71
43396 70
4719 62
1005 54
4321 66
5812 69
4259 68
141|20
5418 73
54503 75
4963 75
2478 57
71535 74
317 59
68954 77
54286 72
6365 66
54272 71
4447 66
5502 65
6377 75
6373 64
1265 75
91529 77
2502 79
441 74
1517 69
48516 80
142|8
434 67
384 69
588 78
50 86
527 85
356 85
337 80
377 76
143|15
1721 64
61250 57
6942 72
7169 64
8533 66
106696 68
3421 69
87232 70
78316 66
69069 66
59421 58
2144 68
96821 70
7173 62
500 62
144|20
589 75
541 79
8368 78
597 71
590 74
410 64
1246 77
527 80
356 79
500 66
19 57
2700 72
434 64
733 71
780 70
1036 74
5377 72
552 62
586 62
2081 72
145|5
344 59
339 67
380 65
318 85
588 71
146|7
7293 67
3257 61
32 74
1367 60
3686 62
410 61
47610 70
147|5
1234 75
168 64
552 62
555 73
2395 69
148|10
88125 71
5618 75
108932 74
81847 69
72998 65
5816 70
8368 75
7153 78
81834 73
4993 76
149|12
1097 61
1374 62
1831 40
1527 63
260 70
173 38
1206 68
1200 65
2021 55
1580 56
1391 46
1375 51
150|6
3 66
1356 76
5 60
95 62
733 71
1073 75
151|12
786 73
562 81
780 79
837 77
747 74
1265 82
828 72
1073 81
1 82
648 78
1393 81
1359 70
152|13
50 85
2959 87
116897 81
89492 80
1193 84
69481 81
85774 80
115713 83
111 83
92259 86
1234 82
79132 83
318 88
153|20
134853 48
1732 57
8533 41
4014 42
81456 26
106782 50
8528 42
6863 40
87194 27
2617 35
1246 56
106100 47
1954 49
7458 39
4226 57
89904 50
72998 42
133780 70
586 32
36535 41
154|7
114662 78
119145 86
81834 86
122904 83
106072 75
76093 87
77561 79
155|10
153 66
3286 67
1200 76
260 80
141 69
2355 71
2384 70
2948 74
432 65
2959 84
156|20
26313 70
31038 70
1230 77
1711 68
3341 73
6296 70
762 42
2361 64
2076 78
4784 59
661 66
2926 72
8571 70
47 78
3176 73
58 79
848 66
866 80
1485 59
923 79
157|5
785 64
3617 60
2720 47
2770 56
527 76
158|6
1093 69
2605 70
2872 72
2723 68
2428 65
66320 70
159|20
2959 78
60069 72
45720 63
597 65
4022 66
89864 65
49286 63
140110 66
84954 60
4447 62
1197 77
68954 74
6942 70
1961 69
106696 67
480 69
539 66
166643 68
40819 70
63082 71
160|20
126 31
1371 55
1198 80
196 35
3408 63
5349 62
3213 72
2408 36
839 34
3593 15
2748 32
533 45
1975 37
1676 56
3745 60
2011 57
733 64
3826 27
778 77
2840 28
161|8
4980 62
7247 75
47610 75
1223 83
38038 76
3429 77
2144 74
2336 71
162|8
150 90
225 88
168 84
50 94
300 83
266 85
31 85
62 88
163|5
1608 62
1810 65
1747 61
1777 63
1837 54
164|8
1036 82
2916 80
110 87
589 84
3527 80
1101 76
1201 90
2167 76
165|13
2353 68
3624 67
110 79
5505 71
5527 73
3256 71
5956 73
5418 75
5530 65
5450 71
1127 73
3409 59
5881 69
166|20
33794 81
1721 77
4011 84
5378 69
3481 79
49530 81
2353 75
47644 72
54272 78
8961 81
1198 86
2542 83
1036 79
608 86
434 72
5219 72
5418 81
2396 81
349 76
2324 87
167|20
33493 66
4886 73
778 78
3052 69
7147 68
6857 69
45501 50
6480 70
1682 68
2231 72
784 50
33794 73
2083 74
2413 65
6333 73
8961 75
2139 70
150 71
6773 69
35836 70
168|19
3730 88
1248 93
1201 92
1089 91
296 90
923 89
1222 91
5291 85
3543 83
1302 83
3362 86
1148 88
3101 72
57669 89
2076 87
1729 81
908 90
85354 77
80463 86
169|20
3536 85
2028 90
364 91
953 89
4886 85
5400 79
8644 82
524 82
2795 84
1022 81
3114 87
3967 87
1517 82
1035 87
8641 85
6365 85
661 79
457 88
3287 78
1416 83
170|10
318 84
296 80
586 62
377 70
34 69
592 67
277 62
500 64
266 66
588 72
171|17
485 84
1220 90
1025 91
801 86
1259 95
1079 97
828 88
317 88
869 89
380 89
1136 96
1225 97
661 85
318 100
47 94
1198 98
1208 97
172|6
3087 69
3578 78
7438 76
2072 69
3793 73
2762 75
173|5
10 71
329 65
586 62
597 70
588 73
174|14
553 79
520 70
224 75
648 75
161 77
317 71
158 64
780 76
315 65
485 68
282 73
440 76
350 74
10 76
175|5
531 78
8911 70
43904 66
38388 78
8362 75
176|8
165 82
434 76
39 78
368 83
380 79
780 82
47 87
471 81
177|20
42002 65
91542 70
6332 63
3668 69
45672 60
783 64
27706 65
2657 69
114662 67
1206 77
83132 74
5218 72
508 72
3114 74
1321 65
2176 77
8798 71
88140 72
2012 65
339 68
178|16
7361 88
527 87
2329 88
5995 85
6502 85
4235 81
1198 89
208 61
6539 83
296 87
349 74
10 76
4226 87
1240 80
2579 77
318 91
179|14
367 71
589 81
161 77
231 67
288 73
743 59
1061 78
317 71
786 69
592 74
671 77
296 85
434 70
364 84
180|5
1261 78
260 79
1748 75
1242 79
2140 71
181|20
157 60
593 76
596 63
353 68
539 64
516 58
132 59
169 44
25 65
31 59
542 52
6 73
707 56
185 55
464 53
502 46
415 50
480 68
592 62
344 56
182|20
4879 70
6969 70
3911 73
2728 74
4313 70
8042 75
1291 79
3113 58
3578 79
1590 62
161 73
4452 56
224 73
4980 58
4262 78
2353 67
2890 75
1127 74
541 80
6041 71
183|12
480 74
380 68
1196 81
2951 76
2534 63
4085 70
1287 79
2194 76
3247 58
1233 78
2662 71
1408 75
184|20
158035 70
181413 70
193565 70
97304 82
74754 68
168250 79
191005 70
106072 67
166291 73
127152 74
86332 76
80463 83
5816 80
122898 59
81845 85
5810 67
170813 56
174479 70
112852 85
148626 85
185|10
1685 70
2396 73
5377 73
1721 68
5952 78
1393 70
595 72
2085 69
4995 79
899 78
186|20
2605 80
1214 82
1291 84
3745 79
1269 83
2527 78
2532 74
4361 80
1307 82
2968 80
4306 83
2541 80
1702 74
480 81
1097 81
3977 73
919 81
3527 80
593 87
1196 86
187|20
26122 70
3949 76
49272 78
231 59
1206 80
6874 77
1729 72
1209 82
48394 75
6502 81
2701 36
4027 77
288 69
2542 78
7153 81
39427 70
6890 77
1222 81
8949 77
1748 77
188|10
2346 83
1212 93
594 86
1282 88
3469 87
2396 89
1091 75
3341 87
1264 88
2206 93
189|5
48516 82
4993 81
79132 79
2959 85
58559 83
190|14
6711 81
4776 74
8784 72
4995 80
5630 72
4306 77
30749 74
1221 84
4975 67
8961 78
858 85
8464 73
69844 77
7438 78
191|17
496 70
21 73
72 68
175 86
494 75
417 75
17 77
6 85
85 68
292 68
314 77
58 83
235 76
213 64
161 76
160 52
162 85
192|5
356 87
288 80
316 79
349 80
432 76
193|7
44555 75
55442 74
4878 77
6016 77
307 74
1270 78
5618 77
194|5
163 71
1396 72
1500 74
1288 80
5060 76
195|20
3424 77
2770 55
1041 80
1653 78
1923 73
3160 72
4723 45
1863 53
2336 65
2166 61
4308 64
1909 66
260 80
2028 82
3252 68
2908 74
1392 62
1365 71
70 67
190 58
196|7
70286 76
3578 79
59315 73
58559 82
364 81
1214 76
110 79
197|7
1513 66
1240 74
1882 50
786 67
2167 69
153 63
1784 72
198|20
3894 70
3499 74
920 70
1213 77
3949 72
1994 67
1485 55
2572 69
4019 71
1089 78
110 76
593 78
4128 69
1270 76
4886 72
1079 77
2117 70
912 78
1573 62
1682 68
199|20
5464 67
2165 62
2280 52
736 43
5673 65
349 63
5502 57
482 69
8532 70
1172 76
300 67
50068 71
4881 71
3175 63
7445 52
2973 75
34338 58
41997 70
1956 71
377 61
200|20
3809 74
7022 80
50802 73
3968 71
2485 63
500 71
5610 68
590 75
1029 75
53996 72
2572 79
4993 81
4041 75
57640 76
1302 77
1784 76
6383 57
1653 79
1569 75
1517 74
201|20
1748 86
1527 82
1584 87
2858 89
339 81
589 86
2717 74
994 87
788 69
1196 91
2797 84
733 83
1259 88
2174 79
1198 92
2455 80
1569 81
1213 89
160 70
24 75
202|20
3329 70
924 81
29 82
2289 79
1197 86
1196 85
2966 78
161 75
608 85
1209 86
1296 79
3194 72
1784 76
469 78
923 83
2000 79
1587 74
1719 81
3147 85
32 78
203|9
56174 73
8665 78
2407 71
5952 82
590 79
49272 81
40815 80
333 78
296 85
204|17
1136 85
3949 81
33794 81
48394 81
27075 70
1080 82
79008 75
6104 83
8874 84
81591 80
4878 85
91658 76
711 67
2313 79
86320 62
55820 84
5218 79
205|6
912 82
99114 80
91542 75
5816 77
95167 73
96079 76
206|5
36 80
608 87
733 80
140 72
141 75
207|5
2991 64
2428 45
2707 56
3740 70
100 45
208|6
1210 77
2628 56
380 60
2353 60
2278 64
2762 71
209|7
60684 82
1291 85
68157 84
74458 84
185029 76
122886 81
88125 81
210|20
123553 70
34405 86
166203 70
3147 89
31696 77
7649 78
58559 90
2105 79
6365 81
34397 70
4625 74
84772 80
122926 88
76093 86
62836 70
33493 82
1584 86
47610 83
108932 85
122918 84
211|18
58559 85
63113 72
90405 66
57669 82
60684 79
7153 84
73017 78
2105 72
4367 61
356 83
2642 55
1556 37
318 87
44665 78
85414 73
1198 85
1136 83
260 82
212|20
170697 67
122920 72
122892 70
2571 77
5218 70
48394 71
3578 75
1196 77
135143 67
74795 66
179401 69
79132 75
77800 70
108932 74
110102 73
96821 72
8874 75
65261 74
59784 68
2291 68
213|17
3285 72
87520 66
80363 70
76251 77
8957 73
2860 69
1234 82
5419 75
51935 82
69844 82
39446 70
4132 70
858 88
69526 64
4558 67
49530 80
58559 86
214|5
83 70
628 67
743 48
1363 56
802 59
215|20
1172 80
4973 83
63082 78
1291 80
2028 83
3252 71
3210 71
1968 76
1247 80
49272 78
1089 82
72407 43
5650 73
318 86
1208 82
2000 76
1197 83
1196 83
1297 75
4019 76
216|20
104 67
21 69
3996 76
3946 58
2946 71
3993 63
3897 77
2599 74
34 72
3994 72
4034 80
3363 78
1965 69
3422 68
3555 69
3253 70
2087 75
3986 53
2018 69
1923 75
217|20
1867 70
3434 70
1275 62
2468 46
3197 53
1912 63
2302 57
1876 51
380 56
1221 73
2471 48
1918 53
1385 49
3165 56
1590 54
1562 45
1703 54
2056 70
1831 48
160 49
218|6
2657 64
2692 76
1380 59
1198 80
6934 50
5349 63
219|20
60072 53
2115 71
59315 73
6539 77
442 42
30707 79
1704 79
180 70
1219 80
1005 37
27773 77
56156 68
6188 68
6721 72
30825 55
2997 78
1552 46
1500 72
2890 72
1921 79
220|20
3996 82
733 79
1198 90
3994 78
6539 85
1258 86
1917 57
4545 72
33794 83
165 75
71264 77
4623 81
53464 51
5218 81
6365 74
3751 78
32 83
1036 83
5502 73
1591 61
221|20
4338 70
7013 80
8529 71
1080 82
3246 86
2871 82
1208 86
7063 82
2702 70
4029 79
5954 80
2352 81
922 87
2997 82
1278 85
2858 85
1212 86
1959 79
1961 81
3671 81
222|20
81831 70
100498 46
48516 74
1249 73
99813 64
91529 70
59900 53
93287 62
1721 60
2706 61
3273 45
2411 52
64622 61
7143 68
87869 62
778 75
30825 56
42011 48
673 48
64839 69
223|15
55854 70
6711 69
1 64
736 50
1961 63
457 67
2716 64
48394 64
608 73
8784 60
48516 69
3863 52
4306 64
260 71
2683 53
224|11
3496 70
3044 79
356 86
2915 79
289 67
3668 80
1270 85
2797 81
1721 78
2716 81
1259 85
225|15
2423 77
1285 79
588 79
1717 69
2791 81
1321 73
1136 84
1197 86
1753 78
2004 77
2371 70
1407 73
785 76
1060 78
3024 74
226|20
6938 70
32666 70
3552 80
542 57
1240 77
3098 75
2804 81
3668 72
3653 63
2231 78
145 66
2253 61
3052 74
2628 63
762 43
53129 73
4816 71
16 79
2144 75
46948 70
227|19
46976 80
52319 78
81845 85
109487 84
134130 85
215 84
48738 85
47099 84
1196 88
32587 81
912 88
55721 85
1682 79
750 89
778 86
40629 81
97913 82
70286 83
150 83
228|5
2571 84
1373 70
362 77
318 86
3113 71
229|13
34 73
589 78
377 76
45 70
587 73
5 65
475 80
442 66
597 74
364 82
213 67
110 81
527 83
230|20
34330 70
52715 70
47 70
7438 70
527 74
3147 74
45499 59
6537 57
2291 65
1387 71
6863 59
1485 58
595 64
4022 63
2096 63
588 65
4034 71
1676 57
8644 60
2641 55
231|5
92259 82
858 83
593 81
1198 81
109487 76
232|20
31867 70
41769 70
57526 70
70336 57
8644 67
1586 64
44972 49
4019 74
43928 50
30883 59
65802 57
8376 70
39292 74
1035 75
66198 65
66097 74
32011 52
6564 51
7451 75
33164 50
233|20
48394 70
3751 62
48516 75
1721 61
356 75
106100 67
162600 57
608 78
7153 76
134214 58
57669 76
122920 65
2329 76
4239 69
7371 70
3977 48
3147 76
3948 60
49272 69
5418 67
234|20
2616 66
2140 78
172 63
126 58
1562 59
4519 73
153 63
2710 64
3624 73
3483 71
1391 68
438 75
1460 74
2987 78
65 61
260 84
1359 64
3175 78
588 79
2080 74
235|13
480 76
736 64
500 67
454 73
592 70
235 71
595 74
32 77
527 82
648 72
223 78
588 75
377 74
236|30
1214 70
1278 70
1345 70
1350 70
1387 70
1388 70
1982 70
1997 70
1998 70
2447 70
2459 70
2490 70
2496 70
2502 70
2505 70
2542 70
2572 70
2580 70
2596 70
2598 70
2606 70
2657 70
2683 70
2694 70
2718 70
2770 70
2806 70
2858 70
3024 70
3052 70
237|10
32 70
4254 46
94959 67
293 69
1371 59
1193 74
7361 75
7980 64
43936 56
1374 66
238|9
4954 76
3528 76
4265 69
4901 74
4238 71
593 83
4499 82
4957 72
1193 82
239|20
58559 88
5459 70
4085 78
380 77
95 74
7445 80
608 87
7147 82
6378 83
2115 82
4896 81
36529 80
3994 77
33679 75
47 84
590 81
4022 79
208 71
733 80
51662 80
240|20
368 81
543 77
480 82
367 76
810 65
500 78
546 67
110 83
173 73
1 83
542 74
104 80
34 79
174 75
204 72
225 82
383 77
262 83
434 78
420 77
241|16
81786 70
71899 80
527 82
1206 81
1193 83
99114 81
100714 68
8981 77
53123 78
116897 79
56367 79
3910 78
106782 83
115569 83
4235 81
48780 80
242|7
39 67
380 68
231 62
457 79
592 69
454 72
111 80
243|8
112 81
353 85
62 86
588 86
193 73
586 81
181 75
376 80
244|19
3090 74
1049 71
110 83
257 70
165 69
151 74
1090 82
3755 68
2278 72
648 71
1580 72
1957 78
1610 80
1196 86
3256 70
1573 67
1242 84
3753 69
2243 73
245|5
3196 51
2739 61
3114 60
3274 53
1361 54
246|20
1304 85
616 84
1680 87
6016 92
3081 81
44191 86
60684 85
4973 90
1732 89
1298 85
53125 84
2291 81
2692 88
293 87
4011 88
5013 83
60069 87
48082 85
82202 76
95167 82
247|20
48516 80
593 80
2858 78
49272 74
1961 73
44191 75
527 80
116797 73
68358 73
122886 73
480 72
223 75
1265 75
2078 73
1198 81
1682 69
6377 76
1089 80
953 76
919 71
248|11
4886 73
1198 79
166528 74
176371 73
316 67
147374 68
102903 70
189333 70
122912 74
58559 80
5218 72
249|20
110350 70
102903 75
2167 71
94959 80
84601 72
2395 77
97306 72
3408 76
89047 70
91500 74
91542 77
40815 80
69844 81
904 88
46723 75
3826 56
68791 76
88812 68
67695 72
50 86
250|6
1282 84
2407 78
318 94
1597 76
1246 87
8880 81
251|5
142115 82
293 91
356 95
318 99
1089 96
252|8
164179 83
89745 84
6377 84
164909 84
1682 80
166643 83
143355 79
78499 90
253|10
44555 88
916 90
608 91
2300 86
7099 89
4217 81
26366 70
1192 87
4642 89
3363 85
254|20
46578 80
44195 84
207 73
49278 68
6333 78
780 69
110 82
1210 83
49272 79
27846 81
32587 74
2571 83
44929 63
47 81
293 79
1580 71
5995 82
32 79
592 70
48394 79
255|9
1270 64
4467 58
2023 52
3501 47
1663 55
1394 60
3392 51
2542 59
2915 53
256|20
3247 72
88744 80
377 81
4973 86
53972 77
118696 75
95441 75
104841 77
71535 80
2953 71
81229 80
53121 74
30707 83
2571 85
68791 79
170 77
6942 78
90405 74
6537 73
33493 79
257|5
1500 68
594 67
2502 75
494 66
2406 63
258|5
4995 87
7147 83
72641 82
76093 85
47099 84
259|6
508 64
5945 57
1784 63
4886 67
1356 67
1584 64
260|20
7361 83
3556 79
162 82
903 80
5690 82
6337 76
4878 81
5617 78
342 72
5219 70
2997 79
8011 74
1206 81
3317 76
6709 72
8874 80
2348 77
3822 75
2959 85
8645 76
261|11
3897 77
16 77
2060 72
296 83
2723 66
1682 72
4085 71
2194 78
7361 83
4238 62
58559 85
262|12
708 62
539 63
457 73
322 64
339 62
85 57
26 66
17 65
213 55
273 53
593 76
728 64
263|20
223 80
150 78
500 67
2987 77
2953 58
110 82
4226 84
8370 79
1197 85
7458 71
708 73
1111 73
2125 78
6942 77
5013 77
163 74
457 81
8636 77
1967 78
2085 73
264|12
7841 73
1376 73
151 71
5816 76
1907 74
1320 68
1917 61
150 76
3578 77
1090 76
253 72
1876 63
265|20
3807 70
316 62
253 70
1302 67
724 58
1240 72
3504 76
230 66
3831 66
1956 72
3098 69
529 71
1270 77
3791 62
1177 67
2322 53
1488 61
2474 68
1198 81
1962 68
266|20
476 70
2812 70
2700 79
2278 73
24 59
2770 54
2702 61
64 33
1405 52
2580 80
1527 78
2167 61
457 85
1580 71
2300 81
1923 79
2094 54
132 59
2571 87
2097 55
267|12
2858 91
593 93
1175 86
3006 86
1302 86
3999 76
3113 80
1093 82
589 88
2571 92
923 90
3996 85
268|20
1641 71
587 60
1125 68
1911 48
2802 55
1036 73
1370 62
50 79
2064 74
1784 68
1912 70
1966 59
454 64
1234 76
2247 58
1394 74
2829 60
802 60
260 79
2858 77
269|6
724 68
743 56
95 65
1 79
63 58
648 73
270|8
661 58
62 64
79 49
628 68
14 63
1356 69
141 61
25 64
271|9
3897 68
32 70
2791 71
969 70
6787 71
2858 72
55765 62
1320 54
2288 66
272|7
177765 65
1240 72
51662 70
122922 69
49272 74
158238 70
6365 65
273|11
440 82
593 90
500 77
608 89
223 85
111 88
150 85
21 79
466 72
235 79
520 76
274|20
50147 70
2947 69
3037 76
1645 66
4951 62
2036 56
1359 56
35957 65
553 70
76293 60
3918 66
1503 60
45431 67
4816 66
54999 69
5667 70
4876 53
56805 63
1921 76
54004 63
275|20
1784 79
2289 83
5884 70
1171 79
357 78
1912 84
2539 65
235 77
4886 82
2572 80
2355 74
3253 77
1192 84
926 85
111 87
2100 70
3089 86
1393 79
1719 84
1392 74
276|9
673 81
356 96
466 83
104 89
631 84
648 89
2 89
1367 85
344 82
277|6
637 66
736 68
656 66
1 78
780 74
260 82
278|5
2371 75
1347 77
4002 83
318 92
2369 74
279|20
134130 76
1101 63
166528 72
90405 60
61132 69
79132 75
56782 79
97913 73
1608 66
4226 78
59315 70
88129 73
54286 70
1258 77
8665 70
58559 80
4993 78
8376 67
107406 71
1200 74
280|20
92535 85
344 69
262 82
3146 68
4239 81
4447 75
8638 82
919 80
72641 80
86817 70
8368 84
49530 81
6863 74
35836 79
55052 78
54503 82
4246 78
48516 87
1911 67
3916 82
281|5
46578 68
8361 53
35836 63
3897 67
3861 53
282|20
5995 88
3977 71
3263 79
25 82
6708 82
2683 76
4718 71
6711 87
5481 72
6863 78
5669 83
3752 79
588 83
80463 83
1921 85
1193 88
4369 79
48322 86
1194 84
784 70
283|7
1580 65
39 61
1704 72
356 74
586 59
2082 59
805 67
284|18
474 79
173 64
2 76
296 86
15 73
348 79
248 70
318 90
47 83
353 80
275 58
44 64
339 77
367 72
276 70
165 78
637 70
235 75
285|8
1193 83
949 55
1247 80
6978 64
113207 70
4447 65
441 75
296 83
286|20
454 72
778 82
5989 77
1333 73
165 71
500 66
7438 79
2294 67
4993 82
4995 81
7361 83
70 71
4980 62
1258 81
4963 77
1097 76
4848 81
539 72
377 73
110 81
287|20
3160 63
3578 72
223 68
2633 55
1059 53
586 38
3005 36
532 35
1193 74
2599 65
2028 74
1485 26
3826 18
2081 56
8949 67
2012 50
101 64
4034 71
2422 12
2115 60
288|20
4473 70
4966 70
1008 70
2867 66
42015 57
141 62
2571 75
13 60
53519 54
2407 58
5418 69
3916 64
2347 54
2528 56
30810 67
575 41
32587 68
587 60
2517 52
8361 54
289|24
3 70
16 70
235 70
266 70
594 70
708 70
750 70
1080 70
1101 70
1208 70
1220 70
1258 70
1917 70
2012 70
2174 70
2710 70
2797 70
4322 70
6125 70
6327 70
6453 70
7025 70
7028 70
26704 70
290|20
1228 85
1299 84
2494 75
2739 83
608 88
2130 79
908 87
341 70
1447 74
342 72
1056 72
1719 85
953 85
928 87
1394 84
2648 71
475 86
2731 82
1357 84
2385 59
291|7
40815 87
122892 86
106489 83
134853 87
7153 92
88125 88
1 89
292|20
520 60
103339 58
122900 66
4896 68
2291 68
474 68
85056 62
46972 61
95167 64
164909 69
3176 67
3476 65
1608 64
31221 47
1101 62
3985 64
3984 67
1017 66
69844 72
231 57
293|5
1682 55
1673 64
344 45
1617 64
1097 58
294|20
416 32
3869 59
1064 53
2794 46
610 55
2133 58
1391 47
3868 60
1129 58
520 49
3387 42
355 34
2378 51
3693 38
785 53
2193 58
2367 48
2458 43
348 61
3501 45
295|9
1221 82
3198 73
1287 79
1213 80
4351 60
1198 83
858 84
318 85
2329 82
296|6
160848 70
2028 86
169034 70
4144 80
50 86
2324 85
297|15
832 38
543 46
1645 50
111 66
454 46
1089 69
6 68
1249 69
1047 42
1370 48
1488 39
150 59
170 45
1092 43
866 66
298|20
57640 64
95510 44
6811 46
8370 61
8807 51
63131 44
6881 47
3785 31
122900 48
103042 27
6294 23
2167 40
2005 55
6006 30
653 33
55995 31
3018 40
69757 60
103772 45
3825 20
299|5
3793 79
1387 84
188 76
1198 88
1214 82
300|32
318 70
356 70
527 70
593 70
1172 70
1704 70
2028 70
2324 70
2329 70
2571 70
2762 70
2858 70
2959 70
4848 70
4973 70
5995 70
6016 70
6711 70
7361 70
8950 70
48394 70
56174 70
63082 70
79132 70
81591 70
92259 70
99114 70
109487 70
112183 70
112290 70
112552 70
112556 70
301|20
21 60
357 61
2490 63
6711 77
589 72
8949 72
837 57
3948 60
364 75
527 79
5989 71
4963 70
608 80
292 54
3578 77
3897 72
4226 77
3753 58
1393 60
1792 50
302|7
480 79
14 75
3 69
25 77
648 74
707 65
110 84
303|11
5378 68
3703 81
1127 77
5544 74
1196 85
3471 77
1580 76
1394 81
2683 71
920 78
1358 77
304|20
314 78
2571 83
2433 66
10 77
1376 75
480 78
1373 70
1777 75
1270 82
1517 75
151 75
356 83
208 67
474 78
1214 79
1375 72
640 65
1722 68
185 69
2701 61
305|20
74624 70
140627 70
87869 79
919 80
1197 88
106100 82
138210 73
788 70
7482 81
80590 72
103075 69
903 84
6537 72
93840 81
54736 81
592 75
2288 81
58803 78
55276 79
1272 85
306|20
5784 54
68954 75
69644 57
6377 72
95543 61
81847 69
111743 59
85367 64
168418 70
167018 60
72998 64
122904 68
69406 64
85788 58
4963 70
115664 62
134368 66
112852 73
161634 63
133419 61
307|20
2190 70
4181 70
31424 70
49314 70
5010 69
7845 57
3392 55
1220 69
6793 20
6483 19
2332 39
56003 38
1991 48
3273 33
4876 32
3421 68
1409 36
413 42
4447 53
52867 70
308|20
2959 62
45517 37
96821 49
72998 43
318 65
2 37
904 61
589 52
8961 52
56152 44
56367 49
5618 54
36 49
410 36
79132 48
4993 59
8464 40
1221 62
2248 45
6 56
309|20
2202 79
1645 70
898 87
1682 72
296 81
1089 81
1269 79
7153 82
6947 73
8340 71
1104 83
7218 70
25886 70
1219 80
8154 75
971 78
1944 75
6365 69
1262 81
2762 76
310|13
6863 70
6947 76
1101 69
6503 59
2524 77
2457 74
5899 65
733 75
246 83
3254 71
1223 86
1080 81
2671 69
311|6
6561 70
5992 57
1517 52
6461 48
1407 44
2706 50
312|20
5816 82
1375 73
3499 85
589 84
2454 79
1358 81
4878 88
4103 83
3793 81
2028 89
1371 71
4121 71
2366 80
2747 65
4105 81
5446 74
2699 62
2529 83
1350 82
1356 80
313|20
4980 61
170 68
3917 68
2455 68
5544 68
541 79
2193 71
2000 73
6 78
1968 73
1089 80
1301 74
1240 73
3175 71
4865 72
2005 72
2167 65
1375 66
2087 72
2530 63
314|20
7 55
1042 54
44 45
165 62
457 74
293 72
597 62
329 57
442 51
26 66
830 58
728 64
618 70
107 60
536 50
10 65
1376 61
153 50
208 52
150 68
315|7
1262 73
2729 58
2529 67
2067 69
2553 62
909 66
902 68
316|11
1748 70
253 65
3968 57
158 50
5445 65
3751 62
7438 70
6874 71
48 54
3882 51
2572 63
317|20
133115 70
73321 63
91529 77
74545 69
7445 66
1213 80
48774 77
4262 75
1884 77
5989 74
3578 78
4011 77
68358 72
1208 80
72011 71
3897 74
3499 76
96829 74
116797 74
56782 80
318|20
26713 70
81191 70
90245 70
111817 70
127180 70
145080 70
150696 70
7445 76
1090 79
116799 74
82459 76
48385 73
2294 73
64839 78
88125 78
109487 76
4021 75
33794 77
54286 77
89753 78
319|7
115617 85
6377 87
356 90
136864 65
1221 91
122904 84
110 89
320|5
72998 68
71535 73
31184 67
59315 70
1013 66
321|12
587 74
356 81
160 67
592 71
597 75
780 74
339 73
355 67
410 69
3 71
500 70
457 80
322|20
2882 51
1968 68
2542 71
58559 78
2788 73
2146 62
2617 59
2918 71
778 76
2599 67
4027 71
4993 75
1230 70
51540 67
1 70
1617 74
1923 68
4010 58
11 65
1035 69
323|20
377 64
480 68
356 75
1094 61
161 62
115569 75
1198 77
29 71
551 63
22 57
318 80
112183 62
253 66
111659 51
3257 55
260 75
150 67
329 56
342 58
266 59
324|5
2764 68
3972 73
3864 37
3949 70
3897 71
325|20
2848 70
235 74
2986 57
262 81
1573 68
2596 76
1584 76
1217 88
1676 67
4714 56
3770 62
3261 74
2894 70
2155 68
1279 79
1614 63
3994 75
2268 80
2915 74
5008 86
326|20
8665 78
47610 78
20 62
2858 82
86882 76
5418 78
4973 83
133771 76
48774 79
2324 84
1293 77
2692 81
72605 68
70159 55
54286 77
5446 74
6591 81
4226 83
105844 77
31410 81
327|10
3301 80
150 83
858 90
1923 81
51255 83
48516 88
1304 82
765 77
6888 72
2706 83
328|20
2687 56
112852 73
70286 68
1196 76
457 72
364 73
80463 68
3489 58
318 82
595 64
5349 60
2542 69
1219 70
35836 64
3751 61
79091 58
7153 76
596 60
2398 73
1148 67
329|5
130482 70
136850 70
858 63
1884 56
750 60
330|20
5378 48
316 63
1639 72
2918 76
919 73
3949 75
3535 71
5349 67
380 62
1676 61
2502 81
3703 77
1682 71
2683 64
1206 79
1721 67
2791 78
2081 70
8874 79
592 68
331|20
8874 80
6157 46
88125 75
6539 78
3897 77
4446 71
7361 84
50872 76
4995 81
4306 77
6874 79
5502 61
3911 74
608 83
4447 61
593 83
3751 70
8665 71
4367 43
2959 86
332|20
47 77
1653 77
1258 78
316 63
8983 72
431 71
97757 70
2291 71
1835 65
356 79
5502 64
4308 65
1203 78
1682 70
1249 80
76251 69
2905 71
318 84
2294 63
32 75
333|5
3785 45
3752 54
3616 47
3615 50
3646 36
334|20
55820 72
1196 74
1580 63
1291 71
3996 66
589 68
30810 64
4027 68
1 68
64957 63
1625 64
50601 56
44195 73
27416 62
6867 65
2997 69
293 69
480 66
5378 56
51935 68
335|6
780 68
592 69
356 80
296 80
2699 56
2001 64
336|12
1267 90
1 86
38798 79
33660 85
1784 83
2001 79
2268 86
293 86
1625 85
4886 84
50 90
150 86
337|16
318 95
47 88
16 88
805 87
1393 87
266 83
667 79
168 83
784 77
65 77
110 89
708 85
25 85
1356 85
277 81
786 81
338|8
189111 70
190207 70
190215 70
190219 70
7153 75
593 73
187541 36
185029 52
339|20
72641 81
5445 81
84152 81
96079 80
106072 78
69122 81
5617 81
41285 79
56869 70
48322 83
65216 78
91630 79
86504 78
91529 84
83613 76
4993 85
3470 81
102407 78
2028 85
5952 83
340|28
10 70
110 70
150 70
153 70
161 70
165 70
185 70
208 70
253 70
288 70
292 70
296 70
316 70
318 70
329 70
344 70
349 70
356 70
454 70
457 70
480 70
589 70
590 70
592 70
595 70
648 70
780 70
1356 70
341|11
2335 71
3624 71
130087 69
1370 73
135137 67
117529 69
5459 66
45672 68
1 78
47099 78
4025 69
342|14
2683 59
2598 52
2881 56
2369 54
1268 63
2605 58
2599 67
1198 79
3157 52
3826 46
2428 53
2827 51
3863 58
1959 65
343|12
858 88
3000 86
48394 79
4226 85
4878 83
3993 72
2571 85
1617 83
31658 83
55363 81
55820 82
296 83
344|14
111362 78
380 70
316 68
2628 67
4226 82
2571 82
4014 74
2012 69
4034 80
260 82
2541 72
4973 84
5418 76
2712 72
345|13
1019 78
2539 67
926 83
5902 84
8810 70
344 67
5707 67
2366 78
56949 71
3649 67
6658 72
3489 76
412 74
346|20
3174 71
778 79
608 81
6711 80
6286 76
306 79
7323 71
307 77
3535 73
1212 80
357 71
3949 75
714 73
7937 71
7396 77
5878 78
1120 70
1131 77
3627 67
7115 69
347|9
434 66
590 74
39 68
150 75
454 72
380 69
587 71
317 67
457 77
348|11
318 100
2324 97
4368 76
1213 95
6016 97
2959 100
6893 90
4973 97
1221 97
1960 88
2019 99
349|8
10 69
161 70
589 74
381 72
349 67
231 60
588 71
509 68
350|8
852 62
7 60
637 58
648 66
733 68
12 50
858 82
661 61
351|20
88932 70
87222 69
73344 73
52579 63
2231 77
88744 75
43836 70
79132 79
597 73
58559 83
12 54
8914 77
8950 77
63082 78
6214 75
90376 76
84152 77
480 75
4878 80
1193 81
352|20
72998 76
71745 67
1801 82
34319 74
2600 81
65682 76
1080 82
79695 67
110730 56
38038 81
130490 76
97752 78
1214 82
94864 73
41566 77
56587 79
44191 82
114935 80
59315 78
47610 80
353|18
552 60
25 76
267 55
216 73
367 66
288 71
144 63
186 50
333 74
266 68
112 69
198 70
234 59
145 65
293 81
158 49
163 73
296 84
354|20
1610 75
4306 77
2692 79
3147 81
47 77
903 78
733 72
3977 59
1225 81
35836 73
648 71
44191 77
8665 74
1917 58
7147 75
1923 74
589 76
2959 83
4718 60
1196 81
355|6
316 75
1580 79
3035 84
3175 81
317 76
916 86
356|20
2248 81
52435 78
52975 78
7122 70
44889 70
1641 79
2706 79
4011 84
802 75
7323 78
2502 86
56367 81
1223 86
55118 85
3949 81
3996 79
1246 83
1466 80
223 82
7153 86
357|20
4354 70
8998 70
27329 70
2804 84
595 79
529 82
4663 71
4091 71
1224 84
1242 85
34 78
208 68
58559 88
6296 77
30793 71
1042 70
2100 72
551 77
471 78
2067 85
358|9
26095 70
605 59
5066 70
52328 75
2226 70
42728 70
7361 82
69844 78
36525 60
359|15
405 47
1092 59
1101 59
51412 46
648 64
296 78
1097 72
2396 70
2424 54
593 79
2701 34
2942 46
1682 68
2530 56
4995 77
360|5
1422 68
1620 68
1488 68
1711 68
1414 64
361|20
47099 68
1580 63
377 65
1552 58
49272 68
1263 69
53125 64
589 67
49822 62
8360 63
318 77
2529 67
5218 64
6188 62
2422 54
3082 64
1732 71
1370 63
46972 61
7458 61
362|20
1945 88
592 77
6539 84
51540 84
5989 84
637 75
70 80
7153 88
1252 87
44665 83
407 79
6874 83
2959 91
1196 87
1208 87
8961 83
48516 89
7438 83
356 87
1201 89
363|6
1552 50
1732 70
1517 61
296 72
653 51
318 77
364|5
858 88
9 75
783 76
376 73
1 81
365|20
59315 59
81229 57
128975 52
6874 66
90345 57
158872 56
129354 50
103075 48
135536 52
70286 61
112852 65
76077 56
112818 49
1777 57
6502 65
155820 50
541 68
95720 45
93270 45
135569 55
366|7
116797 79
59315 76
33794 79
91529 83
2028 85
122882 80
7438 80
367|20
926 84
3061 79
1270 84
1287 85
486 69
3536 80
3824 63
2384 76
3072 79
898 93
3618 79
3225 68
2248 83
3157 67
3969 78
3717 76
1259 85
4023 72
1196 86
1258 83
368|20
3753 57
2112 48
1944 66
2986 49
3869 63
1214 70
2947 65
415 44
3035 68
832 54
50 74
2819 66
1801 63
2490 60
1917 47
1391 52
2193 63
225 55
161 59
2881 51
369|20
1256 68
785 63
47 71
2706 66
839 56
377 67
52973 67
743 51
4214 55
5418 67
3863 60
1372 63
27904 68
60069 71
2857 62
1967 69
150 68
2011 64
1580 65
3174 64
370|19
4011 75
4878 76
8961 73
6377 73
2628 60
1748 72
2116 65
589 72
2329 78
7438 73
3977 56
1676 61
593 78
4973 78
4226 77
1240 71
1089 77
8636 70
2716 71
371|9
2571 93
112512 70
1258 90
4090 86
56715 86
3000 95
4226 94
4993 93
1748 89
372|20
335 70
924 74
318 84
1603 39
1479 58
589 73
81 56
387 50
616 69
337 74
1220 72
1201 79
165 60
1243 78
1258 78
377 63
1401 52
450 56
1206 77
1306 52
373|20
216 67
60 56
169 25
350 62
585 51
44 37
371 67
163 66
616 72
198 63
265 68
25 68
6 79
733 68
47 78
2 59
736 50
305 47
357 65
141 65
374|7
296 81
208 59
1219 78
480 74
592 68
1258 79
1339 69
375|7
344 69
1027 72
32 81
2628 71
3256 77
4226 87
500 73
376|20
91535 75
2002 71
1214 82
1101 77
2916 80
33794 81
1198 86
349 78
1371 76
376 73
1240 81
1375 76
4993 85
858 89
457 84
4226 87
5952 84
344 71
2763 82
2797 81
377|20
4942 70
2793 64
1262 89
2791 85
748 80
1345 80
5027 76
5113 81
27692 70
3421 84
6021 70
3364 81
2072 78
8641 83
2163 75
92760 70
2858 88
1503 76
2124 80
2015 80
378|10
33794 76
7153 82
48516 83
3114 77
858 85
68954 80
91529 80
71535 76
90600 71
364 80
379|8
318 83
377 71
19 54
292 66
480 73
367 64
597 69
344 60
380|20
60818 70
172875 70
172881 70
172887 70
355 59
6979 78
5476 64
2735 65
68194 77
63433 75
72356 75
105731 68
1833 68
551 77
6731 75
27831 83
1665 68
393 62
140956 78
2791 85
381|20
2085 71
1088 68
3253 70
185 62
317 65
27808 69
1240 75
19 56
3753 69
4321 69
72011 74
3082 69
333 74
2140 74
1385 61
2273 69
1208 82
457 79
104 68
2716 75
382|20
1204 91
142372 65
135532 66
1201 91
112171 78
1198 91
912 90
81847 78
4638 58
63540 60
1681 60
170289 70
103042 64
72737 80
2496 70
357 78
81537 64
59501 71
101362 52
4890 69
383|7
2436 72
2541 74
2496 70
1584 80
2558 60
1246 82
903 82
384|14
3527 68
1388 47
2683 62
2502 79
4333 55
3098 68
4396 51
457 77
358 49
968 72
2724 43
296 79
3991 30
1204 81
385|20
736 59
1080 76
249 73
1219 77
1036 74
1136 79
282 64
1073 74
1200 75
1228 76
1022 67
1007 59
1201 80
1246 77
344 60
589 75
1023 71
1287 78
594 72
1303 78
386|14
110 65
410 50
112 52
165 55
223 64
648 55
185 47
608 72
485 47
305 45
44 41
585 49
349 55
10 57
387|20
4393 70
5156 70
5780 70
7336 70
26124 70
40966 70
2712 66
5062 62
1247 76
5489 70
4195 62
7132 76
2946 66
1387 75
3000 77
51939 52
4995 77
912 77
7938 70
1783 55
388|6
6158 70
63239 70
33615 63
86298 64
62999 68
8360 72
389|7
17 85
140 78
628 86
762 69
743 71
95 80
32 86
390|17
6344 70
64957 74
4239 79
5220 59
1193 84
2571 83
9010 75
2291 75
5296 49
4226 84
7254 73
6377 80
63062 73
1206 82
2329 85
4014 74
1784 75
391|20
5575 70
500 62
3994 75
1213 84
516 54
199 71
4027 80
150 77
1408 77
4014 70
1527 77
1059 71
2916 75
4973 86
357 70
555 80
5026 80
4936 65
1210 83
3067 75
392|5
3004 55
2858 78
707 58
1198 82
1125 70
393|20
91658 73
102125 74
48394 78
36517 74
8636 76
110102 78
44199 77
5388 66
54259 75
4848 81
5669 77
1291 81
68848 71
86190 74
2571 82
1206 81
122892 75
106642 83
1625 73
106489 71
394|5
588 64
316 54
344 51
225 53
457 71
395|13
329 59
1025 65
296 77
160 54
208 55
173 50
485 56
355 53
520 59
595 67
126 50
48 58
367 59
396|6
1276 73
1597 50
1777 59
44 36
204 38
2081 62
397|5
4017 78
8645 79
1701 78
8228 80
6993 78
398|10
6408 70
1197 87
5971 80
7022 83
1198 87
60069 83
2455 75
1136 85
48516 87
82459 80
399|8
1198 84
110 81
5445 75
1196 83
593 83
480 76
1270 80
2194 78
400|9
608 90
356 88
2571 88
2959 92
7153 90
1221 90
3578 87
858 92
59615 69
401|15
5952 75
6297 66
55768 66
48982 69
166461 68
49274 57
50872 73
32031 64
79091 69
170939 70
38038 72
8360 69
3114 73
33615 61
1136 77
402|10
1084 83
597 78
52 77
329 73
296 82
586 70
315 70
1036 77
434 73
527 82
403|7
110 77
2427 62
3210 67
296 79
61465 56
1663 70
180 68
404|12
204 59
349 68
474 71
34 69
364 78
508 72
105 66
593 80
509 69
277 64
315 60
185 62
405|20
70708 70
293 81
7254 78
37731 81
2959 88
345 79
1213 84
7134 70
64614 83
6023 72
1241 77
2329 86
1247 83
3052 77
68237 80
1199 84
27592 76
27664 76
3418 77
1215 85
406|5
1586 54
135 51
56949 54
46972 54
724 52
407|5
7153 82
2959 85
6539 79
1240 77
54286 75
408|20
1198 89
122904 82
44840 77
165101 76
6618 83
1291 86
1210 87
89745 84
1278 87
7324 78
44 70
8641 81
115210 84
103596 72
68554 77
2571 87
109487 84
63131 78
80489 83
4649 76
409|20
2485 46
2490 74
2028 86
3812 66
1278 85
2997 82
296 85
1078 69
3016 66
1073 80
2683 69
2289 78
3846 66
912 86
2013 57
1911 53
2352 79
1230 80
2541 70
3174 72
410|20
389 70
3224 84
318 89
2302 76
4002 79
1060 78
4297 71
3263 75
1859 73
111 85
58 84
2145 76
3255 76
2321 79
3504 85
3948 76
11 77
4019 79
3 75
597 79
411|20
508 71
261 73
586 58
432 51
353 72
431 71
194 69
318 84
272 75
515 73
356 79
266 65
257 67
349 67
10 69
31 62
344 59
227 51
455 48
122 49
412|20
2828 60
2384 72
2915 77
903 83
608 86
2720 44
2858 84
1883 76
1307 82
1214 82
1784 78
2239 91
1 82
930 84
1136 85
2710 63
915 79
2398 84
17 79
1079 85
413|12
2706 86
1198 91
3753 84
2424 81
593 92
128360 87
4993 90
16 88
5574 83
3948 83
64957 84
2959 94
414|20
4458 70
4666 70
5285 70
5635 70
6033 70
6493 70
6563 70
6628 70
6797 70
48319 70
58879 70
169992 70
3802 46
3599 68
1600 72
8666 32
4975 70
7444 67
4081 46
177593 88
415|19
296 85
1213 84
4321 72
3507 81
4308 72
47 82
1021 61
111 84
2617 72
1276 83
3861 67
4369 72
99114 82
1221 86
63082 81
1234 82
45722 77
1197 87
175 83
416|11
5952 66
5951 43
531 50
1296 57
1199 66
1721 54
830 49
1206 66
7323 53
4848 67
3677 59
417|14
778 90
4995 89
4975 77
7254 80
1198 92
106782 88
27773 86
168250 81
1625 81
7153 91
74458 88
110102 85
48394 85
4878 89
418|19
356 86
296 85
63082 78
104374 72
1276 84
1136 85
117176 75
1573 63
137337 66
1682 75
5816 76
88125 78
74458 79
367 61
89745 82
45672 55
87869 70
7361 87
54001 80
419|20
4093 70
111 82
46976 76
27822 68
2858 82
319 76
6287 70
3578 81
1213 82
64969 76
47 80
79592 75
34319 72
89580 70
60756 76
27704 70
90943 70
2412 63
1240 78
52245 70
420|20
1161 77
4993 81
45499 71
923 81
26693 70
48385 71
1927 79
5608 77
2052 68
6934 67
7022 79
3979 61
59295 70
2329 84
54259 76
1131 79
2762 78
4973 83
5669 76
527 82
421|8
2858 85
909 81
5008 87
953 84
1178 88
2313 80
2478 65
1203 85
422|19
2539 58
2710 55
4947 68
4971 55
5039 72
4925 70
2581 56
4916 63
1265 80
2804 81
3053 77
2665 70
1283 83
4835 67
2908 79
3943 66
1213 83
2670 66
858 88
423|5
1653 75
110 76
2194 73
5349 66
1320 62
424|20
1193 77
141 66
2804 75
40278 71
608 77
108729 62
293 74
69122 72
1092 64
54503 74
58559 79
3186 70
66097 72
778 76
5679 65
3176 70
2288 73
2174 66
71668 65
112556 73
425|20
45517 66
377 72
2329 80
733 70
6 76
1645 69
8368 76
2081 71
4306 74
1680 74
1909 68
367 64
46723 68
1625 70
1036 73
4901 68
750 80
2353 66
1342 61
145 63
426|18
59784 71
150 75
471 71
337 74
54001 74
1197 81
6378 76
72641 74
4886 74
8644 69
37729 70
597 73
5444 72
91325 65
588 74
3247 63
4022 72
79091 72
427|17
4887 48
5463 43
5015 63
110 78
58 74
5528 63
6348 48
5312 52
2710 52
5696 44
4993 79
5266 51
2683 62
5400 52
5816 70
1208 81
5574 62
428|20
2471 41
2762 66
3827 49
1089 70
2953 44
2916 60
1380 54
1997 63
3440 34
4022 60
317 45
4255 39
1208 73
1391 48
6377 68
2581 46
260 73
3285 45
588 61
653 46
429|12
339 81
421 78
150 84
225 82
165 83
266 79
329 77
252 80
279 77
317 78
237 80
204 67
430|12
923 80
2987 75
3745 71
6287 62
2858 81
6365 69
2571 82
4447 68
4014 73
329 64
2076 78
4446 73
431|5
172 40
1625 55
1376 52
3948 56
802 52
432|20
1831 61
5630 74
6870 73
8640 67
6539 76
3916 77
5989 76
84189 70
110 76
35836 72
4886 73
2762 74
1206 77
49272 77
19 59
318 82
58559 80
69481 75
7158 70
33660 74
433|5
91529 69
1089 73
50 73
5299 54
110 70
434|20
1136 86
3147 87
1090 84
1265 82
5989 79
1101 56
1779 41
586 54
344 58
3863 60
1208 87
3160 77
589 81
780 60
6796 75
2791 83
4226 87
2194 81
8665 72
1291 85
435|9
2353 76
44191 84
485 72
3510 79
34405 86
2302 77
158 66
82459 83
48780 85
436|20
204 57
435 53
440 68
432 56
161 68
480 72
377 70
531 65
536 59
502 52
364 77
235 67
371 67
344 60
2 66
585 61
450 63
587 67
437 53
227 56
437|20
748 71
318 91
5 57
640 56
1299 83
1120 77
1396 77
1246 84
454 75
1171 75
1225 88
1183 78
1097 82
1307 83
1268 74
592 74
198 71
155 60
112 70
246 86
438|20
7154 60
2501 73
8966 66
27801 73
1527 75
6711 81
3898 56
1784 72
8644 68
6367 71
2424 63
3889 45
223 78
1517 71
7361 83
2641 61
5009 65
2617 66
3753 68
2393 66
439|5
356 84
4022 75
7153 85
78499 86
1240 78
440|7
8690 70
541 83
29 80
1653 81
1274 81
3174 72
1235 86
441|9
589 88
2683 80
2959 95
4306 89
260 90
296 91
51255 88
47 88
68358 87
442|5
2908 30
2881 14
1186 31
3752 21
4361 23
443|8
2329 87
79132 83
296 84
48394 79
106487 77
108190 75
7153 85
63082 83
444|9
356 83
592 71
208 61
21 70
111 82
110 82
235 72
296 83
344 63
445|16
2028 83
590 75
34405 80
47 80
116897 79
780 63
4011 80
899 79
593 83
33794 77
1080 79
45722 68
17 68
1230 74
306 81
2710 51
446|17
237 61
339 63
300 69
296 80
480 72
368 68
288 64
172 50
17 68
16 74
357 66
150 72
434 55
153 48
648 65
593 81
337 75
447|16
257 78
293 82
337 80
531 74
382 72
589 81
552 71
253 77
362 78
532 73
292 77
31 75
474 79
540 71
442 73
160 72
448|373
2368 70
3284 70
3933 70
6302 70
6476 70
7245 70
48262 70
49688 70
75803 70
75816 70
78116 70
79590 70
86593 70
92198 70
98908 70
100326 70
102819 70
104760 70
108715 70
109191 70
111680 70
113416 70
116207 70
116985 70
129657 70
130083 70
133377 70
136654 70
138546 70
142424 70
151777 70
152658 70
157130 70
158022 70
161290 70
164375 70
53996 64
136778 70
5418 71
288 62
88356 47
2580 71
155358 70
2889 67
4034 79
148888 52
81156 69
2713 41
103335 58
95441 59
34048 54
80126 53
3057 70
1057 63
2794 51
33830 64
8665 68
6059 56
110553 41
90374 64
151501 70
3764 42
6143 62
103819 53
4361 63
104913 72
3986 39
5528 60
1196 82
105351 45
83349 49
3276 70
1090 78
5349 65
587 58
106330 53
4677 51
95508 70
109895 42
110611 70
671 64
2289 69
152077 70
80693 53
111360 46
170 60
87444 53
94323 48
8493 55
3671 75
91653 53
4981 70
2991 64
78034 70
119145 75
5099 50
4299 54
2567 52
6996 27
109864 47
6582 58
73017 68
370 55
543 61
115617 69
590 73
154065 70
5553 46
41569 62
3286 44
6645 68
589 75
1920 47
2857 66
111663 54
78499 80
2657 66
6537 60
1148 73
46974 52
48516 81
80241 54
445 47
4262 75
3689 46
114935 68
6428 60
127194 70
109673 52
127096 60
89388 70
4156 70
3793 70
33679 55
2014 48
64285 68
3968 55
49530 71
3450 60
160563 56
5502 59
8169 63
6314 48
122490 70
3386 66
140725 56
4896 69
2642 37
127136 62
2763 65
2520 70
457 78
48783 69
3263 53
5400 49
5541 48
4011 78
58351 70
127132 70
152091 50
3698 62
435 31
4799 52
84152 77
3401 41
2858 80
3174 62
7076 63
106542 70
6218 62
2860 41
1283 80
3618 68
2616 42
90439 56
2404 32
4660 70
2530 54
26386 70
4327 67
3030 77
71464 53
32 77
91529 77
4158 46
99114 73
98585 60
93326 55
2268 73
80489 76
130576 51
105504 74
2791 78
50601 56
7007 66
4234 52
3623 42
80727 55
78467 35
8641 72
4128 66
106782 75
2537 44
112138 72
3247 46
112818 44
2027 40
3101 48
5779 70
82202 43
1704 77
98296 70
6863 61
89305 53
4203 59
1201 81
6212 46
637 44
84954 56
6814 70
94864 60
67695 57
159077 70
92439 61
6812 45
3156 53
802 58
118354 70
134130 78
138036 65
65135 70
52975 63
4368 38
90717 59
45722 66
79259 70
68157 78
4233 36
74458 73
3258 55
1262 80
3949 73
101025 43
69526 36
1831 44
1083 59
1884 78
1476 67
156609 47
3755 60
111659 47
4734 51
161 62
95201 70
135887 51
2598 45
87232 75
4634 65
5334 61
5459 47
146730 70
72694 70
157432 70
132488 70
4558 45
1375 61
6424 70
71518 59
2716 75
94780 42
3593 19
129354 48
158 41
1409 43
6514 70
2881 48
51662 71
90522 46
68554 56
2126 53
122932 70
93510 70
137857 68
125916 44
2953 48
2090 60
1760 14
480 72
58803 66
2109 69
50792 44
46062 44
85510 54
80864 70
112171 62
122900 65
2587 58
1527 74
117529 64
4993 80
92264 46
5247 55
533 50
912 79
26464 70
2249 58
4678 59
103772 61
114601 61
96861 48
420 41
59615 55
2349 70
109372 47
95207 49
348 71
19 43
136020 53
4502 43
91094 40
138208 53
3511 46
79428 54
2643 23
109183 70
2139 70
4212 70
5942 54
96417 60
112852 78
99728 56
89470 68
142448 57
64983 45
2640 72
2046 53
4881 71
3882 47
3744 47
1032 64
116799 65
5 44
4040 40
157407 70
2115 69
1617 79
4367 44
105254 58
3388 46
3760 55
2146 60
2968 73
6281 54
466 44
96448 52
86332 65
64969 69
115170 70
1036 75
3397 68
2474 65
1408 77
155743 70
106920 81
8542 62
120466 68
2051 42
7143 75
7150 46
89087 40
34150 47
2253 49
2973 77
449|8
1917 44
2502 79
4034 78
1222 79
2770 51
762 32
2011 61
2324 79
450|11
3977 65
589 82
110 85
3363 80
3535 79
3948 75
3409 67
1035 81
3568 70
358 68
1259 83
451|7
733 76
593 84
7 69
5 67
494 76
25 77
17 77
452|20
4025 84
2858 94
2617 88
5292 87
1206 93
1676 83
3219 83
47 92
3101 84
163 88
1092 84
1917 85
2126 82
1356 89
552 83
2628 86
1200 90
608 96
2707 87
3273 78
453|20
208 71
858 89
2335 75
4022 78
3618 78
1617 84
3452 75
1357 82
112 74
2671 76
1884 84
1894 67
2294 74
318 89
1614 73
3534 75
2959 89
798 74
5266 70
780 79
454|9
7361 82
2692 79
7116 66
55820 80
6016 81
27773 77
2160 80
2858 80
26131 72
455|12
272 80
432 60
367 69
590 78
253 76
364 83
555 79
252 71
110 82
225 71
588 77
597 74
456|9
1407 75
634 63
135 74
5 72
724 75
780 80
733 80
260 84
706 70
457|10
329 63
3593 32
2692 82
1356 79
223 79
2394 72
2701 45
3608 64
733 73
2094 62
458|12
597 83
185 75
10 81
380 80
95 78
454 81
300 77
595 81
153 72
587 82
150 84
552 74
459|6
79132 88
5618 89
8961 86
48780 87
50872 86
260 89
460|17
89039 70
4886 86
4703 71
3831 82
1441 77
4878 91
3483 74
8970 83
1 87
49272 88
40815 87
85414 80
68237 87
76093 89
47610 84
63082 89
2571 91
461|6
74458 68
2762 66
1036 66
91500 60
3578 70
539 62
462|20
26838 70
89090 70
164655 70
188189 70
1136 74
1219 73
158966 74
1248 76
508 69
1653 72
1674 72
8917 66
8620 63
3424 74
2146 68
7044 71
3814 72
1213 73
82857 70
26131 68
463|7
6377 84
2028 87
4310 73
3753 78
2006 73
1092 74
5995 86
464|20
1370 71
58025 64
63853 55
296 87
2019 90
3527 77
5254 70
7007 77
1101 67
1779 54
377 74
1653 85
55820 86
648 73
33493 75
1610 83
65088 67
74727 69
1617 86
62374 75
465|20
2941 89
2987 84
1200 87
3448 83
5060 87
1299 89
3703 88
3649 67
1625 83
292 77
904 93
3101 70
1754 85
750 92
1256 85
593 92
3732 77
3740 87
3334 88
377 83
466|20
5418 76
30793 72
79091 74
92259 82
5989 78
5459 70
318 83
63082 79
59784 75
5010 75
74458 80
6281 73
5952 78
8529 74
64716 74
68954 77
4993 80
45447 73
81845 77
55247 78
467|22
41 70
58 70
389 70
466 70
527 70
593 70
780 70
1183 70
1233 70
1357 70
1365 70
1408 70
1721 70
2028 70
2125 70
2324 70
2334 70
2384 70
2390 70
2393 70
2394 70
2493 70
468|7
592 69
349 70
1 76
317 63
296 80
32 76
165 69
469|20
3658 70
3832 70
3507 80
3032 76
2736 82
2132 78
1958 83
910 83
1090 82
1485 50
1388 57
2321 66
1234 83
2081 75
1193 86
36 78
2908 80
909 79
2023 70
3255 73
470|16
253 73
318 85
110 80
588 74
282 68
5 61
597 72
32 77
595 73
592 69
500 67
26 74
356 81
357 70
434 65
300 70
471|6
2571 78
8874 77
527 79
1 74
8360 71
7147 73
472|6
58559 84
3450 73
3298 76
2840 63
1221 84
858 86
473|8
4979 74
2959 84
60 59
7147 72
6281 60
3897 75
48322 78
2596 72
474|422
638 70
2179 70
2697 70
4046 70
5114 70
5311 70
5353 70
5455 70
5601 70
6201 70
6273 70
6382 70
6407 70
6592 70
6912 70
7702 70
7826 70
7832 70
7839 70
8057 70
8446 70
8458 70
8459 70
8611 70
8650 70
8774 70
8938 70
1466 71
6708 71
2940 73
2616 47
2334 51
7139 74
4218 70
371 69
750 80
2935 71
8645 73
5481 57
6370 71
25865 70
2553 70
912 79
2467 74
5548 67
7301 68
52967 67
5945 65
480 73
1983 55
3462 73
1068 70
8600 69
6650 65
8482 70
6791 72
4016 71
1784 70
3668 69
3977 52
8961 75
4160 70
30820 69
6984 70
2750 68
5034 60
7716 70
2612 70
4419 74
1300 74
4187 67
1187 60
6565 74
272 75
5440 70
25937 60
1099 67
3125 70
5826 70
5649 70
7256 71
4912 69
6016 79
1208 79
2083 76
3385 54
2310 67
3360 72
3163 66
1413 68
4081 45
1643 67
968 73
2116 65
26965 62
5954 72
1263 75
5116 70
3536 70
8778 64
63433 67
2952 72
318 82
3394 58
1200 74
3384 77
4356 70
932 75
7698 73
516 57
4873 76
48385 66
39869 72
1902 70
2641 57
7036 59
2181 69
4638 50
31116 73
2455 67
2146 68
628 73
3897 73
1030 58
4022 70
344 58
3196 68
92 50
237 67
6770 64
3259 66
3368 67
26151 67
1293 72
34072 73
3044 70
1639 72
5944 64
6539 76
477 68
7361 79
55687 70
58 76
4014 70
3467 70
8154 73
4191 62
2134 65
4644 68
4293 58
5013 72
1399 51
1196 79
2918 75
5899 59
4465 62
100 54
361 64
3341 71
8921 70
195 59
3789 70
4709 69
1588 63
3468 80
4678 65
2723 66
2118 75
1939 76
7019 55
3147 79
1792 58
33903 72
1682 70
41566 68
1693 68
1957 72
5021 63
2313 71
3870 70
948 73
47099 75
3447 67
6614 66
216 69
5619 68
3987 43
5060 75
3111 68
45950 72
32584 63
5525 70
2567 60
5956 71
7 60
1172 77
3217 65
8331 70
587 64
5238 66
1189 73
2416 63
832 63
3095 73
7386 69
1223 78
7058 70
5246 46
5418 73
27803 76
26 72
4002 73
1135 64
45 61
6945 68
2411 56
2520 70
7347 67
5375 70
5673 70
3039 69
7833 70
33781 62
720 78
2103 53
33154 76
608 79
1327 40
101 74
7061 70
5451 63
5682 62
5434 68
6609 70
31658 76
4578 55
2009 67
4704 70
7572 70
4929 56
3306 71
6334 64
5379 72
5437 67
42418 67
4128 71
7451 73
2786 42
2243 69
27846 76
6197 66
3264 48
3608 61
5603 69
6124 58
1222 79
1663 72
3566 60
3755 66
2628 57
4815 63
2089 67
7102 62
27706 65
7013 73
1348 68
45666 51
5755 58
4055 67
2058 61
4462 53
1544 49
2405 58
4998 70
273 57
1977 53
1732 77
7822 70
7073 70
41527 67
4787 65
1676 62
3708 63
6669 72
317 56
25940 70
971 76
7366 59
3115 74
7026 48
2710 54
50685 73
2114 73
3809 67
3516 53
2770 56
535 63
4878 78
5992 74
41997 73
1083 66
4487 66
7293 68
1016 57
2006 60
1007 57
4993 78
3412 71
5007 70
3929 53
6639 68
8712 70
1876 49
3546 70
34359 70
7579 67
7325 71
6837 70
2634 65
7753 62
8943 57
8385 70
4308 65
3246 78
3745 69
1148 76
42002 65
50740 70
3952 65
1927 75
7581 66
910 75
3948 67
54881 75
1284 75
4007 69
5341 58
3675 77
52975 69
6244 62
965 74
454 70
1247 77
7215 63
1282 73
8207 73
6242 65
6502 78
4509 63
3528 72
2391 71
4262 75
4039 56
42018 54
3271 74
976 70
48394 73
5384 70
5168 70
1358 71
6534 50
8773 70
2384 62
48780 76
1269 77
4600 62
2642 45
111 78
933 79
3578 77
5297 53
944 69
6020 70
2123 58
748 66
4896 71
5380 73
53953 64
3712 53
25996 70
1997 75
4464 72
4085 69
51540 73
2707 66
2069 64
6710 69
1488 63
6378 74
928 78
3038 70
7116 65
44511 70
594 71
1962 71
421 69
4316 53
2761 77
4823 60
892 74
1345 69
5294 72
1408 71
6579 67
3272 60
3421 73
3844 69
6787 76
37736 69
2249 65
1610 74
2468 45
3498 73
4902 67
6268 68
5225 76
5404 72
929 70
25999 70
7835 70
805 72
4126 67
475|20
6539 87
4993 91
87232 83
40815 86
5816 89
8644 85
81564 81
4701 86
81834 87
6564 80
68791 88
111759 88
7153 91
1527 82
71530 81
4896 89
106487 82
112852 89
3578 89
82461 83
476|14
594 79
34 76
380 71
158 56
153 59
586 64
440 75
364 85
378 72
357 74
224 77
165 73
296 87
11 77
477|20
34 77
913 84
3100 82
2105 75
1271 77
1207 85
70687 49
2174 75
45672 67
4571 80
3973 44
4226 87
1103 90
5291 81
348 80
3593 27
1 82
1274 83
6502 86
59615 68
478|5
1917 44
3114 67
594 66
1584 61
1101 54
479|20
5365 70
4488 66
524 69
1025 69
3707 52
1220 75
4010 62
3244 65
3526 72
4092 49
1968 75
4700 57
4003 55
3671 77
2671 57
341 70
2012 64
2542 78
454 68
2384 55
480|20
43914 70
2700 75
8533 73
2193 74
2797 76
3484 59
2571 83
1210 82
2596 73
8866 58
47610 73
6306 70
5379 74
2018 69
7153 84
3911 75
44191 79
38061 82
5673 72
380 65
481|7
1608 56
1687 51
1629 56
1729 60
1620 53
1597 50
1485 45
482|20
2068 69
8985 58
1036 73
474 73
1042 63
4389 61
780 71
27706 67
3211 70
1610 74
4367 61
1374 71
1220 72
1602 58
653 61
592 68
30812 71
4862 62
8361 63
8529 66
483|20
105325 70
783 67
2541 69
2959 87
109971 70
45722 73
1199 83
50872 79
2000 78
4306 79
69757 76
2683 68
2273 69
1588 66
109487 81
66934 80
1721 72
2328 56
68522 70
8972 71
484|20
93320 70
1438 69
6155 75
6944 78
2706 79
33166 77
6874 77
3697 73
1059 76
76293 73
919 78
2762 78
1821 72
837 76
5810 74
1753 78
3254 77
4718 71
2413 76
3646 65
485|5
588 80
161 79
253 77
292 76
231 69
486|12
653 72
47 85
110 86
153 69
474 81
95 74
288 77
329 75
161 81
318 91
292 78
6 85
487|12
27611 56
8961 61
318 72
1198 69
31658 59
1197 68
6539 58
5445 55
116797 59
4027 59
8874 59
86377 60
488|20
720 82
838 74
608 84
1223 85
26 75
5135 76
2109 73
7720 65
7303 73
4014 73
5995 82
457 81
105 66
1136 82
272 79
1269 81
3176 74
1278 82
1125 74
910 81
489|20
79536 70
86000 70
4848 76
736 44
8387 16
4700 52
45666 40
4720 63
2683 61
2021 66
2389 32
1619 56
950 67
58559 79
2236 56
2167 55
1616 42
247 76
376 57
2717 51
490|20
46578 72
89492 71
81591 68
91077 73
60074 49
5816 66
4144 69
54001 69
1 69
1784 64
7153 77
4993 75
89759 57
86320 44
60128 56
76251 62
8368 74
69122 64
2006 47
78499 76
491|13
106782 89
69757 82
7293 82
27808 79
4246 82
3948 81
104374 85
86833 82
140110 84
8529 80
180231 70
4306 86
88405 77
492|20
736 81
784 76
628 82
858 91
852 82
64 74
990 79
830 79
743 74
62 84
52 82
1499 73
66 77
1210 86
881 76
1474 72
1405 78
724 79
1047 80
65 76
493|13
2985 61
4444 58
2916 67
1275 70
2571 77
1527 72
2028 79
3793 69
2167 59
1215 79
4701 60
2924 75
260 78
494|5
1196 84
4498 63
3578 81
2028 84
1210 82
495|20
140523 70
115149 87
1259 89
1721 81
136562 82
80489 86
19 61
50872 87
231 69
102123 75
52319 79
7254 81
7360 87
8528 84
1645 80
46578 87
30810 83
2918 88
148626 89
56775 73
496|6
1221 77
99149 64
858 79
904 78
8865 50
114713 50
497|11
1193 73
112556 67
112290 67
1916 65
92259 73
2329 74
112552 70
1258 71
2762 68
5349 62
111362 68
498|7
344 72
231 72
648 81
10 82
300 79
356 89
316 76
499|6
1202 73
2337 69
38304 77
327 56
56286 68
1304 77
500|18
2599 67
2987 68
543 58
2700 68
2542 71
1265 71
2916 65
356 76
3301 55
1784 65
1914 61
595 66
2355 56
3536 63
1885 57
322 63
838 63
720 73
501|9
6 73
62 65
93 59
45 60
3 60
637 56
11 65
18 66
662 54
502|7
7236 69
1077 73
4412 47
3469 65
2001 60
2520 70
1777 66
503|19
7455 70
7361 78
4878 76
356 77
91500 64
593 78
527 78
858 81
4226 77
1259 73
1342 53
2877 61
92509 58
90866 71
500 59
441 71
48516 78
2858 76
48394 72
504|18
4995 84
5812 77
2321 75
1 80
3556 80
7153 85
6708 76
1288 84
6927 70
4033 76
4700 69
6565 79
342 71
3408 76
6879 74
4361 76
5952 81
5955 73
505|7
1241 81
4105 84
1029 80
74685 73
273 70
6502 88
54999 83
506|9
59258 54
54272 68
37741 74
56782 77
62293 57
51834 53
49286 59
112556 70
61024 66
507|5
165 64
266 61
253 67
377 66
593 76
508|5
2872 47
2011 43
1952 57
1175 55
898 63
509|20
26958 70
130073 70
2028 76
87232 70
33830 64
5313 51
48 57
2090 64
2080 62
6942 72
8907 54
6156 56
5816 68
39 60
3988 57
6807 72
7458 62
1196 76
45447 58
616 67
510|20
1882 26
7026 35
35836 58
494 52
1198 73
514 59
457 67
2935 56
858 74
2699 42
317 40
8949 63
2918 64
145 46
1262 69
6787 67
1208 71
372 45
1242 70
40819 59
511|11
2959 91
53953 74
115149 83
164179 83
6534 65
99114 86
92259 89
318 92
2324 88
1653 86
56757 81
512|10
480 79
150 79
349 74
47 83
350 72
442 64
457 83
50 86
317 68
593 86
513|7
5952 79
318 86
2174 68
235 70
1304 76
1220 75
1080 78
514|20
1335 70
5704 70
62586 70
168358 70
180263 70
1704 78
2005 72
2792 62
2013 46
1673 80
134130 79
76093 78
1333 71
58998 76
68157 78
2406 66
3210 67
54503 76
4855 71
1644 29
515|6
33794 91
2028 97
527 96
91529 95
58559 98
2959 100
516|26
260 70
457 70
480 70
647 70
708 70
1042 70
1090 70
1197 70
1198 70
1954 70
1958 70
2021 70
2259 70
2268 70
3052 70
3471 70
4027 70
4291 70
4306 70
4321 70
4322 70
4333 70
4337 70
4349 70
4361 70
4429 70
517|20
4306 52
53125 41
1265 55
165489 70
97938 47
88744 49
86880 41
4148 38
26761 70
3398 48
1293 49
3988 38
2858 59
4963 50
1204 63
1704 58
47629 53
7669 53
1206 59
46578 55
518|5
3101 57
2657 68
783 63
1876 53
6365 64
519|6
1704 87
356 87
140110 83
6378 85
7445 81
1968 83
520|20
7266 70
318 91
1049 76
59315 78
4995 86
32 82
2716 81
4333 72
1291 85
1732 85
4085 77
2723 74
3081 75
3994 77
33493 77
135 68
2393 73
60516 66
2406 75
1584 82
521|8
661 69
112 71
86 77
104 73
58 82
79 61
52 75
852 70
522|20
99114 82
81932 80
89492 80
63113 71
2959 87
1193 84
1375 70
4993 83
223 81
27611 79
76060 70
180 75
59315 76
1617 83
10 75
67255 84
2023 72
6187 80
318 88
127098 79
523|15
168252 96
8970 90
5989 95
318 100
91529 94
1721 89
293 94
65261 94
4270 89
3147 97
27731 91
134130 95
31696 88
527 95
101962 89
524|20
1356 77
150 75
552 61
748 68
344 61
442 58
253 72
1225 81
20 57
589 76
1242 80
544 62
173 51
1302 72
380 67
457 78
1020 68
788 54
193 49
466 57
525|20
120807 70
317 61
6863 66
8622 71
33004 70
7147 72
2396 73
40815 75
137337 68
1639 72
1968 73
91869 70
45880 69
2100 61
339 68
4886 75
50872 75
86332 69
8983 73
3996 73
526|12
593 87
55247 83
46578 81
176415 70
1295 73
90430 79
4014 82
2352 82
176413 70
215 83
81845 83
51255 81
527|20
2137 78
3114 82
3210 78
3016 78
2161 81
4571 80
2118 84
3421 81
455 67
2867 82
2450 58
1909 78
1214 82
4299 77
736 76
2477 72
588 81
4016 80
1259 84
2533 76
528|15
4886 73
2278 65
80906 70
4037 67
1240 72
64614 77
3821 40
150 71
1291 77
80463 73
593 80
99813 70
85342 67
48516 80
58559 82
529|5
653 59
135 59
65 54
62 68
733 68
530|6
292 74
500 72
300 75
586 69
593 87
11 77
531|5
593 85
590 79
919 78
480 78
1215 85
532|10
1721 79
4863 79
457 86
290 85
1245 90
1242 87
2023 80
2329 90
1304 84
517 75
533|8
1200 85
6502 89
79132 88
46578 85
93840 84
4973 90
2455 80
66934 86
534|20
116724 70
97913 78
94953 77
2003 75
2167 76
7569 78
153 71
1485 74
65514 80
104218 74
344 71
2571 84
5445 79
95875 74
112818 72
82461 75
96610 78
2987 77
138036 77
1566 79
535|6
2571 72
2581 48
2700 65
2688 48
2583 70
2882 47
536|8
232 75
272 76
356 80
335 70
225 66
150 73
434 62
589 75
537|10
80906 82
367 73
7153 84
53322 76
104218 73
97304 81
6539 80
318 87
89745 80
105504 80
538|8
595 85
3671 86
80549 86
4039 78
69757 84
5047 86
44889 70
66934 88
539|8
4306 79
6753 72
5218 75
50872 78
88 67
3301 71
4886 77
69122 76
540|9
2598 70
2959 91
1073 82
8874 86
1681 69
2183 82
2841 79
2747 71
1196 88
541|18
590 75
457 79
413 58
15 60
110 80
595 72
597 69
480 75
356 81
203 67
529 75
357 70
22 65
345 75
546 46
586 60
281 75
350 67
542|20
6539 77
30793 60
5299 65
2542 77
34319 65
33679 63
4963 76
5481 58
1997 75
4025 58
3623 51
924 77
4369 65
6378 75
2571 80
7254 69
41566 69
37733 70
7361 82
45517 65
543|16
73881 82
1702 77
595 84
3301 83
231 77
2378 81
2379 77
86882 83
6377 86
588 85
377 87
48385 81
2571 90
4526 79
4388 76
92259 92
544|22
1 70
3 70
14 70
32 70
40 70
62 70
68 70
95 70
116 70
619 70
626 70
648 70
650 70
694 70
736 70
780 70
839 70
1042 70
1047 70
1059 70
1105 70
1356 70
545|5
1438 60
1267 80
2763 73
1367 64
44 59
546|13
1270 78
3328 78
480 73
1970 66
2456 64
1976 63
589 74
2657 69
1673 78
3941 70
3959 69
3566 65
1977 65
547|5
1211 76
2859 76
2917 80
1394 81
1288 84
548|26
69 70
260 70
356 70
733 70
1196 70
1393 70
1477 70
1621 70
2571 70
2716 70
3263 70
3578 70
3916 70
4776 70
4899 70
5955 70
6874 70
7458 70
8531 70
49910 70
58559 70
74532 70
80862 70
122904 70
125916 70
168712 70
549|5
2571 75
2028 75
4226 76
1210 74
589 71
550|6
167296 70
102125 79
106782 86
116797 83
112852 85
122882 83
551|20
5010 72
34162 72
60069 76
1544 66
45186 71
103772 71
51935 75
4226 78
2353 70
7153 77
5989 76
135569 71
115149 74
88129 71
134130 76
6934 69
47 74
4701 71
2959 81
98809 72
552|20
2916 68
3317 72
1405 43
2953 43
2245 58
2944 75
2890 68
2125 69
508 71
3948 60
5349 63
2959 84
2857 62
173 32
2991 61
2871 73
2628 46
4308 58
4878 79
3101 40
553|17
55765 88
3481 86
1923 87
2571 93
4011 91
50 94
3949 88
1089 93
44199 88
5513 70
2231 90
2395 86
3052 85
61257 70
1221 94
33166 88
2959 96
554|18
1196 85
1022 74
2820 70
1207 83
1517 75
1282 78
1210 83
1760 37
2282 73
1225 84
907 70
1358 77
2096 76
1028 81
593 85
608 85
953 82
2324 85
555|20
790 70
3664 70
1 81
3111 75
3395 70
104 72
1334 69
2506 68
2072 70
4002 79
1266 84
2641 66
2256 75
2791 82
2701 49
1333 78
1320 70
337 81
1393 77
3526 78
556|7
162600 78
122890 79
3081 78
88125 83
588 82
72998 81
74789 74
557|6
648 73
231 65
1291 79
260 79
1210 79
150 76
558|12
5329 73
5064 79
4903 76
2297 77
2568 75
4993 83
4306 81
367 74
5283 74
1097 78
4164 74
5294 79
559|20
552 61
608 82
355 52
329 64
544 62
1527 74
173 51
377 72
745 80
174 54
529 75
350 68
349 70
533 62
836 50
1210 80
420 58
786 60
227 53
253 73
560|20
5839 70
91535 63
136018 62
67997 67
79132 75
3253 67
142558 70
2355 66
39435 61
1527 68
40414 71
64614 75
48744 68
56587 70
593 78
76251 68
84944 69
109313 70
5878 74
40819 73
561|20
168174 70
5308 57
78469 58
3703 74
60069 75
91535 58
2105 65
73017 69
5445 69
2000 72
83134 72
79132 74
79592 64
80463 73
89745 75
527 80
8972 64
353 71
33162 66
68157 76
562|20
27140 70
6870 82
6377 82
2580 84
1249 86
4776 81
36529 83
1259 85
1982 80
2268 84
2133 81
83134 81
3210 81
48394 80
30707 85
33836 71
2692 85
88163 86
99191 70
1240 82
563|20
61071 70
70932 70
80858 70
919 73
74450 65
588 72
5943 57
118997 57
86833 72
1197 81
128832 70
85397 68
45221 59
33499 57
7380 68
96821 73
81784 63
95307 59
65585 67
55250 60
564|20
50942 70
356 79
31685 68
131013 70
61024 72
79224 67
87869 72
500 69
108156 69
81784 68
93270 60
6188 71
106918 77
65230 70
67087 70
80693 68
94677 70
8984 71
73266 69
2671 71
565|6
590 73
231 59
19 55
21 66
50 79
539 69
566|15
648 69
10 71
231 60
329 63
342 66
141 68
203 67
345 75
39 65
497 78
265 71
588 74
708 69
353 75
2 68
567|20
8189 70
26743 70
92681 70
109897 70
152071 70
5690 56
136602 41
122888 70
6333 55
1274 60
122922 45
153070 70
151687 70
117877 70
108928 35
954 61
122924 32
27773 59
648 43
135887 33
568|23
50 70
147 70
296 70
356 70
480 70
593 70
765 70
1103 70
1104 70
1257 70
1298 70
1895 70
2313 70
2359 70
2863 70
3053 70
3148 70
3261 70
3363 70
8169 70
46723 70
63853 70
65088 70
569|5
231 67
50 83
380 73
588 77
592 72
570|20
208 53
8636 70
48516 78
1225 77
586 56
2683 61
457 74
1196 78
110 76
4993 76
7361 78
1198 79
1079 76
10 67
3793 68
1391 57
589 72
380 62
527 78
185 54
571|20
1331 70
2982 70
2366 63
1128 52
610 59
2902 41
1998 38
3696 50
1980 70
1987 70
70 58
1924 50
2279 40
1327 37
3732 51
1972 34
1278 74
1644 32
2327 65
1978 43
572|20
1961 82
2570 71
2788 86
2321 75
111 87
904 91
2987 81
2302 73
1834 85
2539 65
2917 84
1307 84
1 83
161 78
3421 81
838 78
1356 84
2006 68
3167 78
1953 84
573|20
89745 86
72998 82
3752 81
356 90
7293 82
6754 82
8665 85
32587 84
1073 85
88744 85
1127 84
68954 88
98809 84
2640 84
48516 92
71535 86
59369 82
60069 88
88140 83
1562 68
574|23
47 70
110 70
150 70
153 70
161 70
185 70
225 70
231 70
292 70
296 70
300 70
316 70
318 70
329 70
339 70
344 70
380 70
410 70
434 70
588 70
592 70
593 70
595 70
575|8
2566 63
2580 75
296 81
2581 61
2572 71
2542 76
2574 49
2598 57
576|5
849 52
1321 57
1373 51
1479 56
2289 65
577|20
2415 70
1183 71
1288 80
1129 70
2944 76
2194 76
733 70
1213 81
2076 76
2020 77
1262 81
1931 76
1391 59
2987 73
952 76
1909 67
260 81
919 73
2248 73
1270 80
578|6
6751 70
52668 80
45668 74
830 77
72407 62
75446 70
579|15
3174 79
2485 73
1022 76
2018 78
838 81
1917 75
1391 73
596 79
1573 78
2965 70
1653 84
2599 78
892 81
2687 79
595 80
580|20
5767 70
6583 70
480 74
8844 70
6989 71
3809 70
41569 67
3699 69
4041 69
33166 74
356 80
508 73
8376 70
3578 79
608 81
3785 61
3089 79
1320 65
54286 73
1201 82
581|8
7153 88
5995 87
4973 88
116797 83
3949 83
4306 84
109487 84
6377 84
582|12
91529 84
2959 89
116797 81
4993 85
5618 85
2571 86
76251 78
69844 83
104841 78
48516 88
97752 79
76093 84
583|12
8533 68
88405 57
2706 67
117590 71
317 59
60756 67
6942 74
595 69
46578 74
104 64
2694 60
7451 72
584|17
288 82
22 83
203 84
315 79
500 82
316 81
539 87
234 77
296 91
257 85
434 82
586 79
338 81
349 83
282 83
480 87
590 85
585|13
3173 79
1228 88
54503 86
2959 93
428 82
1405 75
7254 82
441 85
1805 77
296 89
27373 70
5325 82
79132 88
586|20
34332 84
4016 88
111659 83
106002 86
149406 86
167036 87
45499 87
136556 70
5445 89
117851 85
1291 92
71264 89
106489 86
135436 83
3753 89
2640 89
3147 94
122916 90
3793 88
101362 81
587|20
1234 81
628 78
2012 73
534 77
2002 70
1641 77
236 76
1376 77
2622 74
1541 70
3260 81
497 82
3082 77
445 72
3448 76
2574 62
765 71
691 75
329 72
3406 75
588|12
50 78
16 71
20 48
356 77
350 60
198 60
593 78
364 75
163 63
253 68
223 73
3 56
589|8
1092 74
318 92
590 82
373 78
586 72
587 79
527 88
337 83
590|20
924 75
8807 67
2371 56
38061 78
81834 76
40815 73
4890 56
903 75
5 48
3624 59
555 74
4047 72
51662 71
2085 65
419 44
595 69
329 57
2376 61
3635 61
2398 78
591|11
2908 75
2706 70
2712 70
2355 66
3615 61
3578 79
2394 71
3798 65
356 80
223 76
2724 55
592|19
514 80
2 75
153 65
415 63
110 85
177 67
420 67
380 74
44 60
788 65
588 79
163 77
204 62
610 77
39 72
419 63
253 78
432 63
240 67
593|20
1196 75
1073 69
1086 70
1617 72
4034 72
41566 59
1197 77
344 52
8368 73
339 58
2959 78
8961 70
5816 65
2797 65
4896 64
588 64
595 64
5952 72
377 60
141 59
594|20
7031 70
2671 79
7115 78
1616 77
5943 72
1188 80
2269 78
1733 78
4902 78
6996 68
780 82
1429 79
6140 78
7046 77
39 79
595 81
799 81
2028 85
8482 70
7169 79
595|5
265 82
50 90
1186 84
1199 89
1966 78
596|20
33649 70
43744 70
182793 70
129397 62
128908 70
1 77
142488 81
122922 74
4310 62
71838 64
4025 62
2501 75
110102 77
149406 69
2774 70
5502 68
8665 75
6537 66
2571 81
345 76
597|20
1799 80
490 66
3040 78
2529 86
2858 90
903 88
3039 80
2000 85
1291 90
357 79
1228 89
1845 90
2411 60
1580 79
1148 88
1198 92
2723 75
485 67
592 79
2692 90
598|5
56367 78
8360 75
593 84
114265 70
103543 68
599|496
26142 70
26567 70
26590 70
26676 70
26854 70
27595 70
34800 70
53450 70
60803 70
69131 70
74696 70
79895 70
84523 70
87960 70
92674 70
98799 70
102735 70
102852 70
104017 70
105020 70
122433 70
157865 70
158874 70
160978 70
161044 70
174727 70
179053 70
1801 57
6035 52
3387 42
33437 57
112 51
5995 66
167706 70
4394 70
836 37
7235 47
8809 52
102749 70
89087 39
42011 40
432 39
471 57
5628 50
1015 46
2 50
2269 46
69 59
3947 41
79091 53
104837 70
4037 56
7587 53
6881 55
1449 61
7225 54
81229 52
68952 64
4728 48
5081 50
33966 70
1779 41
3669 70
87197 70
170297 70
79057 48
95965 70
55207 70
4007 52
1220 63
80831 58
46723 54
71282 60
7757 58
3259 50
92309 51
1376 52
7192 41
4654 44
101423 70
53468 43
62662 70
3174 53
3698 53
2882 43
2359 61
1183 58
2792 53
1095 60
8387 26
53125 48
115713 63
2949 59
2471 40
3 48
1231 62
3861 45
240 42
1480 51
2301 56
1445 37
8045 70
586 46
2942 40
1185 56
4594 70
2474 54
3671 62
3196 51
64839 63
98697 70
2606 41
1777 54
5309 43
7022 64
4873 61
541 70
27311 53
43921 55
67734 53
4240 70
5026 60
168 41
33493 55
4125 46
7354 46
207 55
1094 52
742 48
1609 46
1042 45
3362 62
4553 53
4632 50
2278 56
468 52
122904 60
75416 70
42718 50
4285 45
79274 51
1794 70
45081 48
108192 70
3489 53
3503 60
89804 50
163809 70
577 46
3071 53
1204 72
3981 38
95771 70
45382 50
6548 43
59387 59
166528 60
168492 66
6691 70
605 44
424 32
2991 55
248 44
97950 70
3865 51
1216 51
342 50
35836 58
27772 41
176419 46
151781 70
277 48
6320 43
39381 55
5111 70
4090 53
2450 30
2676 52
2356 39
79702 63
1597 47
410 48
1721 54
3702 54
183301 70
1387 67
2072 48
26729 58
2393 49
4247 38
4591 43
1032 54
3087 49
1895 52
634 34
210 47
2074 51
51575 44
3505 60
5247 47
481 47
4215 36
1355 41
2657 56
2028 70
4011 66
420 41
552 46
1196 69
2395 56
5303 50
1752 41
3186 57
4310 43
1784 58
3200 71
7254 53
688 42
473 38
1079 67
1552 42
1148 62
1544 41
63113 51
2325 53
26649 52
6804 70
161 53
4109 48
34332 44
1653 66
4808 45
7707 70
3468 64
502 34
1221 72
1792 46
68319 47
6787 66
2119 38
3884 42
4254 33
3973 31
103609 70
8934 70
5377 60
42632 58
55290 56
4506 51
7840 56
5568 43
1689 46
7005 70
103228 59
59947 70
786 45
4351 47
172253 70
4679 47
1411 64
117630 70
1590 47
112623 58
3146 39
8984 49
1920 43
519 33
179817 61
3979 41
3741 58
44020 44
26630 70
7285 62
3030 64
1021 38
8638 61
87 46
7153 70
2877 48
2018 54
3173 48
5198 70
7101 47
7701 33
3213 63
26159 52
2339 70
33896 56
2000 61
4006 54
136562 55
37382 43
6645 57
171763 64
8528 56
27008 70
4017 56
4167 45
86142 54
1249 68
3255 55
736 45
2779 53
84414 52
27773 63
2083 62
98499 41
4034 67
119828 70
1993 40
94864 50
6631 42
2321 50
26242 48
3703 64
41566 54
2529 62
1968 61
8914 62
3257 45
159403 70
1036 63
76093 65
5103 53
6947 56
1952 67
2124 51
4084 46
6016 64
778 71
81 48
2171 55
1253 62
4275 47
7982 51
3723 54
849 44
2681 45
6565 57
39414 48
122916 59
6440 61
8917 55
72011 57
1605 43
1240 62
923 66
68157 65
5961 70
5053 70
3571 50
2403 57
3871 62
44238 70
72226 59
7004 41
2054 44
62970 51
5159 46
354 56
122924 46
48774 64
1394 64
3763 50
70286 62
1904 45
3969 57
81562 53
102590 70
233 54
4155 45
1031 52
76 50
459 40
1097 60
1178 67
60291 52
3328 63
1232 54
3036 48
5283 47
4327 54
610 54
2726 59
4732 34
5970 47
2396 58
594 62
1247 66
45499 50
3476 54
2399 40
137218 70
1997 60
3271 59
27801 56
6365 52
1799 55
580 47
122900 54
2803 49
80219 48
466 41
110882 53
3997 32
26176 70
2378 50
117895 36
26662 66
90603 48
119218 70
44 36
809 36
1960 55
4519 49
1959 55
414 38
1073 64
61236 51
1479 49
4019 61
1245 67
37857 58
161032 70
371 54
3020 56
88593 70
6774 62
2005 59
90405 45
26285 70
6793 30
627 53
1617 67
6734 40
108090 70
2427 49
51024 50
122922 55
3440 33
6874 68
4919 52
338 47
81591 60
1704 66
1499 30
357 53
62155 48
144 46
34148 52
53519 44
4504 70
2796 44
216 55
6827 41
1429 50
7445 49
1385 38
90471 50
8425 70
10 56
26542 50
7387 60
72998 55
89470 57
3629 63
1297 62
3424 63
1672 54
44761 62
196 39
70703 70
2383 41
180 57
4040 39
6333 61
4440 48
5291 60
88235 52
1639 58
4580 42
153236 70
86190 57
4477 38
103027 70
32291 51
34811 70
5171 43
122260 70
8784 59
5954 61
8798 60
707 44
880 44
314 55
61323 55
600|20
3269 53
1394 71
3785 53
2717 55
5569 62
4306 69
1206 74
56775 57
2015 60
7 55
2013 54
262 69
1210 76
1060 68
2431 60
2077 61
2423 63
4641 65
527 76
5076 60
601|20
141846 70
68157 88
1262 90
106782 90
60069 88
49272 88
5445 84
1193 91
1207 89
79132 89
904 93
166024 81
1917 76
7153 91
2324 91
170697 81
31658 89
5989 87
88810 88
2571 90
602|20
161 66
19 53
350 64
494 66
14 66
471 68
125 67
434 60
235 66
481 61
315 54
371 65
474 68
527 79
21 64
349 65
440 66
339 65
480 71
163 66
603|20
602 70
803 70
2008 70
2577 70
3459 70
4787 68
2912 78
1769 59
485 62
4420 70
920 75
1 77
2706 72
1844 72
3787 70
1222 81
190 63
2716 76
3983 79
101 77
604|20
220 70
292 73
151 74
329 70
410 70
426 72
435 60
316 70
22 72
235 73
181 61
332 69
273 66
637 68
285 70
173 62
588 77
23 69
553 78
1 79
605|20
35347 70
6787 76
1197 80
5667 70
42738 61
51662 70
7373 66
596 67
780 68
4571 70
2316 69
7454 57
150 72
60040 62
8977 55
3269 58
72982 70
1210 78
62376 62
60937 53
606|20
263 70
563 70
583 70
3808 70
4671 70
4840 70
5856 70
6111 70
6573 70
8685 70
32728 70
55805 70
3147 83
4392 73
2311 75
6308 56
50842 74
6591 80
8270 74
2025 78
607|20
891 67
1610 76
448 75
3147 82
1094 74
1307 78
592 73
204 64
1552 70
527 80
3476 74
296 81
2313 74
3440 61
423 70
1518 74
2118 80
2193 76
380 74
2028 81
608|20
52245 56
2997 73
3793 68
2763 67
174 49
2000 70
1214 73
919 69
2700 69
4161 61
5146 60
1639 68
541 76
473 48
2529 71
522 69
4343 56
1909 64
2431 62
1220 70
609|8
296 80
833 55
356 79
339 68
454 70
318 84
208 61
292 66
610|20
5953 70
58975 70
70206 70
78626 70
82765 70
97988 70
107447 70
107462 70
110591 70
110746 70
118082 70
139655 70
160341 70
86644 69
56801 57
61024 81
77561 78
4816 77
62434 81
3972 86
