1|20
260  85
1927  90
804  90
3  90
1009  76
2406  86
1587  80
3671  83
2617  86
3053  89
2571  91
1222  92
2137  89
1377  91
2395  83
2761  89
2641  82
2872  84
1258  89
2700  88
2|6
333  78
122882  77
71535  76
46970  74
58559  75
80489  73
3|8
5764  40
647  19
6835  40
5919  52
2851  32
2288  43
5048  30
4518  37
4|20
106  71
1291  71
3408  74
265  66
52  72
4347  77
2467  80
908  69
345  70
1304  66
1923  72
2959  73
368  69
1219  70
4765  62
1199  73
4166  77
1732  68
21  72
2858  74
5|9
515  78
1  77
364  74
608  81
290  74
261  79
34  76
318  81
21  75
6|20
349  70
318  66
775  70
141  64
348  67
104  66
327  67
410  61
165  64
87  62
366  73
17  68
1084  63
222  67
16  66
416  69
277  64
460  69
867  64
316  63
7|20
8528  64
3623  55
8636  63
8360  68
1517  65
466  59
8373  60
1220  63
7155  68
8808  57
6863  68
31878  62
1610  61
1219  61
4700  68
45668  58
8970  65
27741  76
6333  67
8865  70
8|10
356  72
47  75
231  67
318  75
454  70
292  71
32  77
141  72
380  68
252  70
9|10
5451  74
923  67
5890  65
2901  75
922  71
6044  65
1987  65
5378  63
3735  68
5447  65
10|20
597  63
33679  63
8533  58
8969  61
72720  70
88810  68
136020  63
6377  59
5943  63
109374  62
113394  64
61250  68
82167  61
140110  62
5377  60
77841  64
6942  62
1028  64
72330  64
66203  65
11|13
733  77
1584  79
1210  86
170  78
1438  78
648  81
1918  68
493  74
10  84
457  81
1693  75
150  82
1923  79
12|7
2717  87
2100  89
838  85
2072  86
1876  90
2581  88
6942  88
13|7
3717  77
3624  75
3798  76
2174  75
47  75
3893  76
305  78
14|10
344  67
477  71
110  74
540  74
597  74
153  75
592  75
4  66
539  74
105  71
15|20
91529  66
7438  68
111759  65
2329  74
1  70
1909  70
1240  68
115713  66
1200  70
293  63
2571  67
3949  67
120466  71
1198  66
2028  71
2011  74
158  66
160980  71
4306  69
4022  78
16|20
1230  75
78499  71
913  73
1136  77
1299  76
1617  79
1203  67
3429  71
2858  78
608  75
3683  75
4002  71
1199  79
912  75
2707  74
5782  74
1260  69
319  70
27773  75
2109  73
17|20
260  86
64839  79
296  84
5952  82
527  85
1193  84
3681  84
1240  85
2717  85
2858  83
1093  80
81932  81
5618  83
50  84
5971  80
2959  80
1201  84
541  82
82459  79
1  83
18|20
8117  75
65596  75
88094  75
145283  75
157110  75
166015  75
171023  75
103253  74
60684  76
44199  78
2  76
86628  78
59784  76
2918  78
109374  76
4226  78
53129  73
139385  76
47  76
1291  78
19|20
3692  52
3662  50
54  49
2733  51
1702  45
1240  41
1270  42
3712  50
1881  56
216  43
3  41
1834  48
2184  51
3017  48
2044  50
2354  47
2005  42
3146  39
3387  55
2694  48
20|20
1566  69
5419  68
4014  59
2140  66
586  70
661  62
3189  64
5014  74
1333  66
4161  67
3784  67
1030  58
5313  72
2804  59
2054  61
34  71
1097  66
6358  72
4519  64
1722  69
21|20
107013  65
117922  65
140301  65
57640  54
2985  56
2990  56
2717  64
5418  54
31433  68
112175  59
7153  54
30793  58
4446  54
52973  63
45186  54
2023  58
79185  58
1721  60
102125  56
5459  63
22|20
8961  55
2723  48
60950  56
64575  52
1193  55
70286  56
4993  56
2160  51
39183  54
7147  54
3996  45
3481  43
55765  58
48780  48
7361  47
51540  56
6711  54
2968  52
3949  40
48394  59
23|20
6234  72
3996  69
293  71
1206  73
1136  73
1960  69
7587  74
3424  74
3181  70
2467  71
1248  69
1617  75
6807  73
1952  71
6440  72
1258  71
1243  71
1080  73
8228  70
1711  67
24|20
1784  67
2617  70
111759  68
134853  64
58998  71
1265  73
1198  72
3147  75
1197  72
1220  71
2424  68
5418  71
72011  69
54286  69
27773  71
64957  69
356  74
44191  74
1682  70
68358  70
25|6
58559  96
60069  96
74458  96
79132  95
527  96
260  96
26|21
10  72
34  71
47  78
150  77
153  59
165  72
185  60
208  58
225  70
288  66
296  84
300  72
344  61
349  72
356  83
380  70
434  60
454  71
457  80
592  69
593  84
27|20
1196  72
2478  71
2640  73
3508  62
3555  63
1201  73
3519  76
969  69
2080  79
673  70
2886  78
2529  82
1387  74
1101  74
1947  66
1250  67
1276  74
3114  74
1083  67
3809  68
28|20
27450  61
60943  61
61011  61
63033  61
5617  55
59369  62
60046  61
507  56
3300  55
55094  62
59018  61
26695  61
2951  62
3006  56
2231  59
5418  59
26812  54
2058  56
353  58
61167  61
29|17
98961  81
7379  82
1250  86
1201  85
111362  80
48516  83
1100  80
26554  82
3441  85
4327  86
2872  87
2301  78
1617  87
3681  84
55820  83
4223  82
99114  81
30|7
5952  95
108932  95
1200  95
91529  97
116823  95
112852  98
1198  95
31|10
1198  80
1200  77
648  79
1363  76
1073  80
1036  76
1197  77
377  82
1246  76
1270  74
32|20
236  74
314  71
1356  76
357  77
224  69
627  72
1079  74
1084  78
318  76
761  77
1197  81
849  79
912  75
880  79
1198  76
58  75
203  78
608  77
497  75
410  71
33|20
110  74
17  75
2396  74
2272  79
448  70
428  67
265  72
1280  66
1177  71
1617  76
50  79
261  71
11  71
452  76
345  71
608  70
150  72
1188  70
800  70
2690  75
34|18
780  79
2273  78
3717  76
26606  72
45499  77
3996  78
4310  68
3624  73
31685  79
1721  75
5146  69
7090  75
70  81
2006  75
3000  76
4306  75
27728  68
3997  62
35|5
11  81
185  81
595  81
21  81
300  81
36|12
5171  49
3066  48
552  50
4025  50
1262  54
2735  49
2359  52
1372  49
1278  54
2194  52
3347  49
1704  51
37|5
344  86
356  86
661  86
329  86
457  86
38|16
434  62
39  61
223  70
161  74
246  62
168  67
273  63
480  66
356  71
457  76
364  70
50  62
500  67
300  69
551  61
21  69
39|20
2571  87
2391  77
1921  81
1862  78
1219  83
1907  84
2081  72
2459  81
924  85
2529  87
1729  83
47  88
260  82
2080  76
592  78
296  87
3213  79
610  76
589  81
596  74
40|20
440  77
454  78
588  84
339  74
158  74
432  74
431  81
186  84
616  82
514  84
21  84
592  80
1  82
223  84
585  77
216  82
104  83
371  78
111  85
267  77
41|20
96829  62
64839  62
122882  67
6287  71
1569  62
106920  59
86781  68
3160  57
1721  68
2028  62
6763  66
5418  70
53519  69
122904  65
55247  66
924  66
4011  67
2324  72
35836  61
5995  62
42|20
3869  68
4654  70
1021  67
2423  71
3248  75
4477  74
2500  76
1431  66
195  75
3326  80
2407  68
1090  55
2735  63
3693  71
1020  66
4545  64
4132  71
2263  74
3535  76
2805  69
43|20
225  94
296  92
596  91
588  97
587  95
420  93
158  95
631  91
5  93
597  95
168  96
355  92
47  97
367  93
519  93
594  93
236  94
1  93
60  95
259  92
44|10
36  65
663  67
12  61
661  66
94  68
1  71
104  73
112  67
494  64
889  65
45|20
2718  70
1036  66
2028  63
1653  65
1682  69
2396  60
3249  72
261  61
4308  68
329  71
1367  68
2890  65
593  67
1127  67
2431  72
6377  63
569  78
1197  69
1060  62
2858  67
46|9
590  84
588  84
315  82
208  82
1  86
432  83
225  86
434  85
339  83
47|20
508  70
68932  62
72395  54
2420  69
597  69
148626  63
5989  68
96588  66
69122  69
6155  71
4975  68
30749  65
106100  64
45950  60
2028  65
4018  64
1259  67
6373  67
33166  71
2407  68
48|7
4886  84
1320  85
1527  85
1193  85
3793  84
48  86
1653  85
49|5
2028  85
1214  85
139385  85
318  85
527  85
50|20
8143  55
114335  55
136564  55
142074  55
171759  55
175693  55
179073  55
175707  55
71264  59
82848  55
1377  51
44555  61
8157  58
6807  51
95543  54
8253  60
96610  52
924  52
32875  55
4896  60
51|20
7040  76
5620  78
2613  72
4437  76
2023  76
1500  67
522  74
858  72
4508  74
2951  73
1014  78
1407  73
2282  76
2420  74
3388  78
260  72
3186  72
3994  63
3501  74
2371  78
52|20
152081  84
51255  91
74458  85
1923  89
7438  87
40583  85
59784  85
55765  88
112852  90
86892  94
55363  93
112138  90
49272  88
52245  85
69481  84
50794  89
1704  84
54736  92
44665  88
47200  84
53|5
481  100
1100  100
249  100
1125  100
916  100
54|7
296  60
593  61
639  60
1  61
205  60
161  61
500  60
55|5
2407  58
673  59
3275  58
2890  58
4011  58
56|10
786  75
253  80
165  79
110  80
589  81
370  79
434  79
410  78
69  79
185  80
57|20
2140  65
942  63
920  61
3175  60
1784  60
3429  62
933  58
1193  60
3446  73
160  63
1499  63
2640  62
892  72
11  53
2947  58
6  67
2478  66
2291  57
1688  65
2301  55
58|20
588  80
282  81
185  77
419  80
367  74
277  75
48  77
280  79
337  83
345  81
3  80
357  82
527  88
587  85
218  69
500  80
508  81
368  80
364  85
353  80
59|20
1696  90
6460  85
3489  91
1188  93
1222  93
2076  90
3448  86
1263  89
1247  88
527  86
1244  91
904  93
903  93
965  90
2616  81
1953  92
608  93
105  88
912  93
3471  93
60|5
832  75
58559  75
805  75
455  75
858  75
61|8
266  85
1101  86
7438  84
173  86
555  86
2012  85
4878  87
3949  86
62|20
99114  82
176371  78
3793  80
56757  80
73017  80
30793  80
179819  75
68554  77
185135  86
168248  84
5903  82
4878  81
2028  80
5502  80
6058  79
344  79
1721  87
45499  78
41566  79
78105  72
63|20
5669  85
4246  87
48780  89
500  79
6016  78
31658  80
2858  85
64285  74
85414  82
1221  79
106696  78
4963  79
50  88
1097  89
260  82
110  82
1222  84
4979  82
5952  85
77561  78
64|20
5878  74
3101  78
2640  78
2959  80
8784  76
2054  80
4239  82
4025  76
5026  76
40819  79
266  78
2699  81
27266  70
3969  72
1805  74
6296  78
4776  76
3148  76
4262  79
356  82
65|7
1246  81
33660  80
7458  80
2329  81
4993  81
91542  82
3147  81
66|20
593  69
47  74
5418  73
922  74
2139  72
2956  84
3745  72
1956  75
4581  80
5349  73
1210  73
1094  69
2001  71
380  78
6539  70
671  79
1  76
6378  66
7766  84
296  71
67|8
99114  82
4306  78
27193  81
79132  79
60069  80
2012  77
4886  78
4993  79
68|20
47978  64
95218  64
6534  70
48696  70
67267  58
30825  66
1799  68
3556  68
8622  69
4351  68
63113  70
58295  72
7151  62
2413  66
6287  70
653  69
41566  68
5541  71
260  68
48043  67
69|10
4370  90
4848  87
3671  92
2476  89
1193  89
356  91
553  84
4022  88
260  90
3994  87
70|13
1193  90
1097  89
1914  84
1269  89
4995  85
318  87
8949  87
1968  85
1210  83
89492  84
1250  90
1235  89
2366  86
71|7
494  75
647  68
736  74
95  76
733  70
589  67
7  69
72|9
1047  83
150  84
858  85
2490  83
1357  83
260  83
50  85
1198  82
1196  84
73|20
1193  59
45720  73
105037  72
6333  59
59315  71
76293  78
138204  76
2706  55
152081  62
45221  75
68135  76
150  62
8376  59
93510  62
59784  62
116823  63
106072  64
1682  62
52245  65
35836  65
74|20
31522  86
2594  81
2908  81
30749  83
6870  83
3006  80
52281  85
49772  84
55118  84
2997  81
6305  82
608  86
4546  80
41863  81
27773  84
6001  84
1251  84
6552  82
46976  88
44555  79
75|14
5445  69
1240  70
5952  73
2193  70
6870  70
2529  72
168  70
541  70
3176  78
1962  78
2078  68
1889  64
1266  74
1374  76
76|20
48877  59
5956  70
2918  60
58803  54
1247  62
74458  56
7669  56
79132  69
8957  70
858  71
55820  72
1258  67
63436  66
1201  69
1208  66
48  60
288  60
34405  58
1  58
1196  69
77|6
3996  80
4973  82
7361  80
8636  82
3578  81
33794  80
78|13
296  71
165  69
3809  66
589  72
546  65
27904  67
260  71
590  74
480  74
68791  61
344  68
44974  62
380  69
79|13
3266  88
3029  84
589  89
1916  88
307  88
4005  85
260  91
1189  84
1345  87
2000  87
1374  85
2659  86
2076  85
80|20
7445  81
96691  85
84189  85
91630  82
49530  81
8950  82
6539  79
4223  82
5630  80
3527  80
76251  81
80363  84
52604  80
6502  81
34048  84
1221  83
60684  82
6952  82
5989  81
77561  84
81|26
10  72
32  80
47  78
110  80
150  77
153  59
161  73
165  72
208  58
231  63
288  66
296  84
316  67
318  89
329  67
344  61
356  83
364  80
367  64
377  71
380  70
457  80
480  74
588  75
589  80
592  69
82|20
6886  67
2381  70
2378  65
6566  59
368  65
6536  66
3253  65
4310  68
1608  69
1372  71
145  69
356  66
6708  67
1485  68
4369  68
6564  61
6888  65
5803  66
4015  62
364  67
83|20
56367  60
7143  62
7323  63
6539  60
161  55
586  63
2115  70
1270  69
6874  66
2324  63
1537  64
7153  66
68954  60
48774  60
30749  65
8014  65
1222  71
3753  59
1223  65
64983  67
84|20
55  73
987  73
912  73
1096  73
420  76
1227  71
113  74
580  77
5060  66
1293  70
900  68
1097  69
62  63
368  73
1305  77
1247  65
1296  70
11  70
1073  69
1094  67
85|7
1519  75
1624  82
1140  75
1694  73
1643  67
1747  79
1635  81
86|14
4993  77
4310  81
6947  80
2411  77
457  79
5418  79
3996  83
4901  78
1835  81
33794  81
1196  79
3555  76
1097  82
2687  82
87|5
4023  81
2009  80
3504  86
671  82
2139  80
88|12
7312  80
74795  83
4993  88
68157  85
5952  83
1193  83
223  82
8665  86
4262  87
56782  85
8677  86
58559  80
89|104
26645  69
32060  69
44851  69
53280  69
53578  69
67888  69
69211  69
81087  69
84246  69
103602  69
108078  69
109596  69
118894  69
121007  69
128089  69
128944  69
131098  69
131439  69
134847  69
140481  69
146684  69
148632  69
150554  69
164226  69
30793  63
169912  52
87869  66
1923  68
4015  60
950  62
173253  69
2324  62
27826  69
92259  63
11  71
3977  58
86298  58
8154  48
77688  69
2997  67
170837  69
49274  62
157775  69
1  76
142196  69
99117  54
62008  69
72624  69
108156  54
3752  65
2059  64
128520  56
3175  68
133879  69
48649  69
126088  69
5529  50
65588  69
99130  69
40962  50
1732  66
68659  64
91666  69
2683  74
3751  62
750  58
6650  42
149508  69
2395  69
51575  54
65230  59
171751  69
85881  61
139157  69
6863  61
4246  64
108949  46
1230  59
160567  69
73319  56
177185  69
130520  56
5220  59
121338  69
153386  69
50872  64
149566  69
145491  69
4890  58
129354  60
32243  69
84944  67
6402  69
1288  66
140133  69
119141  56
947  53
176621  69
4973  70
158398  69
69469  69
54503  62
141928  69
102481  60
90|11
1137  83
1144  83
581  85
81  86
892  88
1073  89
116  84
896  88
17  88
7  83
613  83
91|20
3013  68
6395  68
8147  68
7153  64
3360  66
2791  60
3897  64
1080  62
4850  76
3429  62
7000  60
2060  66
2916  65
1391  62
2100  68
318  60
2146  64
1225  64
1246  57
8501  69
92|5
2572  81
2114  81
1015  80
2454  81
1801  81
93|20
736  83
1917  83
552  83
1721  85
539  83
480  88
1372  82
368  82
2355  86
1923  88
2193  83
2006  85
339  85
1097  88
1591  83
260  91
2968  83
1676  86
593  89
558  81
94|12
231  64
377  64
367  67
364  66
288  59
19  68
10  63
586  66
590  67
380  63
589  69
318  64
95|20
18  81
4878  82
6979  81
4732  78
3019  80
5246  87
32  83
2952  80
1247  85
1198  79
5283  77
3361  85
1513  82
2009  77
539  80
122  80
1584  81
1240  77
4262  81
5349  82
96|16
527  71
1094  71
272  71
3819  78
150  78
2021  83
2571  77
1214  79
2058  71
1220  77
733  75
2340  71
1721  79
2396  71
367  74
1291  75
97|8
4701  81
4306  80
3578  82
4993  81
4963  82
4299  81
3981  81
4161  81
98|19
81845  83
8961  74
122912  78
5299  85
63992  79
187541  83
56152  77
134853  75
69644  78
6863  82
5618  78
56801  84
3499  77
134130  83
74789  79
82461  79
1258  81
88810  83
79132  78
99|11
318  88
161  79
420  76
592  83
196  75
122  83
145  75
150  84
316  88
236  76
588  82
100|20
497  76
296  77
1393  81
95  80
592  84
605  71
6059  80
28  76
2245  84
62  76
4308  81
1777  82
838  80
2125  80
1288  80
234  73
1197  80
2005  82
4014  78
4623  82
101|13
2580  80
3285  71
2723  79
2700  73
2908  78
2390  74
3175  77
2395  76
358  81
2702  72
3394  73
2997  74
2502  81
102|12
158  64
588  67
150  69
592  70
253  71
480  64
344  72
539  65
553  69
593  70
586  72
223  70
103|20
86014  78
1954  72
60040  71
1968  72
77206  78
2161  79
1732  71
81834  73
608  76
2384  75
4254  82
104  71
139642  78
56782  72
2096  74
101  74
6534  75
374  80
60069  71
30793  74
104|20
4740  69
743  68
5218  66
8643  70
1288  64
47997  68
468  72
76251  68
8533  64
4018  62
38038  62
1566  64
7361  62
6060  76
3034  66
1641  66
4641  67
108190  68
616  66
7034  68
105|20
4788  82
69685  82
95311  82
95313  82
110586  82
141816  82
141818  82
170597  82
172587  82
172793  82
173351  82
173535  82
6433  82
4974  82
70286  88
108981  82
95175  82
69122  91
1243  80
3916  86
106|7
69844  86
72998  89
59501  87
86880  86
5349  86
53125  88
59784  88
107|7
231  78
253  80
590  81
165  80
434  81
208  81
318  81
108|16
800  69
6022  75
4995  76
2585  75
5316  74
4975  81
3978  83
5349  74
2926  73
4246  72
4878  78
4994  78
1968  76
1684  78
497  83
5380  76
109|20
380  58
1033  62
231  59
364  64
589  67
480  62
62  64
31  60
587  62
1032  66
586  63
778  67
540  65
256  62
163  64
252  61
223  66
553  65
537  62
168  61
110|11
26171  79
2468  77
1198  80
1089  79
1222  77
1208  79
4881  76
47  79
527  80
1193  77
2428  73
111|20
100194  67
162602  67
171251  67
2145  68
96588  59
65088  58
66203  64
84772  69
2081  78
91529  68
6365  75
45666  70
3255  73
1282  78
6539  67
86833  74
122882  75
59143  66
86911  74
5283  71
112|13
788  66
161  80
1917  78
16  87
21  83
208  85
434  78
39  83
3717  78
19  81
110  90
32  82
70286  86
113|20
4083  72
39  74
3168  67
932  79
2331  79
3359  70
1086  73
3504  76
1339  73
904  70
3546  72
4063  76
4062  75
1077  62
1589  81
2475  84
3831  66
46  60
1733  73
4007  75
114|7
141718  69
54001  70
2291  71
167732  69
122886  71
8961  67
3147  71
115|20
1580  85
2804  83
1387  87
2792  77
3146  74
3273  79
3052  78
2841  72
2719  79
595  83
2700  81
383  77
2027  79
2148  76
2770  86
3785  75
2916  81
3175  77
588  78
1377  78
116|18
2716  70
858  64
1299  70
62383  38
1339  60
1276  65
597  68
1029  61
1101  71
2797  69
2657  64
1961  69
1407  64
5995  69
1704  64
165  64
2115  74
8360  66
117|20
708  65
587  65
589  67
151  70
36  66
1036  69
595  68
288  63
596  66
48  65
315  65
454  66
353  64
474  67
10  65
60  64
805  64
491  65
616  65
485  65
118|5
1221  75
1625  75
153  75
1961  75
1810  75
119|20
95441  85
117176  81
1092  84
91529  81
74458  83
4387  86
79132  86
168252  79
44022  82
78499  79
122904  78
106782  82
442  85
4993  87
31685  83
6365  80
141004  88
4148  82
88744  83
8644  82
120|5
260  66
32  66
5  66
631  63
52  67
121|12
497  70
440  66
161  64
527  71
292  67
344  65
186  64
316  68
1  70
19  66
163  71
337  65
122|20
27660  86
69784  90
7022  91
148652  88
4816  93
56174  86
94959  90
81591  91
71535  90
30810  88
2997  84
1732  86
108932  91
780  85
1090  86
3253  88
106782  91
72226  87
1200  90
1214  90
123|12
68554  80
115569  79
79132  80
109487  79
1196  79
4226  78
296  80
7153  78
143458  80
47  81
96829  78
2858  79
124|10
56145  78
2161  83
260  85
175  79
1358  82
6377  83
4226  84
3147  85
608  87
1223  84
125|20
5088  77
86721  77
110330  77
54503  78
72011  80
162578  78
119145  80
176371  81
55247  80
1240  78
86332  82
68157  80
112623  80
4082  82
160567  77
3342  82
109487  78
88140  78
98607  77
81562  82
126|8
364  69
349  73
231  69
380  75
410  73
300  69
253  64
457  75
127|5
2915  61
903  61
55276  61
5060  61
272  63
128|7
904  86
965  85
926  87
1066  86
1721  86
1080  86
1198  85
129|20
4370  77
480  80
3698  79
2692  76
2138  78
1968  77
8368  84
653  79
7143  78
316  79
6874  77
239  74
2916  77
733  75
4896  78
2028  77
3977  76
3000  83
1907  84
31658  81
130|6
208  69
316  68
292  68
110  68
590  68
296  68
131|14
2273  71
6947  72
58559  68
908  71
4878  73
89745  70
7256  71
68237  72
2722  70
2028  72
48516  73
3178  71
64614  71
969  71
132|20
6251  61
3275  66
4995  64
2987  64
7444  63
3262  58
4168  56
31658  56
44191  63
1089  61
3967  60
5502  63
50  59
58559  61
5992  60
2108  59
1844  59
2657  64
47  60
2470  59
133|7
454  61
356  62
589  62
150  61
153  61
380  62
527  62
134|7
442  71
595  74
349  73
380  72
367  72
509  72
296  73
135|20
592  76
4084  63
893  70
3994  68
2004  69
608  77
1358  59
3852  71
3489  79
1614  71
1198  66
4128  67
1883  69
2302  75
1291  72
410  66
1261  67
4022  78
4881  68
1077  71
136|20
161  75
193  72
585  77
338  65
277  63
380  75
181  70
337  67
437  68
165  67
611  69
151  70
340  70
252  71
432  71
552  73
350  78
280  67
273  68
150  75
137|20
6787  79
2716  83
1198  83
750  81
919  80
1270  80
318  80
150  81
2997  80
1200  84
6986  79
7153  83
1242  79
110  82
33493  83
1197  79
2959  80
1237  79
903  79
7762  77
138|5
2707  70
1960  71
1959  71
849  75
3996  72
139|20
4025  37
7445  40
60684  44
4865  37
68319  41
7090  39
5502  44
260  46
8371  36
53953  43
58025  39
106782  45
6957  40
7163  42
3827  42
3624  40
52722  42
54259  39
4367  42
115617  41
140|20
5699  70
5299  67
1393  70
356  64
609  59
32596  65
4795  72
34072  64
1617  65
5256  65
5943  68
1084  64
4337  70
3108  66
43396  64
4719  64
1005  66
4321  68
5812  70
4259  71
141|20
5418  70
54503  69
4963  77
2478  77
71535  72
317  72
68954  77
54286  67
6365  72
54272  68
4447  74
5502  72
6377  75
6373  71
1265  74
91529  70
2502  74
441  71
1517  73
48516  77
142|8
434  76
384  76
588  77
50  75
527  79
356  79
337  73
377  77
143|15
1721  74
61250  63
6942  72
7169  50
8533  71
106696  65
3421  69
87232  72
78316  74
69069  69
59421  69
2144  60
96821  67
7173  63
500  73
144|20
589  75
541  77
8368  76
597  81
590  81
410  75
1246  81
527  80
356  80
500  82
19  75
2700  76
434  75
733  78
780  72
1036  77
5377  78
552  82
586  74
2081  76
145|5
344  69
339  69
380  69
318  69
588  69
146|7
7293  61
3257  61
32  62
1367  60
3686  58
410  57
47610  61
147|5
1234  69
168  69
552  68
555  68
2395  68
148|10
88125  72
5618  71
108932  72
81847  74
72998  74
5816  74
8368  73
7153  72
81834  73
4993  72
149|12
1097  51
1374  51
1831  48
1527  57
260  57
173  56
1206  51
1200  56
2021  62
1580  54
1391  61
1375  53
150|6
3  72
1356  72
5  72
95  72
733  72
1073  72
151|12
786  68
562  70
780  74
837  76
747  72
1265  70
828  74
1073  68
1  74
648  72
1393  75
1359  70
152|13
50  81
2959  82
116897  83
89492  80
1193  82
69481  80
85774  80
115713  79
111  82
92259  78
1234  81
79132  81
318  82
153|20
134853  47
1732  57
8533  38
4014  57
81456  48
106782  49
8528  48
6863  49
87194  44
2617  45
1246  44
106100  47
1954  59
7458  47
4226  49
89904  56
72998  52
133780  45
586  54
36535  44
154|7
114662  93
119145  89
81834  89
122904  89
106072  87
76093  89
77561  84
155|10
153  72
3286  70
1200  74
260  71
141  73
2355  73
2384  74
2948  72
432  75
2959  73
156|20
26313  73
31038  73
1230  76
1711  72
3341  66
6296  71
762  68
2361  72
2076  71
4784  74
661  76
2926  72
8571  73
47  79
3176  76
58  69
848  70
866  76
1485  76
923  75
157|5
785  68
3617  68
2720  67
2770  68
527  68
158|6
1093  69
2605  68
2872  68
2723  70
2428  68
66320  69
159|20
2959  54
60069  71
45720  66
597  68
4022  69
89864  71
49286  70
140110  62
84954  62
4447  61
1197  71
68954  69
6942  69
1961  62
106696  55
480  74
539  73
166643  64
40819  70
63082  62
160|20
126  59
1371  38
1198  41
196  48
3408  58
5349  42
3213  34
2408  58
839  48
3593  42
2748  52
533  46
1975  40
1676  42
3745  42
2011  50
733  54
3826  26
778  32
2840  53
161|8
4980  72
7247  75
47610  74
1223  71
38038  75
3429  76
2144  77
2336  77
162|8
150  86
225  88
168  87
50  90
300  87
266  88
31  88
62  85
163|5
1608  60
1810  59
1747  60
1777  60
1837  62
164|8
1036  84
2916  85
110  83
589  84
3527  83
1101  83
1201  81
2167  83
165|13
2353  70
3624  69
110  72
5505  75
5527  76
3256  67
5956  68
5418  78
5530  71
5450  72
1127  73
3409  69
5881  71
166|20
33794  84
1721  80
4011  84
5378  79
3481  80
49530  83
2353  84
47644  75
54272  81
8961  85
1198  84
2542  82
1036  83
608  85
434  88
5219  84
5418  84
2396  85
349  80
2324  85
167|20
33493  68
4886  75
778  72
3052  72
7147  71
6857  64
45501  62
6480  69
1682  81
2231  64
784  73
33794  69
2083  69
2413  64
6333  79
8961  70
2139  64
150  66
6773  63
35836  65
168|19
3730  87
1248  91
1201  95
1089  92
296  93
923  94
1222  91
5291  88
3543  86
1302  88
3362  93
1148  92
3101  93
57669  90
2076  84
1729  87
908  93
85354  92
80463  92
169|20
3536  83
2028  87
364  83
953  83
4886  83
5400  82
8644  81
524  84
2795  86
1022  83
3114  85
3967  84
1517  83
1035  86
8641  81
6365  88
661  82
457  83
3287  85
1416  86
170|10
318  65
296  67
586  70
377  67
34  69
592  67
277  66
500  66
266  67
588  65
171|17
485  93
1220  94
1025  96
801  92
1259  97
1079  96
828  90
317  89
869  92
380  93
1136  94
1225  93
661  96
318  92
47  95
1198  93
1208  94
172|6
3087  75
3578  74
7438  74
2072  74
3793  74
2762  74
173|5
10  71
329  71
586  71
597  71
588  71
174|14
553  73
520  78
224  68
648  76
161  80
317  76
158  80
780  77
315  75
485  76
282  73
440  74
350  77
10  74
175|5
531  86
8911  78
43904  78
38388  78
8362  76
176|8
165  82
434  82
39  83
368  84
380  84
780  84
47  82
471  84
177|20
42002  67
91542  65
6332  66
3668  68
45672  66
783  72
27706  64
2657  64
114662  68
1206  66
83132  74
5218  66
508  66
3114  66
1321  68
2176  68
8798  73
88140  62
2012  66
339  66
178|16
7361  83
527  85
2329  81
5995  81
6502  81
4235  78
1198  84
208  81
6539  76
296  84
349  80
10  78
4226  83
1240  79
2579  80
318  84
179|14
367  78
589  77
161  75
231  73
288  75
743  73
1061  73
317  78
786  73
592  79
671  74
296  81
434  74
364  76
180|5
1261  72
260  72
1748  72
1242  72
2140  72
181|20
157  61
593  55
596  62
353  55
539  67
516  61
132  64
169  60
25  54
31  63
542  56
6  59
707  58
185  60
464  62
502  62
415  59
480  58
592  64
344  54
182|20
4879  70
6969  70
3911  76
2728  69
4313  83
8042  70
1291  75
3113  64
3578  74
1590  74
161  65
4452  74
224  68
4980  72
4262  70
2353  70
2890  69
1127  74
541  74
6041  80
183|12
480  76
380  75
1196  76
2951  71
2534  76
4085  75
1287  73
2194  75
3247  77
1233  76
2662  74
1408  79
184|20
158035  74
181413  74
193565  74
97304  80
74754  84
168250  77
191005  74
106072  78
166291  82
127152  79
86332  75
80463  80
5816  77
122898  82
81845  78
5810  72
170813  82
174479  74
112852  76
148626  77
185|10
1685  69
2396  65
5377  71
1721  69
5952  68
1393  71
595  69
2085  71
4995  71
899  69
186|20
2605  79
1214  81
1291  87
3745  83
1269  81
2527  79
2532  79
4361  77
1307  82
2968  84
4306  80
2541  82
1702  84
480  79
1097  83
3977  81
919  84
3527  83
593  85
1196  84
187|20
26122  75
3949  85
49272  83
231  83
1206  80
6874  86
1729  84
1209  84
48394  81
6502  80
2701  79
4027  84
288  81
2542  84
7153  84
39427  82
6890  80
1222  83
8949  85
1748  85
188|10
2346  86
1212  90
594  93
1282  91
3469  88
2396  90
1091  92
3341  90
1264  90
2206  90
189|5
48516  81
4993  81
79132  81
2959  81
58559  81
190|14
6711  80
4776  77
8784  77
4995  84
5630  78
4306  80
30749  77
1221  81
4975  83
8961  85
858  81
8464  79
69844  81
7438  83
191|17
496  72
21  84
72  74
175  79
494  71
417  79
17  70
6  74
85  78
292  73
314  69
58  63
235  80
213  60
161  74
160  71
162  76
192|5
356  80
288  80
316  80
349  80
432  80
193|7
44555  75
55442  81
4878  69
6016  74
307  77
1270  71
5618  75
194|5
163  68
1396  69
1500  69
1288  68
5060  69
195|20
3424  68
2770  52
1041  65
1653  58
1923  67
3160  59
4723  80
1863  69
2336  69
2166  69
4308  64
1909  72
260  65
2028  67
3252  59
2908  60
1392  80
1365  67
70  56
190  78
196|7
70286  77
3578  78
59315  77
58559  77
364  79
1214  77
110  77
197|7
1513  78
1240  80
1882  82
786  80
2167  79
153  78
1784  80
198|20
3894  69
3499  70
920  64
1213  64
3949  68
1994  60
1485  67
2572  69
4019  68
1089  69
110  64
593  68
4128  61
1270  71
4886  63
1079  64
2117  70
912  68
1573  66
1682  72
199|20
5464  68
2165  68
2280  68
736  67
5673  64
349  64
5502  69
482  64
8532  68
1172  68
300  58
50068  62
4881  64
3175  57
7445  65
2973  66
34338  66
41997  64
1956  59
377  64
200|20
3809  71
7022  68
50802  81
3968  76
2485  65
500  68
5610  79
590  80
1029  67
53996  69
2572  64
4993  67
4041  70
57640  69
1302  74
1784  75
6383  65
1653  69
1569  68
1517  64
201|20
1748  85
1527  85
1584  82
2858  85
339  83
589  90
2717  86
994  78
788  76
1196  90
2797  90
733  84
1259  88
2174  86
1198  87
2455  86
1569  84
1213  91
160  78
24  84
202|20
3329  76
924  70
29  72
2289  71
1197  66
1196  69
2966  70
161  69
608  69
1209  69
1296  70
3194  74
1784  71
469  78
923  66
2000  69
1587  71
1719  65
3147  69
32  70
203|9
56174  80
8665  77
2407  81
5952  82
590  80
49272  78
40815  77
333  81
296  83
204|17
1136  77
3949  75
33794  73
48394  70
27075  79
1080  76
79008  81
6104  80
8874  78
81591  78
4878  88
91658  72
711  86
2313  83
86320  85
55820  77
5218  72
205|6
912  76
99114  78
91542  77
5816  78
95167  77
96079  78
206|5
36  80
608  80
733  80
140  79
141  80
207|5
2991  60
2428  56
2707  56
3740  57
100  59
208|6
1210  64
2628  64
380  64
2353  65
2278  65
2762  64
209|7
60684  88
1291  88
68157  88
74458  85
185029  84
122886  84
88125  84
210|20
123553  83
34405  86
166203  83
3147  84
31696  81
7649  80
58559  89
2105  83
6365  87
34397  83
4625  90
84772  80
122926  84
76093  82
62836  83
33493  88
1584  83
47610  84
108932  79
122918  85
211|18
58559  84
63113  81
90405  74
57669  77
60684  79
7153  85
73017  75
2105  77
4367  78
356  79
2642  78
1556  78
318  79
44665  81
85414  79
1198  81
1136  77
260  78
212|20
170697  77
122920  72
122892  71
2571  77
5218  74
48394  73
3578  76
1196  73
135143  74
74795  72
179401  74
79132  75
77800  73
108932  71
110102  76
96821  72
8874  76
65261  70
59784  79
2291  74
213|17
3285  76
87520  77
80363  81
76251  78
8957  77
2860  74
1234  78
5419  77
51935  78
69844  77
39446  77
4132  76
858  80
69526  75
4558  74
49530  76
58559  74
214|5
83  57
628  57
743  57
1363  55
802  57
215|20
1172  81
4973  76
63082  73
1291  80
2028  80
3252  79
3210  78
1968  81
1247  77
49272  74
1089  77
72407  76
5650  70
318  79
1208  76
2000  73
1197  80
1196  82
1297  72
4019  77
216|20
104  80
21  77
3996  76
3946  62
2946  67
3993  71
3897  72
2599  71
34  69
3994  67
4034  76
3363  70
1965  70
3422  66
3555  79
3253  70
2087  71
3986  77
2018  70
1923  73
217|20
1867  55
3434  55
1275  52
2468  58
3197  55
1912  50
2302  56
1876  55
380  49
1221  49
2471  50
1918  57
1385  55
3165  64
1590  55
1562  55
1703  56
2056  55
1831  54
160  57
218|6
2657  68
2692  68
1380  68
1198  68
6934  68
5349  68
219|20
60072  61
2115  57
59315  59
6539  50
442  53
30707  55
1704  57
180  54
1219  62
1005  68
27773  54
56156  67
6188  59
6721  64
30825  68
2997  58
1552  60
1500  53
2890  60
1921  58
220|20
3996  70
733  65
1198  80
3994  72
6539  78
1258  69
1917  72
4545  63
33794  71
165  67
71264  72
4623  61
53464  70
5218  70
6365  72
3751  63
32  71
1036  75
5502  69
1591  71
221|20
4338  82
7013  84
8529  83
1080  86
3246  80
2871  85
1208  82
7063  78
2702  80
4029  85
5954  83
2352  78
922  86
2997  84
1278  85
2858  83
1212  87
1959  80
1961  88
3671  82
222|20
81831  62
100498  56
48516  54
1249  62
99813  53
91529  50
59900  50
93287  52
1721  55
2706  50
3273  52
2411  52
64622  64
7143  55
87869  48
778  58
30825  55
42011  58
673  51
64839  52
223|15
55854  64
6711  68
1  73
736  71
1961  70
457  73
2716  69
48394  64
608  67
8784  66
48516  66
3863  68
4306  68
260  64
2683  60
224|11
3496  80
3044  84
356  86
2915  77
289  86
3668  82
1270  82
2797  83
1721  76
2716  75
1259  87
225|15
2423  74
1285  63
588  75
1717  81
2791  69
1321  72
1136  76
1197  75
1753  73
2004  73
2371  73
1407  77
785  76
1060  69
3024  79
226|20
6938  69
32666  69
3552  60
542  54
1240  61
3098  55
2804  56
3668  62
3653  68
2231  54
145  54
2253  61
3052  58
2628  63
762  58
53129  69
4816  60
16  57
2144  54
46948  65
227|19
46976  84
52319  86
81845  81
109487  83
134130  85
215  83
48738  83
47099  84
1196  81
32587  82
912  83
55721  83
1682  84
750  85
778  86
40629  81
97913  84
70286  80
150  85
228|5
2571  75
1373  75
362  75
318  75
3113  75
229|13
34  78
589  76
377  77
45  76
587  79
5  75
475  74
442  75
597  79
364  76
213  70
110  78
527  79
230|20
34330  61
52715  61
47  67
7438  52
527  67
3147  62
45499  61
6537  64
2291  59
1387  65
6863  61
1485  60
595  59
4022  54
2096  55
588  61
4034  64
1676  60
8644  64
2641  67
231|5
92259  79
858  79
593  79
1198  79
109487  79
232|20
31867  65
41769  65
57526  65
70336  58
8644  56
1586  62
44972  58
4019  62
43928  63
30883  66
65802  68
8376  58
39292  66
1035  54
66198  72
66097  60
32011  57
6564  59
7451  60
33164  65
233|20
48394  61
3751  62
48516  61
1721  62
356  65
106100  57
162600  73
608  65
7153  62
134214  64
57669  59
122920  63
2329  67
4239  59
7371  61
3977  60
3147  61
3948  64
49272  64
5418  61
234|20
2616  68
2140  67
172  65
126  70
1562  67
4519  66
153  63
2710  65
3624  60
3483  64
1391  62
438  72
1460  73
2987  71
65  74
260  73
1359  64
3175  63
588  73
2080  64
235|13
480  71
736  68
500  72
454  71
592  76
235  71
595  72
32  77
527  80
648  74
223  76
588  74
377  74
236|30
1214  79
1278  81
1345  67
1350  77
1387  80
1388  53
1982  71
1997  76
1998  30
2447  62
2459  64
2490  70
2496  59
2502  83
2505  57
2542  81
2572  70
2580  78
2596  72
2598  58
2606  52
2657  67
2683  64
2694  64
2718  67
2770  58
2806  35
2858  81
3024  68
3052  72
237|10
32  63
4254  64
94959  67
293  67
1371  65
1193  68
7361  69
7980  67
43936  65
1374  65
238|9
4954  74
3528  74
4265  72
4901  78
4238  78
593  74
4499  74
4957  70
1193  71
239|20
58559  83
5459  76
4085  82
380  78
95  78
7445  81
608  80
7147  83
6378  87
2115  89
4896  79
36529  80
3994  84
33679  79
47  88
590  75
4022  80
208  81
733  81
51662  79
240|20
368  79
543  75
480  78
367  74
810  74
500  78
546  67
110  82
173  77
1  80
542  73
104  81
34  82
174  73
204  72
225  77
383  80
262  79
434  77
420  68
241|16
81786  80
71899  78
527  79
1206  80
1193  83
99114  77
100714  78
8981  83
53123  79
116897  83
56367  82
3910  80
106782  80
115569  79
4235  80
48780  78
242|7
39  69
380  70
231  71
457  70
592  72
454  68
111  73
243|8
112  84
353  83
62  82
588  82
193  86
586  83
181  84
376  83
244|19
3090  69
1049  67
110  77
257  76
165  61
151  81
1090  76
3755  69
2278  71
648  74
1580  75
1957  73
1610  80
1196  83
3256  70
1573  76
1242  78
3753  71
2243  71
245|5
3196  57
2739  55
3114  56
3274  56
1361  58
246|20
1304  90
616  89
1680  87
6016  85
3081  90
44191  88
60684  80
4973  88
1732  87
1298  82
53125  85
2291  89
2692  84
293  85
4011  84
5013  86
60069  86
48082  76
82202  84
95167  82
247|20
48516  77
593  76
2858  76
49272  78
1961  72
44191  81
527  75
116797  74
68358  75
122886  79
480  83
223  76
1265  80
2078  72
1198  82
1682  76
6377  78
1089  78
953  79
919  73
248|11
4886  76
1198  75
166528  74
176371  74
316  75
147374  77
102903  75
189333  77
122912  76
58559  76
5218  74
249|20
110350  74
102903  70
2167  64
94959  67
84601  74
2395  72
97306  70
3408  68
89047  74
91500  68
91542  68
40815  58
69844  64
904  64
46723  68
3826  72
68791  68
88812  76
67695  83
50  62
250|6
1282  80
2407  80
318  80
1597  79
1246  80
8880  80
251|5
142115  100
293  96
356  96
318  96
1089  97
252|8
164179  86
89745  85
6377  83
164909  84
1682  84
166643  85
143355  85
78499  86
253|10
44555  90
916  88
608  89
2300  88
7099  90
4217  91
26366  89
1192  89
4642  87
3363  88
254|20
46578  75
44195  79
207  73
49278  77
6333  77
780  76
110  81
1210  82
49272  76
27846  80
32587  77
2571  79
44929  79
47  83
293  83
1580  74
5995  74
32  83
592  78
48394  76
255|9
1270  42
4467  50
2023  44
3501  52
1663  54
1394  41
3392  63
2542  45
2915  56
256|20
3247  83
88744  82
377  78
4973  76
53972  81
118696  77
95441  81
104841  78
71535  82
2953  79
81229  79
53121  81
30707  82
2571  75
68791  83
170  80
6942  80
90405  78
6537  81
33493  82
257|5
1500  67
594  67
2502  67
494  67
2406  67
258|5
4995  84
7147  84
72641  84
76093  84
47099  84
259|6
508  56
5945  57
1784  58
4886  58
1356  55
1584  58
260|20
7361  76
3556  73
162  78
903  75
5690  71
6337  70
4878  78
5617  77
342  78
5219  76
2997  78
8011  74
1206  73
3317  76
6709  78
8874  76
2348  71
3822  78
2959  75
8645  76
261|11
3897  74
16  82
2060  77
296  78
2723  74
1682  83
4085  74
2194  82
7361  79
4238  82
58559  77
262|12
708  65
539  62
457  62
322  63
339  63
85  68
26  63
17  66
213  60
273  66
593  70
728  64
263|20
223  74
150  73
500  75
2987  72
2953  72
110  69
4226  72
8370  68
1197  67
7458  71
708  69
1111  75
2125  70
6942  70
5013  69
163  72
457  73
8636  75
1967  74
2085  75
264|12
7841  75
1376  82
151  75
5816  78
1907  73
1320  76
1917  80
150  74
3578  73
1090  74
253  76
1876  73
265|20
3807  67
316  63
253  64
1302  56
724  61
1240  61
3504  60
230  63
3831  63
1956  53
3098  62
529  62
1270  70
3791  63
1177  62
2322  58
1488  62
2474  63
1198  63
1962  60
266|20
476  71
2812  71
2700  71
2278  71
24  77
2770  71
2702  57
64  61
1405  79
2580  59
1527  70
2167  61
457  67
1580  66
2300  70
1923  73
2094  61
132  71
2571  70
2097  55
267|12
2858  81
593  85
1175  88
3006  87
1302  86
3999  82
3113  92
1093  89
589  97
2571  84
923  90
3996  87
268|20
1641  75
587  73
1125  71
1911  63
2802  69
1036  70
1370  68
50  83
2064  69
1784  59
1912  69
1966  69
454  60
1234  71
2247  68
1394  70
2829  68
802  69
260  66
2858  80
269|6
724  74
743  74
95  72
1  73
63  72
648  74
270|8
661  58
62  58
79  59
628  59
14  63
1356  59
141  64
25  62
271|9
3897  60
32  63
2791  62
969  65
6787  63
2858  61
55765  60
1320  62
2288  63
272|7
177765  72
1240  74
51662  75
122922  75
49272  74
158238  74
6365  74
273|11
440  84
593  85
500  82
608  84
223  87
111  82
150  78
21  87
466  81
235  85
520  89
274|20
50147  65
2947  57
3037  65
1645  58
4951  70
2036  56
1359  58
35957  64
553  55
76293  60
3918  64
1503  64
45431  58
4816  60
54999  60
5667  65
4876  54
56805  65
1921  58
54004  62
275|20
1784  81
2289  75
5884  81
1171  74
357  80
1912  79
2539  75
235  75
4886  78
2572  79
2355  82
3253  79
1192  81
926  82
111  78
2100  81
3089  84
1393  84
1719  74
1392  88
276|9
673  90
356  89
466  86
104  87
631  88
648  89
2  88
1367  90
344  89
277|6
637  72
736  71
656  72
1  71
780  71
260  71
278|5
2371  85
1347  86
4002  85
318  85
2369  85
279|20
134130  74
1101  76
166528  71
90405  59
61132  72
79132  70
56782  70
97913  75
1608  71
4226  74
59315  71
88129  74
54286  71
1258  72
8665  70
58559  74
4993  75
8376  70
107406  71
1200  77
280|20
92535  80
344  74
262  79
3146  82
4239  79
4447  81
8638  82
919  83
72641  77
86817  82
8368  74
49530  74
6863  82
35836  78
55052  80
54503  78
4246  84
48516  81
1911  81
3916  77
281|5
46578  61
8361  61
35836  61
3897  61
3861  61
282|20
5995  76
3977  80
3263  78
25  81
6708  87
2683  81
4718  81
6711  85
5481  87
6863  80
5669  82
3752  83
588  88
80463  84
1921  82
1193  86
4369  78
48322  84
1194  82
784  82
283|7
1580  67
39  64
1704  65
356  65
586  66
2082  69
805  68
284|18
474  74
173  71
2  81
296  81
15  69
348  75
248  68
318  76
47  78
353  77
275  64
44  70
339  73
367  76
276  79
165  76
637  65
235  74
285|8
1193  83
949  87
1247  86
6978  83
113207  82
4447  83
441  82
296  84
286|20
454  80
778  78
5989  76
1333  76
165  77
500  75
7438  76
2294  73
4993  81
4995  76
7361  78
70  81
4980  77
1258  82
4963  78
1097  74
4848  78
539  71
377  70
110  75
287|20
3160  47
3578  46
223  55
2633  59
1059  56
586  50
3005  46
532  55
1193  53
2599  57
2028  55
1485  41
3826  44
2081  49
8949  46
2012  53
101  40
4034  47
2422  52
2115  46
288|20
4473  63
4966  63
1008  63
2867  64
42015  62
141  58
2571  56
13  64
53519  62
2407  65
5418  60
3916  60
2347  62
2528  56
30810  56
575  66
32587  56
587  52
2517  64
8361  59
289|24
3  65
16  78
235  70
266  66
594  73
708  67
750  85
1080  78
1101  65
1208  85
1220  77
1258  82
1917  60
2012  69
2174  68
2710  54
2797  74
4322  70
6125  70
6327  70
6453  70
7025  50
7028  68
26704  80
290|20
1228  83
1299  81
2494  85
2739  83
608  80
2130  80
908  77
341  83
1447  84
342  75
1056  83
1719  75
953  80
928  76
1394  80
2648  85
475  80
2731  84
1357  82
2385  86
291|7
40815  90
122892  90
106489  90
134853  90
7153  90
88125  90
1  90
292|20
520  55
103339  65
122900  61
4896  52
2291  56
474  62
85056  62
46972  58
95167  60
164909  66
3176  68
3476  64
1608  58
31221  68
1101  56
3985  68
3984  57
1017  64
69844  58
231  59
293|5
1682  50
1673  49
344  50
1617  49
1097  50
294|20
416  46
3869  40
1064  44
2794  42
610  43
2133  39
1391  42
3868  44
1129  38
520  50
3387  49
355  42
2378  49
3693  40
785  40
2193  41
2367  49
2458  40
348  41
3501  48
295|9
1221  85
3198  81
1287  82
1213  85
4351  76
1198  79
858  90
318  81
2329  89
296|6
160848  79
2028  80
169034  79
4144  80
50  79
2324  80
297|15
832  44
543  54
1645  52
111  59
454  49
1089  55
6  62
1249  52
1047  43
1370  45
1488  47
150  52
170  47
1092  54
866  46
298|20
57640  34
95510  35
6811  46
8370  53
8807  46
63131  42
6881  37
3785  52
122900  42
103042  36
6294  46
2167  40
2005  46
6006  42
653  45
55995  36
3018  47
69757  38
103772  44
3825  41
299|5
3793  74
1387  74
188  74
1198  74
1214  74
300|32
318  89
356  83
527  85
593  84
1172  86
1704  82
2028  83
2324  83
2329  84
2571  83
2762  78
2858  81
2959  86
4848  77
4973  84
5995  83
6016  83
6711  81
7361  84
8950  80
48394  76
56174  69
63082  77
79132  82
81591  73
92259  86
99114  78
109487  78
112183  64
112290  75
112552  80
112556  76
301|20
21  65
357  69
2490  76
6711  71
589  69
8949  79
837  83
3948  76
364  66
527  76
5989  77
4963  78
608  86
292  70
3578  83
3897  82
4226  72
3753  79
1393  67
1792  71
302|7
480  81
14  83
3  84
25  84
648  81
707  78
110  81
303|11
5378  78
3703  81
1127  80
5544  67
1196  85
3471  77
1580  79
1394  77
2683  74
920  75
1358  76
304|20
314  71
2571  74
2433  64
10  78
1376  77
480  81
1373  75
1777  77
1270  85
1517  81
151  72
356  77
208  79
474  74
1214  79
1375  75
640  77
1722  76
185  72
2701  74
305|20
74624  79
140627  79
87869  74
919  74
1197  77
106100  74
138210  76
788  74
7482  81
80590  76
103075  76
903  74
6537  72
93840  76
54736  80
592  76
2288  76
58803  80
55276  82
1272  74
306|20
5784  72
68954  65
69644  66
6377  69
95543  70
81847  69
111743  63
85367  67
168418  68
167018  64
72998  66
122904  69
69406  69
85788  63
4963  66
115664  66
134368  63
112852  65
161634  64
133419  68
307|20
2190  54
4181  54
31424  54
49314  54
5010  42
7845  45
3392  54
1220  36
6793  56
6483  58
2332  62
56003  54
1991  48
3273  50
4876  48
3421  40
1409  36
413  42
4447  34
52867  54
308|20
2959  45
45517  47
96821  39
72998  49
318  46
2  54
904  47
589  47
8961  52
56152  42
56367  43
5618  56
36  58
410  47
79132  49
4993  48
8464  49
1221  48
2248  55
6  57
309|20
2202  77
1645  80
898  81
1682  81
296  78
1089  79
1269  72
7153  82
6947  82
8340  80
1104  78
7218  77
25886  74
1219  81
8154  72
971  77
1944  79
6365  76
1262  81
2762  77
310|13
6863  83
6947  82
1101  75
6503  79
2524  73
2457  75
5899  79
733  73
246  80
3254  78
1223  75
1080  81
2671  79
311|6
6561  50
5992  49
1517  50
6461  52
1407  49
2706  50
312|20
5816  71
1375  73
3499  80
589  73
2454  68
1358  68
4878  75
4103  74
3793  73
2028  74
1371  72
4121  71
2366  74
2747  84
4105  73
5446  79
2699  76
2529  73
1350  68
1356  75
313|20
4980  62
170  68
3917  68
2455  77
5544  72
541  67
2193  72
2000  65
6  81
1968  67
1089  72
1301  60
1240  75
3175  71
4865  66
2005  66
2167  78
1375  77
2087  68
2530  69
314|20
7  57
1042  60
44  61
165  64
457  66
293  62
597  63
329  64
442  54
26  56
830  62
728  62
618  62
107  60
536  61
10  63
1376  55
153  59
208  61
150  61
315|7
1262  66
2729  65
2529  65
2067  64
2553  66
909  69
902  67
316|11
1748  61
253  62
3968  65
158  62
5445  60
3751  63
7438  64
6874  65
48  63
3882  55
2572  58
317|20
133115  74
73321  65
91529  69
74545  72
7445  71
1213  69
48774  69
4262  72
1884  70
5989  65
3578  68
4011  66
68358  65
1208  69
72011  68
3897  71
3499  66
96829  66
116797  66
56782  75
318|20
26713  75
81191  75
90245  75
111817  75
127180  75
145080  75
150696  75
7445  72
1090  74
116799  75
82459  76
48385  78
2294  74
64839  76
88125  74
109487  77
4021  72
33794  80
54286  74
89753  72
319|7
115617  90
6377  90
356  88
136864  90
1221  90
122904  89
110  92
320|5
72998  72
71535  72
31184  70
59315  72
1013  73
321|12
587  75
356  73
160  75
592  75
597  69
780  71
339  71
355  73
410  76
3  73
500  75
457  73
322|20
2882  77
1968  66
2542  72
58559  67
2788  73
2146  68
2617  73
2918  67
778  69
2599  63
4027  65
4993  63
1230  67
51540  68
1  71
1617  67
1923  64
4010  70
11  71
1035  70
323|20
377  60
480  63
356  68
1094  59
161  62
115569  58
1198  65
29  57
551  66
22  67
318  67
112183  59
253  62
111659  59
3257  65
260  69
150  65
329  63
342  63
266  64
324|5
2764  77
3972  68
3864  65
3949  65
3897  65
325|20
2848  71
235  69
2986  65
262  66
1573  68
2596  72
1584  71
1217  70
1676  67
4714  64
3770  67
3261  70
2894  71
2155  68
1279  73
1614  66
3994  69
2268  72
2915  73
5008  70
326|20
8665  84
47610  83
20  75
2858  81
86882  84
5418  85
4973  81
133771  78
48774  83
2324  81
1293  74
2692  84
72605  76
70159  76
54286  82
5446  70
6591  86
4226  78
105844  85
31410  78
327|10
3301  78
150  78
858  83
1923  81
51255  80
48516  77
1304  80
765  83
6888  79
2706  83
328|20
2687  51
112852  73
70286  64
1196  60
457  59
364  62
80463  68
3489  66
318  64
595  65
5349  59
2542  71
1219  57
35836  61
3751  54
79091  74
7153  61
596  59
2398  56
1148  64
329|5
130482  51
136850  51
858  51
1884  51
750  48
330|20
5378  69
316  79
1639  80
2918  82
919  83
3949  80
3535  78
5349  75
380  79
1676  76
2502  79
3703  73
1682  79
2683  76
1206  78
1721  73
2791  81
2081  75
8874  78
592  82
331|20
8874  74
6157  75
88125  62
6539  74
3897  79
4446  75
7361  79
50872  71
4995  78
4306  74
6874  82
5502  72
3911  78
608  74
4447  75
593  80
3751  79
8665  81
4367  75
2959  79
332|20
47  76
1653  69
1258  72
316  71
8983  73
431  73
97757  72
2291  72
1835  68
356  72
5502  68
4308  76
1203  68
1682  72
1249  69
76251  76
2905  71
318  69
2294  69
32  67
333|5
3785  49
3752  49
3616  48
3615  49
3646  50
334|20
55820  66
1196  68
1580  68
1291  70
3996  71
589  71
30810  68
4027  69
1  67
64957  61
1625  69
50601  70
44195  64
27416  71
6867  66
2997  71
293  70
480  68
5378  67
51935  64
335|6
780  73
592  73
356  73
296  73
2699  74
2001  73
336|12
1267  87
1  89
38798  86
33660  83
1784  88
2001  87
2268  91
293  87
1625  87
4886  84
50  91
150  86
337|16
318  83
47  83
16  83
805  83
1393  83
266  83
667  80
168  82
784  82
65  82
110  85
708  86
25  81
1356  83
277  79
786  86
338|8
189111  63
190207  63
190215  63
190219  63
7153  69
593  71
187541  68
185029  66
339|20
72641  88
5445  85
84152  88
96079  86
106072  86
69122  85
5617  82
41285  86
56869  81
48322  90
65216  81
91630  88
86504  80
91529  86
83613  82
4993  85
3470  80
102407  86
2028  83
5952  87
340|28
10  72
110  80
150  77
153  59
161  73
165  72
185  60
208  58
253  71
288  66
292  68
296  84
316  67
318  89
329  67
344  61
349  72
356  83
454  71
457  80
480  74
589  80
590  76
592  69
595  74
648  70
780  69
1356  78
341|11
2335  78
3624  76
130087  74
1370  78
135137  76
117529  79
5459  76
45672  77
1  79
47099  78
4025  75
342|14
2683  56
2598  57
2881  56
2369  51
1268  57
2605  58
2599  58
1198  54
3157  60
3826  54
2428  54
2827  62
3863  51
1959  56
343|12
858  84
3000  84
48394  82
4226  80
4878  79
3993  88
2571  81
1617  86
31658  83
55363  84
55820  84
296  82
344|14
111362  82
380  85
316  76
2628  75
4226  74
2571  82
4014  85
2012  79
4034  78
260  86
2541  74
4973  76
5418  82
2712  73
345|13
1019  77
2539  76
926  77
5902  79
8810  76
344  80
5707  78
2366  78
56949  78
3649  77
6658  75
3489  75
412  78
346|20
3174  76
778  78
608  79
6711  77
6286  70
306  73
7323  77
307  75
3535  79
1212  74
357  78
3949  78
714  72
7937  78
7396  77
5878  76
1120  75
1131  72
3627  80
7115  76
347|9
434  70
590  72
39  74
150  75
454  71
380  72
587  71
317  73
457  73
348|11
318  94
2324  94
4368  94
1213  94
6016  94
2959  96
6893  94
4973  95
1221  96
1960  92
2019  94
349|8
10  69
161  70
589  69
381  68
349  68
231  69
588  69
509  69
350|8
852  68
7  68
637  67
648  67
733  70
12  65
858  65
661  67
351|20
88932  73
87222  73
73344  81
52579  80
2231  73
88744  73
43836  78
79132  68
597  72
58559  70
12  78
8914  70
8950  72
63082  72
6214  72
90376  73
84152  73
480  72
4878  71
1193  75
352|20
72998  69
71745  64
1801  66
34319  75
2600  70
65682  68
1080  71
79695  72
110730  72
38038  79
130490  81
97752  68
1214  73
94864  69
41566  73
56587  70
44191  77
114935  69
59315  75
47610  69
353|18
552  77
25  76
267  68
216  72
367  73
288  75
144  65
186  65
333  75
266  81
112  64
198  70
234  67
145  66
293  78
158  74
163  82
296  84
354|20
1610  69
4306  73
2692  78
3147  78
47  77
903  78
733  70
3977  67
1225  73
35836  77
648  78
44191  75
8665  73
1917  74
7147  76
1923  74
589  76
2959  79
4718  71
1196  73
355|6
316  80
1580  80
3035  80
3175  80
317  80
916  80
356|20
2248  83
52435  82
52975  76
7122  80
44889  80
1641  81
2706  81
4011  83
802  84
7323  80
2502  83
56367  79
1223  81
55118  88
3949  83
3996  82
1246  83
1466  80
223  84
7153  79
357|20
4354  79
8998  79
27329  79
2804  78
595  79
529  78
4663  80
4091  78
1224  81
1242  74
34  80
208  79
58559  83
6296  76
30793  88
1042  85
2100  82
551  79
471  78
2067  88
358|9
26095  67
605  73
5066  76
52328  70
2226  67
42728  72
7361  72
69844  74
36525  72
359|15
405  68
1092  75
1101  72
51412  73
648  69
296  67
1097  66
2396  81
2424  75
593  70
2701  70
2942  73
1682  72
2530  71
4995  76
360|5
1422  79
1620  70
1488  67
1711  66
1414  74
361|20
47099  61
1580  70
377  69
1552  66
49272  65
1263  66
53125  68
589  61
49822  59
8360  54
318  63
2529  62
5218  65
6188  68
2422  61
3082  70
1732  58
1370  66
46972  69
7458  65
362|20
1945  90
592  79
6539  81
51540  81
5989  80
637  84
70  80
7153  82
1252  83
44665  82
407  82
6874  85
2959  85
1196  82
1208  84
8961  83
48516  86
7438  84
356  81
1201  84
363|6
1552  66
1732  67
1517  66
296  67
653  66
318  67
364|5
858  83
9  83
783  83
376  83
1  83
365|20
59315  48
81229  51
128975  52
6874  48
90345  60
158872  48
129354  52
103075  58
135536  51
70286  52
112852  58
76077  50
112818  58
1777  60
6502  55
155820  63
541  52
95720  58
93270  52
135569  56
366|7
116797  83
59315  83
33794  83
91529  81
2028  81
122882  81
7438  82
367|20
926  67
3061  77
1270  69
1287  75
486  83
3536  76
3824  78
2384  79
3072  73
898  68
3618  71
3225  77
2248  78
3157  78
3969  71
3717  72
1259  66
4023  74
1196  65
1258  77
368|20
3753  52
2112  58
1944  51
2986  53
3869  57
1214  47
2947  45
415  53
3035  56
832  48
50  49
2819  46
1801  54
2490  52
1917  52
1391  55
2193  51
225  52
161  50
2881  56
369|20
1256  65
785  70
47  68
2706  60
839  65
377  64
52973  66
743  65
4214  67
5418  66
3863  66
1372  66
27904  66
60069  62
2857  66
1967  71
150  64
2011  70
1580  65
3174  66
370|19
4011  70
4878  74
8961  73
6377  71
2628  67
1748  71
2116  73
589  69
2329  78
7438  73
3977  71
1676  71
593  73
4973  67
4226  74
1240  70
1089  74
8636  68
2716  70
371|9
2571  92
112512  90
1258  91
4090  91
56715  89
3000  91
4226  91
4993  90
1748  92
372|20
335  67
924  62
318  55
1603  59
1479  56
589  53
81  61
387  69
616  62
337  55
1220  64
1201  60
165  54
1243  57
1258  58
377  59
1401  64
450  65
1206  55
1306  67
373|20
216  64
60  59
169  58
350  60
585  63
44  58
371  62
163  74
616  72
198  74
265  63
25  73
6  75
733  66
47  82
2  68
736  66
305  60
357  79
141  75
374|7
296  73
208  72
1219  71
480  73
592  73
1258  71
1339  72
375|7
344  80
1027  80
32  84
2628  81
3256  80
4226  81
500  79
376|20
91535  79
2002  88
1214  86
1101  88
2916  88
33794  84
1198  89
349  90
1371  86
376  88
1240  87
1375  88
4993  85
858  85
457  90
4226  83
5952  84
344  86
2763  83
2797  89
377|20
4942  78
2793  74
1262  73
2791  76
748  74
1345  81
5027  74
5113  78
27692  78
3421  80
6021  78
3364  77
2072  78
8641  76
2163  75
92760  78
2858  74
1503  74
2124  75
2015  74
378|10
33794  83
7153  82
48516  81
3114  82
858  83
68954  82
91529  84
71535  82
90600  81
364  80
379|8
318  72
377  73
19  70
292  73
480  73
367  73
597  71
344  74
380|20
60818  73
172875  73
172881  73
172887  73
355  70
6979  70
5476  82
2735  72
68194  87
63433  77
72356  80
105731  83
1833  74
551  66
6731  69
27831  76
1665  72
393  72
140956  84
2791  70
381|20
2085  66
1088  65
3253  71
185  70
317  68
27808  72
1240  67
19  73
3753  63
4321  68
72011  66
3082  76
333  65
2140  73
1385  68
2273  68
1208  66
457  72
104  69
2716  69
382|20
1204  65
142372  72
135532  77
1201  50
112171  70
1198  52
912  50
81847  69
4638  52
63540  80
1681  63
170289  71
103042  55
72737  76
2496  65
357  56
81537  63
59501  72
101362  75
4890  54
383|7
2436  73
2541  74
2496  74
1584  79
2558  78
1246  74
903  75
384|14
3527  68
1388  55
2683  65
2502  72
4333  64
3098  63
4396  62
457  65
358  70
968  62
2724  64
296  64
3991  65
1204  65
385|20
736  60
1080  66
249  59
1219  59
1036  60
1136  65
282  64
1073  65
1200  64
1228  63
1022  65
1007  66
1201  58
1246  58
344  63
589  71
1023  65
1287  56
594  64
1303  57
386|14
110  58
410  53
112  56
165  57
223  57
648  55
185  54
608  63
485  54
305  60
44  49
585  54
349  58
10  59
387|20
4393  66
5156  66
5780  66
7336  66
26124  66
40966  66
2712  66
5062  68
1247  64
5489  66
4195  68
7132  66
2946  62
1387  67
3000  60
51939  64
4995  66
912  70
7938  66
1783  67
388|6
6158  70
63239  70
33615  74
86298  92
62999  76
8360  72
389|7
17  84
140  83
628  83
762  82
743  85
95  84
32  86
390|17
6344  76
64957  76
4239  78
5220  80
1193  84
2571  82
9010  76
2291  75
5296  70
4226  79
7254  80
6377  82
63062  82
1206  85
2329  82
4014  79
1784  75
391|20
5575  75
500  77
3994  77
1213  79
516  68
199  72
4027  84
150  70
1408  75
4014  77
1527  77
1059  79
2916  80
4973  76
357  82
555  82
5026  75
4936  70
1210  78
3067  69
392|5
3004  67
2858  66
707  70
1198  66
1125  69
393|20
91658  58
102125  71
48394  76
36517  81
8636  85
110102  74
44199  76
5388  69
54259  66
4848  75
5669  84
1291  88
68848  66
86190  67
2571  69
1206  79
122892  72
106642  63
1625  71
106489  75
394|5
588  59
316  59
344  59
225  59
457  59
395|13
329  63
1025  62
296  62
160  62
208  61
173  60
485  62
355  61
520  62
595  64
126  61
48  63
367  60
396|6
1276  64
1597  64
1777  64
44  65
204  68
2081  64
397|5
4017  79
8645  88
1701  80
8228  84
6993  79
398|10
6408  83
1197  85
5971  78
7022  81
1198  79
60069  79
2455  85
1136  85
48516  83
82459  79
399|8
1198  80
110  82
5445  78
1196  82
593  85
480  82
1270  78
2194  84
400|9
608  90
356  89
2571  92
2959  90
7153  91
1221  91
3578  91
858  92
59615  94
401|15
5952  69
6297  68
55768  73
48982  74
166461  71
49274  73
50872  69
32031  74
79091  72
170939  71
38038  74
8360  71
3114  70
33615  67
1136  75
402|10
1084  73
597  78
52  71
329  80
296  78
586  74
315  77
1036  76
434  76
527  72
403|7
110  75
2427  74
3210  75
296  75
61465  78
1663  75
180  75
404|12
204  70
349  70
474  68
34  68
364  68
508  67
105  69
593  69
509  67
277  69
315  68
185  65
405|20
70708  81
293  79
7254  79
37731  81
2959  78
345  79
1213  78
7134  81
64614  78
6023  85
1241  77
2329  79
1247  78
3052  76
68237  79
1199  81
27592  79
27664  82
3418  81
1215  78
406|5
1586  54
135  55
56949  55
46972  55
724  55
407|5
7153  82
2959  82
6539  82
1240  82
54286  82
408|20
1198  79
122904  77
44840  80
165101  87
6618  75
1291  77
1210  80
89745  79
1278  80
7324  78
44  78
8641  76
115210  80
103596  85
68554  78
2571  84
109487  82
63131  78
80489  82
4649  80
409|20
2485  79
2490  78
2028  78
3812  64
1278  82
2997  80
296  83
1078  66
3016  72
1073  77
2683  73
2289  73
3846  77
912  81
2013  66
1911  70
2352  72
1230  75
2541  77
3174  77
410|20
389  81
3224  85
318  83
2302  81
4002  78
1060  87
4297  80
3263  77
1859  81
111  86
58  85
2145  88
3255  86
2321  89
3504  82
3948  86
11  88
4019  86
3  84
597  77
411|20
508  59
261  57
586  58
432  63
353  55
431  57
194  59
318  57
272  60
515  55
356  70
266  60
257  54
349  61
10  61
31  59
344  63
227  58
455  59
122  53
412|20
2828  78
2384  80
2915  77
903  85
608  87
2720  71
2858  83
1883  80
1307  80
1214  86
1784  78
2239  80
1  81
930  80
1136  84
2710  78
915  73
2398  72
17  82
1079  88
413|12
2706  91
1198  98
3753  96
2424  86
593  91
128360  90
4993  95
16  90
5574  91
3948  95
64957  88
2959  90
414|20
4458  68
4666  68
5285  68
5635  68
6033  68
6493  68
6563  68
6628  68
6797  68
48319  68
58879  68
169992  68
3802  68
3599  76
1600  71
8666  73
4975  70
7444  72
4081  67
177593  77
415|19
296  89
1213  89
4321  83
3507  84
4308  88
47  87
1021  81
111  89
2617  82
1276  85
3861  85
4369  84
99114  85
1221  90
63082  84
1234  84
45722  82
1197  83
175  83
416|11
5952  61
5951  56
531  71
1296  59
1199  69
1721  60
830  56
1206  68
7323  67
4848  68
3677  57
417|14
778  90
4995  87
4975  89
7254  90
1198  87
106782  84
27773  88
168250  88
1625  89
7153  88
74458  86
110102  86
48394  88
4878  89
418|19
356  82
296  79
63082  72
104374  61
1276  86
1136  79
117176  77
1573  72
137337  73
1682  85
5816  83
88125  60
74458  77
367  80
89745  82
45672  65
87869  71
7361  82
54001  75
419|20
4093  76
111  74
46976  67
27822  72
2858  77
319  74
6287  75
3578  73
1213  81
64969  69
47  78
79592  65
34319  69
89580  76
60756  67
27704  76
90943  76
2412  72
1240  82
52245  74
420|20
1161  80
4993  76
45499  78
923  76
26693  77
48385  78
1927  78
5608  77
2052  76
6934  74
7022  76
3979  74
59295  77
2329  79
54259  78
1131  79
2762  79
4973  77
5669  78
527  80
421|8
2858  85
909  81
5008  86
953  81
1178  80
2313  79
2478  80
1203  80
422|19
2539  71
2710  70
4947  80
4971  73
5039  61
4925  67
2581  65
4916  67
1265  71
2804  71
3053  62
2665  67
1283  66
4835  73
2908  69
3943  65
1213  70
2670  72
858  73
423|5
1653  75
110  75
2194  75
5349  75
1320  75
424|20
1193  74
141  71
2804  71
40278  79
608  76
108729  72
293  75
69122  71
1092  71
54503  76
58559  76
3186  69
66097  74
778  80
5679  76
3176  66
2288  79
2174  71
71668  70
112556  77
425|20
45517  73
377  71
2329  73
733  73
6  70
1645  73
8368  71
2081  72
4306  74
1680  71
1909  70
367  69
46723  71
1625  71
1036  72
4901  69
750  69
2353  69
1342  70
145  75
426|18
59784  75
150  79
471  71
337  73
54001  84
1197  75
6378  78
72641  76
4886  82
8644  74
37729  72
597  86
5444  84
91325  70
588  80
3247  81
4022  71
79091  75
427|17
4887  60
5463  55
5015  55
110  64
58  63
5528  63
6348  71
5312  62
2710  59
5696  64
4993  68
5266  64
2683  63
5400  62
5816  60
1208  62
5574  59
428|20
2471  54
2762  63
3827  45
1089  58
2953  54
2916  53
1380  56
1997  54
3440  56
4022  49
317  53
4255  50
1208  56
1391  60
6377  48
2581  56
260  58
3285  41
588  50
653  58
429|12
339  82
421  79
150  81
225  78
165  84
266  76
329  83
252  83
279  88
317  80
237  79
204  84
430|12
923  72
2987  71
3745  69
6287  74
2858  74
6365  71
2571  80
4447  78
4014  71
329  73
2076  68
4446  76
431|5
172  56
1625  56
1376  55
3948  56
802  56
432|20
1831  72
5630  77
6870  71
8640  70
6539  68
3916  70
5989  72
84189  72
110  73
35836  73
4886  71
2762  68
1206  66
49272  74
19  66
318  73
58559  74
69481  71
7158  72
33660  72
433|5
91529  72
1089  72
50  72
5299  72
110  72
434|20
1136  82
3147  88
1090  79
1265  87
5989  79
1101  79
1779  74
586  70
344  75
3863  75
1208  83
3160  88
589  83
780  80
6796  74
2791  80
4226  80
2194  85
8665  73
1291  83
435|9
2353  86
44191  87
485  83
3510  85
34405  89
2302  88
158  88
82459  85
48780  88
436|20
204  65
435  58
440  69
432  63
161  64
480  66
377  65
531  65
536  64
502  61
364  67
235  63
371  62
344  63
2  60
585  64
450  61
587  63
437  58
227  63
437|20
748  78
318  76
5  77
640  77
1299  77
1120  78
1396  74
1246  69
454  80
1171  77
1225  78
1183  77
1097  75
1307  81
1268  72
592  74
198  79
155  74
112  81
246  76
438|20
7154  58
2501  68
8966  68
27801  66
1527  58
6711  60
3898  68
1784  60
8644  65
6367  66
2424  68
3889  64
223  60
1517  58
7361  62
2641  62
5009  64
2617  54
3753  62
2393  63
439|5
356  81
4022  81
7153  81
78499  81
1240  82
440|7
8690  77
541  78
29  78
1653  77
1274  78
3174  79
1235  78
441|9
589  89
2683  91
2959  86
4306  88
260  87
296  88
51255  90
47  90
68358  87
442|5
2908  20
2881  23
1186  22
3752  22
4361  22
443|8
2329  85
79132  85
296  84
48394  85
106487  82
108190  82
7153  83
63082  81
444|9
356  80
592  81
208  72
21  77
111  81
110  80
235  79
296  80
344  76
445|16
2028  75
590  80
34405  77
47  81
116897  78
780  71
4011  81
899  76
593  79
33794  79
1080  77
45722  81
17  76
1230  83
306  76
2710  77
446|17
237  64
339  66
300  70
296  73
480  68
368  61
288  65
172  69
17  66
16  68
357  67
150  71
434  66
153  64
648  62
593  75
337  68
447|16
257  75
293  78
337  79
531  80
382  73
589  80
552  78
253  77
362  75
532  79
292  77
31  77
474  76
540  75
442  76
160  80
448|373
2368  57
3284  57
3933  57
6302  57
6476  57
7245  57
48262  57
49688  57
75803  57
75816  57
78116  57
79590  57
86593  57
92198  57
98908  57
100326  57
102819  57
104760  57
108715  57
109191  57
111680  57
113416  57
116207  57
116985  57
129657  57
130083  57
133377  57
136654  57
138546  57
142424  57
151777  57
152658  57
157130  57
158022  57
161290  57
164375  57
53996  55
136778  57
5418  47
288  58
88356  64
2580  56
155358  57
2889  63
4034  53
148888  65
81156  56
2713  58
103335  57
95441  60
34048  56
80126  64
3057  57
1057  58
2794  52
33830  68
8665  52
6059  52
110553  62
90374  76
151501  57
3764  65
6143  62
103819  57
4361  55
104913  62
3986  46
5528  52
1196  50
105351  65
83349  62
3276  57
1090  50
5349  50
587  56
106330  57
4677  52
95508  57
109895  62
110611  57
671  58
2289  49
152077  62
80693  56
111360  64
170  54
87444  57
94323  64
8493  61
3671  52
91653  63
4981  57
2991  50
78034  57
119145  60
5099  67
4299  52
2567  56
6996  62
109864  62
6582  66
73017  55
370  52
543  54
115617  58
590  57
154065  57
5553  50
41569  58
3286  66
6645  58
589  48
1920  56
2857  56
111663  66
78499  49
2657  51
6537  56
1148  53
46974  56
48516  47
80241  63
445  60
4262  50
3689  69
114935  58
6428  72
127194  57
109673  60
127096  60
89388  57
4156  57
3793  47
33679  53
2014  60
64285  60
3968  58
49530  62
3450  57
160563  62
5502  54
8169  57
6314  66
122490  57
3386  56
140725  60
4896  51
2642  50
127136  74
2763  54
2520  57
457  49
48783  54
3263  55
5400  58
5541  49
4011  56
58351  57
127132  57
152091  60
3698  48
435  48
4799  64
84152  59
3401  64
2858  47
3174  50
7076  56
106542  57
6218  50
2860  57
1283  56
3618  56
2616  52
90439  62
2404  53
4660  57
2530  63
26386  57
4327  54
3030  60
71464  55
32  46
91529  58
4158  58
99114  51
98585  66
93326  54
2268  52
80489  56
130576  65
105504  60
2791  50
50601  60
7007  58
4234  69
3623  52
80727  68
78467  64
8641  58
4128  62
106782  56
2537  64
112138  58
3247  48
112818  66
2027  55
3101  54
5779  57
82202  59
1704  55
98296  57
6863  52
89305  62
4203  58
1201  52
6212  62
637  64
84954  62
6814  57
94864  56
67695  69
159077  57
92439  73
6812  66
3156  58
802  53
118354  57
134130  56
138036  55
65135  57
52975  56
4368  60
90717  66
45722  50
79259  57
68157  54
4233  61
74458  59
3258  51
1262  49
3949  52
101025  62
69526  55
1831  53
1083  64
1884  50
1476  52
156609  53
3755  58
111659  54
4734  51
161  54
95201  57
135887  54
2598  54
87232  54
4634  65
5334  61
5459  56
146730  57
72694  57
157432  57
132488  57
4558  58
1375  52
6424  57
71518  60
2716  52
94780  58
3593  58
129354  58
158  56
1409  51
6514  57
2881  55
51662  50
90522  56
68554  50
2126  52
122932  57
93510  55
137857  63
125916  71
2953  56
2090  50
1760  54
480  53
58803  59
2109  48
50792  66
46062  68
85510  54
80864  57
112171  61
122900  57
2587  68
1527  46
117529  53
4993  51
92264  66
5247  63
533  54
912  50
26464  57
2249  59
4678  60
103772  60
114601  61
96861  62
420  50
59615  58
2349  64
109372  64
95207  60
348  56
19  56
136020  56
4502  62
91094  60
138208  57
3511  62
79428  57
2643  54
109183  57
2139  53
4212  57
5942  63
96417  64
112852  56
99728  64
89470  56
142448  62
64983  58
2640  53
2046  53
4881  50
3882  54
3744  54
1032  50
116799  64
5  52
4040  65
157407  57
2115  50
1617  54
4367  52
105254  68
3388  57
3760  75
2146  63
2968  52
6281  54
466  53
96448  66
86332  54
64969  55
115170  57
1036  48
3397  56
2474  56
1408  50
155743  57
106920  58
8542  66
120466  58
2051  68
7143  58
7150  48
89087  58
34150  48
2253  60
2973  58
449|8
1917  69
2502  71
4034  69
1222  72
2770  71
762  72
2011  73
2324  72
450|11
3977  80
589  85
110  83
3363  81
3535  80
3948  78
3409  80
1035  85
3568  79
358  85
1259  84
451|7
733  81
593  80
7  79
5  79
494  80
25  80
17  81
452|20
4025  83
2858  90
2617  89
5292  92
1206  92
1676  91
3219  91
47  87
3101  87
163  91
1092  93
1917  90
2126  85
1356  91
552  87
2628  85
1200  93
608  94
2707  85
3273  86
453|20
208  82
858  80
2335  79
4022  78
3618  77
1617  80
3452  80
1357  70
112  76
2671  78
1884  76
1894  76
2294  75
318  84
1614  78
3534  73
2959  86
798  77
5266  78
780  78
454|9
7361  77
2692  76
7116  78
55820  76
6016  74
27773  78
2160  74
2858  78
26131  78
455|12
272  71
432  70
367  72
590  75
253  71
364  77
555  77
252  74
110  74
225  74
588  73
597  74
456|9
1407  77
634  74
135  76
5  74
724  77
780  80
733  79
260  81
706  76
457|10
329  72
3593  67
2692  76
1356  73
223  77
2394  74
2701  74
3608  70
733  75
2094  71
458|12
597  88
185  84
10  86
380  83
95  84
454  83
300  85
595  80
153  83
587  83
150  87
552  82
459|6
79132  86
5618  86
8961  86
48780  86
50872  86
260  86
460|17
89039  85
4886  83
4703  86
3831  84
1441  85
4878  79
3483  79
8970  86
1  84
49272  79
40815  81
85414  80
68237  82
76093  79
47610  85
63082  81
2571  86
461|6
74458  66
2762  65
1036  65
91500  65
3578  65
539  66
462|20
26838  68
89090  68
164655  68
188189  68
1136  74
1219  73
158966  58
1248  74
508  77
1653  74
1674  79
8917  74
8620  56
3424  66
2146  71
7044  69
3814  66
1213  75
82857  68
26131  72
463|7
6377  80
2028  80
4310  78
3753  79
2006  78
1092  80
5995  79
464|20
1370  67
58025  75
63853  78
296  80
2019  76
3527  70
5254  74
7007  78
1101  71
1779  71
377  67
1653  75
55820  67
648  74
33493  70
1610  75
65088  67
74727  89
1617  72
62374  65
465|20
2941  79
2987  82
1200  87
3448  77
5060  81
1299  80
3703  83
3649  80
1625  79
292  85
904  89
3101  80
1754  86
750  86
1256  81
593  85
3732  82
3740  85
3334  81
377  83
466|20
5418  75
30793  77
79091  77
92259  75
5989  82
5459  79
318  80
63082  81
59784  77
5010  80
74458  78
6281  79
5952  76
8529  79
64716  80
68954  80
4993  74
45447  78
81845  78
55247  81
467|22
41  74
58  81
389  70
466  56
527  85
593  84
780  69
1183  73
1233  83
1357  79
1365  72
1408  78
1721  68
2028  83
2125  74
2324  83
2334  52
2384  56
2390  78
2393  66
2394  72
2493  70
468|7
592  73
349  72
1  72
317  73
296  73
32  70
165  71
469|20
3658  73
3832  73
3507  72
3032  82
2736  75
2132  81
1958  65
910  72
1090  72
1485  71
1388  75
2321  66
1234  67
2081  69
1193  78
36  70
2908  69
909  64
2023  69
3255  73
470|16
253  70
318  73
110  72
588  76
282  71
5  72
597  71
32  75
595  75
592  74
500  70
26  73
356  77
357  74
434  72
300  70
471|6
2571  77
8874  77
527  77
1  77
8360  77
7147  77
472|6
58559  81
3450  80
3298  80
2840  79
1221  82
858  81
473|8
4979  75
2959  75
60  74
7147  75
6281  72
3897  73
48322  69
2596  69
474|422
638  68
2179  68
2697  68
4046  68
5114  68
5311  68
5353  68
5455  68
5601  68
6201  68
6273  68
6382  68
6407  68
6592  68
6912  68
7702  68
7826  68
7832  68
7839  68
8057  68
8446  68
8458  68
8459  68
8611  68
8650  68
8774  68
8938  68
1466  70
6708  72
2940  68
2616  65
2334  64
7139  67
4218  68
371  68
750  72
2935  73
8645  76
5481  68
6370  68
25865  68
2553  73
912  70
2467  68
5548  58
7301  74
52967  70
5945  72
480  71
1983  64
3462  70
1068  68
8600  67
6650  82
8482  68
6791  74
4016  66
1784  68
3668  70
3977  70
8961  70
4160  72
30820  69
6984  68
2750  74
5034  76
7716  68
2612  68
4419  70
1300  73
4187  70
1187  68
6565  65
272  73
5440  68
25937  65
1099  71
3125  68
5826  68
5649  68
7256  70
4912  76
6016  70
1208  72
2083  68
3385  69
2310  66
3360  69
3163  76
1413  76
4081  76
1643  74
968  68
2116  70
26965  68
5954  66
1263  66
5116  68
3536  72
8778  78
63433  76
2952  66
318  70
3394  67
1200  71
3384  76
4356  70
932  63
7698  69
516  66
4873  67
48385  72
39869  76
1902  68
2641  68
7036  66
2181  66
4638  72
31116  70
2455  72
2146  66
628  72
3897  70
1030  70
4022  73
344  72
3196  69
92  70
237  69
6770  79
3259  68
3368  70
26151  74
1293  71
34072  68
3044  66
1639  70
5944  74
6539  70
477  68
7361  70
55687  68
58  69
4014  70
3467  76
8154  76
4191  75
2134  75
4644  67
4293  74
5013  65
1399  72
1196  72
2918  68
5899  70
4465  69
100  70
361  66
3341  66
8921  68
195  70
3789  68
4709  70
1588  72
3468  68
4678  72
2723  70
2118  72
1939  68
7019  68
3147  67
1792  68
33903  77
1682  72
41566  70
1693  66
1957  70
5021  75
2313  67
3870  68
948  70
47099  68
3447  71
6614  68
216  64
5619  74
3987  68
5060  72
3111  70
45950  71
32584  68
5525  68
2567  70
5956  70
7  72
1172  72
3217  72
8331  68
587  68
5238  70
1189  74
2416  65
832  67
3095  70
7386  72
1223  70
7058  68
5246  75
5418  70
27803  74
26  74
4002  72
1135  69
45  70
6945  78
2411  74
2520  68
7347  70
5375  68
5673  72
3039  71
7833  68
33781  68
720  72
2103  71
33154  74
608  70
1327  70
101  74
7061  68
5451  66
5682  68
5434  70
6609  68
31658  70
4578  68
2009  72
4704  68
7572  68
4929  73
3306  78
6334  70
5379  68
5437  71
42418  66
4128  70
7451  70
2786  70
2243  70
27846  68
6197  70
3264  66
3608  73
5603  76
6124  75
1222  72
1663  71
3566  70
3755  64
2628  72
4815  71
2089  75
7102  70
27706  68
7013  74
1348  74
45666  69
5755  75
4055  71
2058  69
4462  71
1544  72
2405  76
4998  68
273  66
1977  76
1732  68
7822  68
7073  68
41527  71
4787  70
1676  71
3708  66
6669  72
317  73
25940  68
971  68
7366  66
3115  67
7026  64
2710  63
50685  68
2114  70
3809  71
3516  73
2770  68
535  73
4878  68
5992  66
41997  64
1083  66
4487  76
7293  66
1016  67
2006  63
1007  68
4993  70
3412  70
5007  68
3929  73
6639  67
8712  68
1876  71
3546  68
34359  68
7579  80
7325  70
6837  68
2634  78
7753  68
8943  72
8385  68
4308  68
3246  72
3745  73
1148  72
42002  61
50740  74
3952  71
1927  72
7581  74
910  72
3948  70
54881  66
1284  67
4007  73
5341  81
3675  70
52975  68
6244  68
965  71
454  66
1247  73
7215  68
1282  72
8207  72
6242  68
6502  68
4509  68
3528  76
2391  66
4262  72
4039  64
42018  69
3271  68
976  68
48394  69
5384  68
5168  68
1358  68
6534  74
8773  68
2384  73
48780  67
1269  72
4600  68
2642  68
111  72
933  70
3578  72
5297  71
944  76
6020  68
2123  72
748  66
4896  70
5380  67
53953  68
3712  71
25996  68
1997  73
4464  76
4085  74
51540  69
2707  68
2069  76
6710  70
1488  73
6378  74
928  72
3038  74
7116  70
44511  68
594  70
1962  63
421  68
4316  66
2761  72
4823  72
892  66
1345  70
5294  71
1408  69
6579  77
3272  67
3421  68
3844  69
6787  66
37736  72
2249  71
1610  70
2468  72
3498  67
4902  69
6268  71
5225  70
5404  66
929  68
25999  68
7835  68
805  62
4126  72
475|20
6539  80
4993  90
87232  87
40815  85
5816  87
8644  84
81564  89
4701  83
81834  87
6564  86
68791  86
111759  87
7153  87
1527  86
71530  86
4896  84
106487  92
112852  84
3578  83
82461  88
476|14
594  76
34  76
380  72
158  71
153  70
586  75
440  72
364  77
378  74
357  71
224  77
165  75
296  81
11  73
477|20
34  77
913  82
3100  74
2105  78
1271  76
1207  79
70687  88
2174  77
45672  76
4571  76
3973  79
4226  74
1103  76
5291  76
348  78
3593  71
1  79
1274  72
6502  77
59615  74
478|5
1917  57
3114  57
594  57
1584  61
1101  57
479|20
5365  65
4488  72
524  58
1025  64
3707  66
1220  62
4010  63
3244  61
3526  73
4092  66
1968  58
4700  50
4003  68
3671  65
2671  46
341  65
2012  55
2542  62
454  72
2384  66
480|20
43914  65
2700  58
8533  60
2193  58
2797  67
3484  58
2571  69
1210  69
2596  70
8866  64
47610  70
6306  66
5379  72
2018  67
7153  66
3911  62
44191  72
38061  61
5673  50
380  62
481|7
1608  57
1687  56
1629  62
1729  56
1620  57
1597  54
1485  57
482|20
2068  78
8985  56
1036  61
474  49
1042  49
4389  73
780  59
27706  58
3211  75
1610  49
4367  59
1374  54
1220  59
1602  76
653  49
592  54
30812  52
4862  66
8361  50
8529  50
483|20
105325  73
783  75
2541  68
2959  70
109971  73
45722  76
1199  75
50872  74
2000  77
4306  76
69757  76
2683  73
2273  72
1588  74
109487  76
66934  74
1721  78
2328  73
68522  73
8972  76
484|20
93320  76
1438  70
6155  72
6944  72
2706  78
33166  72
6874  74
3697  71
1059  73
76293  77
919  78
2762  73
1821  80
837  78
5810  77
1753  68
3254  71
4718  79
2413  66
3646  74
485|5
588  80
161  80
253  80
292  80
231  80
486|12
653  81
47  85
110  87
153  83
474  85
95  82
288  81
329  83
161  83
318  87
292  84
6  84
487|12
27611  62
8961  57
318  60
1198  59
31658  62
1197  61
6539  60
5445  58
116797  59
4027  65
8874  57
86377  59
488|20
720  73
838  69
608  75
1223  67
26  73
5135  70
2109  69
7720  80
7303  75
4014  74
5995  71
457  73
105  77
1136  73
272  75
1269  71
3176  70
1278  65
1125  71
910  74
489|20
79536  60
86000  60
4848  60
736  58
8387  52
4700  58
45666  62
4720  58
2683  58
2021  52
2389  58
1619  52
950  65
58559  64
2236  58
2167  60
1616  60
247  58
376  59
2717  68
490|20
46578  67
89492  66
81591  70
91077  63
60074  61
5816  68
4144  60
54001  69
1  65
1784  66
7153  61
4993  72
89759  70
86320  63
60128  66
76251  71
8368  69
69122  67
2006  66
78499  70
491|13
106782  80
69757  84
7293  84
27808  86
4246  80
3948  85
104374  87
86833  90
140110  87
8529  84
180231  84
4306  83
88405  85
492|20
736  78
784  72
628  75
858  73
852  72
64  82
990  83
830  81
743  78
62  75
52  76
1499  76
66  81
1210  73
881  79
1474  82
1405  76
724  76
1047  75
65  76
493|13
2985  72
4444  73
2916  74
1275  69
2571  73
1527  74
2028  73
3793  74
2167  72
1215  71
4701  66
2924  66
260  76
494|5
1196  82
4498  81
3578  82
2028  82
1210  82
495|20
140523  80
115149  77
1259  88
1721  81
136562  76
80489  78
19  87
50872  90
231  91
102123  72
52319  77
7254  80
7360  82
8528  86
1645  80
46578  91
30810  81
2918  88
148626  74
56775  86
496|6
1221  69
99149  74
858  69
904  64
8865  66
114713  78
497|11
1193  78
112556  69
112290  71
1916  71
92259  70
2329  69
112552  69
1258  69
2762  68
5349  69
111362  71
498|7
344  85
231  85
648  86
10  84
300  85
356  85
316  85
499|6
1202  76
2337  83
38304  100
327  78
56286  88
1304  77
500|18
2599  60
2987  63
543  66
2700  63
2542  65
1265  71
2916  65
356  57
3301  50
1784  62
1914  65
595  65
2355  69
3536  57
1885  64
322  64
838  63
720  65
501|9
6  68
62  64
93  63
45  60
3  61
637  58
11  64
18  59
662  63
502|7
7236  73
1077  71
4412  78
3469  77
2001  69
2520  70
1777  74
503|19
7455  67
7361  73
4878  66
356  66
91500  70
593  64
527  69
858  72
4226  67
1259  69
1342  74
2877  69
92509  65
90866  65
500  63
441  76
48516  74
2858  69
48394  74
504|18
4995  80
5812  77
2321  79
1  77
3556  78
7153  80
6708  77
1288  78
6927  76
4033  75
4700  78
6565  77
342  78
3408  78
6879  75
4361  76
5952  77
5955  72
505|7
1241  83
4105  84
1029  81
74685  83
273  83
6502  81
54999  82
506|9
59258  60
54272  67
37741  66
56782  67
62293  62
51834  71
49286  68
112556  66
61024  60
507|5
165  70
266  70
253  70
377  70
593  70
508|5
2872  43
2011  44
1952  43
1175  43
898  45
509|20
26958  64
130073  64
2028  69
87232  65
33830  61
5313  65
48  64
2090  62
2080  68
6942  63
8907  66
6156  65
5816  62
39  62
3988  63
6807  64
7458  69
1196  66
45447  66
616  60
510|20
1882  62
7026  56
35836  53
494  67
1198  63
514  55
457  61
2935  40
858  55
2699  67
317  47
8949  59
2918  63
145  53
1262  51
6787  56
1208  62
372  57
1242  60
40819  55
511|11
2959  84
53953  81
115149  82
164179  81
6534  78
99114  83
92259  81
318  85
2324  84
1653  81
56757  80
512|10
480  77
150  78
349  77
47  82
350  76
442  68
457  80
50  82
317  75
593  83
513|7
5952  80
318  80
2174  80
235  80
1304  80
1220  80
1080  80
514|20
1335  66
5704  66
62586  66
168358  66
180263  66
1704  50
2005  54
2792  62
2013  54
1673  60
134130  67
76093  57
1333  53
58998  54
68157  57
2406  56
3210  56
54503  57
4855  58
1644  56
515|6
33794  96
2028  96
527  96
91529  96
58559  96
2959  96
516|26
260  83
457  80
480  74
647  68
708  67
1042  64
1090  79
1197  84
1198  85
1954  77
1958  82
2021  69
2259  78
2268  77
3052  72
3471  75
4027  76
4291  54
4306  77
4321  67
4322  70
4333  59
4337  70
4349  72
4361  70
4429  70
517|20
4306  52
53125  54
1265  53
165489  48
97938  40
88744  50
86880  38
4148  42
26761  48
3398  50
1293  49
3988  54
2858  57
4963  56
1204  44
1704  49
47629  38
7669  45
1206  44
46578  52
518|5
3101  73
2657  73
783  73
1876  73
6365  73
519|6
1704  89
356  90
140110  89
6378  89
7445  90
1968  89
520|20
7266  77
318  79
1049  76
59315  80
4995  80
32  74
2716  78
4333  74
1291  81
1732  78
4085  77
2723  78
3081  73
3994  72
33493  65
135  75
2393  72
60516  84
2406  77
1584  75
521|8
661  73
112  73
86  69
104  68
58  72
79  74
52  73
852  70
522|20
99114  78
81932  70
89492  68
63113  81
2959  84
1193  75
1375  71
4993  81
223  83
27611  77
76060  72
180  76
59315  81
1617  82
10  84
67255  66
2023  69
6187  70
318  83
127098  70
523|15
168252  88
8970  92
5989  92
318  92
91529  93
1721  95
293  92
65261  91
4270  93
3147  93
27731  92
134130  92
31696  92
527  90
101962  94
524|20
1356  67
150  66
552  68
748  65
344  65
442  61
253  71
1225  65
20  65
589  73
1242  64
544  64
173  68
1302  62
380  70
457  74
1020  55
788  69
193  61
466  68
525|20
120807  71
317  72
6863  68
8622  71
33004  71
7147  70
2396  68
40815  76
137337  74
1639  66
1968  72
91869  71
45880  64
2100  68
339  67
4886  69
50872  69
86332  75
8983  64
3996  70
526|12
593  81
55247  82
46578  86
176415  82
1295  84
90430  85
4014  85
2352  79
176413  82
215  80
81845  83
51255  82
527|20
2137  79
3114  79
3210  75
3016  80
2161  74
4571  77
2118  81
3421  73
455  80
2867  84
2450  77
1909  74
1214  74
4299  82
736  78
2477  84
588  77
4016  70
1259  75
2533  78
528|15
4886  66
2278  61
80906  74
4037  74
1240  57
64614  70
3821  69
150  68
1291  67
80463  71
593  65
99813  71
85342  74
48516  66
58559  65
529|5
653  63
135  63
65  63
62  63
733  63
530|6
292  77
500  77
300  77
586  77
593  77
11  77
531|5
593  80
590  80
919  80
480  80
1215  80
532|10
1721  89
4863  89
457  90
290  91
1245  85
1242  87
2023  88
2329  86
1304  88
517  83
533|8
1200  89
6502  91
79132  90
46578  89
93840  92
4973  91
2455  90
66934  90
534|20
116724  76
97913  75
94953  78
2003  74
2167  73
7569  76
153  70
1485  63
65514  74
104218  76
344  69
2571  73
5445  72
95875  78
112818  81
82461  74
96610  74
2987  72
138036  72
1566  73
535|6
2571  56
2581  56
2700  57
2688  54
2583  65
2882  100
536|8
232  67
272  66
356  69
335  67
225  71
150  73
434  71
589  67
537|10
80906  78
367  81
7153  86
53322  83
104218  76
97304  75
6539  84
318  83
89745  78
105504  80
538|8
595  88
3671  89
80549  89
4039  88
69757  89
5047  87
44889  88
66934  88
539|8
4306  76
6753  75
5218  74
50872  74
88  77
3301  77
4886  76
69122  74
540|9
2598  81
2959  86
1073  82
8874  85
1681  83
2183  85
2841  82
2747  87
1196  86
541|18
590  75
457  73
413  63
15  73
110  73
595  71
597  69
480  66
356  74
203  70
529  72
357  72
22  66
345  68
546  70
586  67
281  72
350  73
542|20
6539  72
30793  71
5299  69
2542  76
34319  71
33679  71
4963  73
5481  70
1997  67
4025  72
3623  68
924  75
4369  65
6378  72
2571  75
7254  74
41566  63
37733  71
7361  72
45517  73
543|16
73881  86
1702  86
595  97
3301  84
231  79
2378  84
2379  88
86882  85
6377  89
588  85
377  88
48385  93
2571  95
4526  80
4388  86
92259  89
544|22
1  78
3  65
14  74
32  80
40  70
62  72
68  60
95  59
116  65
619  20
626  70
648  70
650  47
694  57
736  65
780  69
839  56
1042  64
1047  62
1059  71
1105  90
1356  78
545|5
1438  70
1267  70
2763  68
1367  70
44  70
546|13
1270  67
3328  70
480  69
1970  68
2456  71
1976  64
589  65
2657  73
1673  62
3941  67
3959  69
3566  66
1977  68
547|5
1211  82
2859  94
2917  81
1394  81
1288  81
548|26
69  74
260  83
356  83
733  72
1196  82
1393  71
1477  70
1621  40
2571  83
2716  76
3263  57
3578  80
3916  73
4776  76
4899  38
5955  66
6874  79
7458  68
8531  52
49910  67
58559  84
74532  47
80862  75
122904  79
125916  10
168712  70
549|5
2571  72
2028  75
4226  71
1210  71
589  75
550|6
167296  85
102125  86
106782  86
116797  86
112852  86
122882  86
551|20
5010  73
34162  77
60069  78
1544  80
45186  76
103772  81
51935  74
4226  69
2353  77
7153  73
5989  77
135569  75
115149  79
88129  75
134130  79
6934  69
47  77
4701  80
2959  65
98809  74
552|20
2916  66
3317  64
1405  63
2953  62
2245  58
2944  54
2890  65
2125  63
508  58
3948  63
5349  66
2959  64
2857  52
173  54
2991  59
2871  59
2628  55
4308  64
4878  67
3101  55
553|17
55765  89
3481  88
1923  90
2571  89
4011  90
50  90
3949  88
1089  90
44199  87
5513  86
2231  87
2395  86
3052  87
61257  86
1221  89
33166  89
2959  90
554|18
1196  82
1022  81
2820  79
1207  81
1517  77
1282  77
1210  83
1760  79
2282  79
1225  79
907  81
1358  70
2096  85
1028  77
593  86
608  78
953  77
2324  74
555|20
790  69
3664  69
1  65
3111  75
3395  72
104  58
1334  72
2506  65
2072  62
4002  64
1266  68
2641  59
2256  81
2791  56
2701  56
1333  62
1320  69
337  65
1393  66
3526  63
556|7
162600  87
122890  84
3081  80
88125  80
588  81
72998  81
74789  80
557|6
648  77
231  77
1291  77
260  77
1210  77
150  77
558|12
5329  76
5064  83
4903  73
2297  78
2568  76
4993  72
4306  82
367  80
5283  76
1097  78
4164  77
5294  76
559|20
552  59
608  67
355  58
329  68
544  59
1527  72
173  64
377  60
745  61
174  63
529  60
350  62
349  71
533  65
836  66
1210  69
420  62
786  64
227  65
253  69
560|20
5839  71
91535  75
136018  72
67997  72
79132  75
3253  70
142558  71
2355  73
39435  71
1527  76
40414  72
64614  70
48744  74
56587  73
593  73
76251  72
84944  68
109313  71
5878  72
40819  71
561|20
168174  67
5308  50
78469  68
3703  57
60069  59
91535  64
2105  55
73017  65
5445  54
2000  59
83134  72
79132  61
79592  62
80463  61
89745  58
527  61
8972  58
353  52
33162  64
68157  64
562|20
27140  82
6870  77
6377  79
2580  75
1249  82
4776  82
36529  77
1259  78
1982  81
2268  82
2133  80
83134  82
3210  78
48394  77
30707  79
33836  78
2692  80
88163  79
99191  82
1240  78
563|20
61071  66
70932  66
80858  66
919  64
74450  70
588  64
5943  62
118997  69
86833  54
1197  66
128832  66
85397  75
45221  63
33499  68
7380  68
96821  65
81784  64
95307  68
65585  68
55250  70
564|20
50942  72
356  73
31685  67
131013  68
61024  73
79224  68
87869  69
500  72
108156  71
81784  72
93270  72
6188  72
106918  69
65230  72
67087  70
80693  70
94677  72
8984  69
73266  64
2671  76
565|6
590  74
231  73
19  73
21  74
50  74
539  73
566|15
648  73
10  75
231  70
329  74
342  68
141  79
203  73
345  77
39  68
497  75
265  77
588  77
708  74
353  74
2  73
567|20
8189  46
26743  46
92681  46
109897  46
152071  46
5690  49
136602  51
122888  46
6333  46
1274  56
122922  51
153070  46
151687  46
117877  46
108928  43
954  46
122924  47
27773  48
648  38
135887  42
568|23
50  84
147  68
296  84
356  83
480  74
593  84
765  62
1103  84
1104  90
1257  73
1298  74
1895  67
2313  77
2359  74
2863  67
3053  78
3148  74
3261  69
3363  77
8169  63
46723  69
63853  45
65088  69
569|5
231  83
50  83
380  83
588  83
592  83
570|20
208  67
8636  72
48516  68
1225  68
586  69
2683  70
457  69
1196  74
110  75
4993  70
7361  70
1198  74
1079  69
10  72
3793  73
1391  69
589  74
380  67
527  70
185  70
571|20
1331  52
2982  52
2366  56
1128  57
610  36
2902  56
1998  61
3696  61
1980  52
1987  52
70  41
1924  56
2279  43
1327  51
3732  65
1972  60
1278  37
1644  35
2327  60
1978  63
572|20
1961  78
2570  86
2788  79
2321  87
111  86
904  85
2987  87
2302  87
1834  80
2539  86
2917  76
1307  81
1  77
161  82
3421  79
838  80
1356  76
2006  86
3167  87
1953  77
573|20
89745  83
72998  82
3752  79
356  85
7293  81
6754  86
8665  81
32587  83
1073  83
88744  83
1127  81
68954  80
98809  85
2640  77
48516  83
71535  87
59369  81
60069  80
88140  82
1562  71
574|23
47  78
110  80
150  77
153  59
161  73
185  60
225  70
231  63
292  68
296  84
300  72
316  67
318  89
329  67
339  69
344  61
380  70
410  63
434  60
588  75
592  69
593  84
595  74
575|8
2566  64
2580  69
296  66
2581  67
2572  67
2542  70
2574  68
2598  66
576|5
849  61
1321  61
1373  61
1479  61
2289  61
577|20
2415  70
1183  74
1288  73
1129  72
2944  71
2194  77
733  63
1213  74
2076  66
2020  70
1262  72
1931  71
1391  68
2987  72
952  68
1909  67
260  69
919  73
2248  73
1270  73
578|6
6751  80
52668  92
45668  93
830  84
72407  91
75446  80
579|15
3174  80
2485  72
1022  79
2018  68
838  77
1917  89
1391  80
596  76
1573  86
2965  79
1653  79
2599  74
892  80
2687  77
595  84
580|20
5767  71
6583  71
480  58
8844  71
6989  68
3809  64
41569  57
3699  68
4041  64
33166  60
356  64
508  61
8376  60
3578  56
608  63
3785  59
3089  66
1320  60
54286  60
1201  60
581|8
7153  89
5995  89
4973  87
116797  87
3949  87
4306  86
109487  88
6377  87
582|12
91529  81
2959  77
116797  79
4993  80
5618  79
2571  78
76251  82
69844  79
104841  80
48516  81
97752  80
76093  79
583|12
8533  71
88405  66
2706  61
117590  64
317  65
60756  66
6942  68
595  65
46578  70
104  70
2694  62
7451  69
584|17
288  83
22  84
203  91
315  89
500  94
316  89
539  92
234  80
296  88
257  84
434  89
586  91
338  80
349  92
282  85
480  92
590  88
585|13
3173  85
1228  88
54503  86
2959  88
428  85
1405  87
7254  86
441  84
1805  87
296  87
27373  87
5325  84
79132  84
586|20
34332  84
4016  86
111659  89
106002  84
149406  84
167036  90
45499  89
136556  88
5445  92
117851  86
1291  90
71264  87
106489  83
135436  88
3753  88
2640  88
3147  85
122916  80
3793  90
101362  86
587|20
1234  85
628  77
2012  84
534  75
2002  84
1641  79
236  74
1376  78
2622  82
1541  76
3260  78
497  81
3082  78
445  80
3448  84
2574  80
765  81
691  87
329  85
3406  75
588|12
50  77
16  71
20  70
356  69
350  64
198  69
593  73
364  72
163  68
253  69
223  66
3  67
589|8
1092  77
318  82
590  80
373  77
586  85
587  76
527  80
337  79
590|20
924  74
8807  68
2371  61
38061  72
81834  62
40815  64
4890  72
903  60
5  63
3624  63
555  66
4047  62
51662  70
2085  64
419  60
595  72
329  73
2376  66
3635  67
2398  64
591|11
2908  62
2706  68
2712  66
2355  66
3615  64
3578  67
2394  56
3798  63
356  71
223  68
2724  61
592|19
514  71
2  75
153  69
415  74
110  80
177  75
420  73
380  66
44  72
788  67
588  78
163  75
204  68
610  70
39  77
419  70
253  69
432  70
240  77
593|20
1196  74
1073  68
1086  70
1617  73
4034  76
41566  68
1197  70
344  69
8368  75
339  71
2959  73
8961  72
5816  65
2797  68
4896  71
588  69
595  68
5952  72
377  60
141  65
594|20
7031  80
2671  72
7115  79
1616  88
5943  81
1188  86
2269  80
1733  88
4902  72
6996  90
780  59
1429  86
6140  90
7046  83
39  79
595  67
799  80
2028  56
8482  80
7169  90
595|5
265  85
50  85
1186  85
1199  85
1966  85
596|20
33649  70
43744  70
182793  70
129397  68
128908  70
1  75
142488  65
122922  68
4310  70
71838  70
4025  70
2501  72
110102  58
149406  70
2774  70
5502  73
8665  67
6537  75
2571  74
345  68
597|20
1799  85
490  84
3040  80
2529  72
2858  72
903  74
3039  78
2000  75
1291  77
357  76
1228  77
1845  81
2411  76
1580  67
1148  67
1198  76
2723  79
485  78
592  80
2692  77
598|5
56367  77
8360  81
593  84
114265  83
103543  85
599|496
26142  53
26567  53
26590  53
26676  53
26854  53
27595  53
34800  53
53450  53
60803  53
69131  53
74696  53
79895  53
84523  53
87960  53
92674  53
98799  53
102735  53
102852  53
104017  53
105020  53
122433  53
157865  53
158874  53
160978  53
161044  53
174727  53
179053  53
1801  49
6035  60
3387  54
33437  51
112  46
5995  50
167706  53
4394  53
836  50
7235  53
8809  60
102749  53
89087  52
42011  50
432  52
471  50
5628  55
1015  48
2  54
2269  50
69  52
3947  58
79091  50
104837  53
4037  59
7587  58
6881  47
1449  52
7225  58
81229  50
68952  48
4728  48
5081  52
33966  53
1779  53
3669  53
87197  53
170297  53
79057  49
95965  53
55207  53
4007  51
1220  48
80831  56
46723  48
71282  50
7757  52
3259  56
92309  56
1376  48
7192  60
4654  54
101423  53
53468  54
62662  53
3174  47
3698  55
2882  64
2359  48
1183  51
2792  46
1095  50
8387  58
53125  44
115713  50
2949  51
2471  49
3  50
1231  47
3861  45
240  51
1480  53
2301  48
1445  57
8045  53
586  54
2942  48
1185  50
4594  53
2474  48
3671  52
3196  54
64839  50
98697  53
2606  53
1777  52
5309  54
7022  48
4873  52
541  52
27311  52
43921  52
67734  54
4240  53
5026  55
168  50
33493  50
4125  54
7354  52
207  52
1094  48
742  50
1609  50
1042  48
3362  50
4553  52
4632  59
2278  48
468  52
122904  50
75416  53
42718  56
4285  60
79274  52
1794  53
45081  46
108192  53
3489  48
3503  49
89804  52
163809  53
577  51
3071  51
1204  52
3981  56
95771  53
45382  60
6548  46
59387  52
166528  52
168492  66
6691  53
605  53
424  48
2991  48
248  56
97950  53
3865  56
1216  53
342  52
35836  50
27772  52
176419  53
151781  53
277  50
6320  58
39381  51
5111  53
4090  56
2450  50
2676  52
2356  48
79702  48
1597  50
410  52
1721  46
3702  49
183301  53
1387  49
2072  45
26729  62
2393  49
4247  49
4591  54
1032  46
3087  51
1895  48
634  44
210  54
2074  54
51575  54
3505  52
5247  52
481  52
4215  50
1355  50
2657  50
2028  48
4011  49
420  52
552  48
1196  49
2395  46
5303  54
1752  54
3186  48
4310  51
1784  50
3200  57
7254  55
688  51
473  56
1079  52
1552  45
1148  52
1544  53
63113  48
2325  48
26649  62
6804  53
161  51
4109  52
34332  52
1653  44
4808  52
7707  53
3468  50
502  52
1221  48
1792  48
68319  52
6787  48
2119  54
3884  64
4254  46
3973  56
103609  53
8934  53
5377  47
42632  56
55290  52
4506  58
7840  55
5568  54
1689  52
7005  53
103228  50
59947  53
786  48
4351  48
172253  53
4679  50
1411  54
117630  53
1590  47
112623  52
3146  47
8984  50
1920  50
519  52
179817  53
3979  51
3741  54
44020  60
26630  53
7285  52
3030  52
1021  58
8638  54
87  56
7153  49
2877  50
2018  50
3173  50
5198  53
7101  56
7701  53
3213  50
26159  56
2339  53
33896  58
2000  48
4006  54
136562  56
37382  50
6645  56
171763  52
8528  48
27008  53
4017  52
4167  49
86142  60
1249  52
3255  50
736  49
2779  50
84414  60
27773  46
2083  48
98499  56
4034  48
119828  53
1993  53
94864  56
6631  54
2321  51
26242  48
3703  44
41566  52
2529  50
1968  52
8914  50
3257  51
159403  53
1036  50
76093  52
5103  54
6947  44
1952  50
2124  52
4084  47
6016  55
778  54
81  48
2171  52
1253  50
4275  54
7982  56
3723  62
849  49
2681  54
6565  52
39414  49
122916  55
6440  52
8917  46
72011  48
1605  52
1240  52
923  46
68157  50
5961  53
5053  53
3571  60
2403  52
3871  54
44238  53
72226  53
7004  50
2054  46
62970  56
5159  52
354  54
122924  48
48774  48
1394  48
3763  52
70286  46
1904  60
3969  48
81562  54
102590  53
233  56
4155  54
1031  46
76  53
459  55
1097  46
1178  54
60291  50
3328  52
1232  56
3036  52
5283  46
4327  50
610  50
2726  52
4732  46
5970  50
2396  48
594  47
1247  44
45499  48
3476  48
2399  52
137218  53
1997  48
3271  51
27801  54
6365  47
1799  52
580  62
122900  49
2803  50
80219  50
466  55
110882  58
3997  48
26176  53
2378  54
117895  52
26662  54
90603  52
119218  53
44  50
809  51
1960  43
4519  54
1959  48
414  48
1073  49
61236  60
1479  48
4019  54
1245  54
37857  54
161032  53
371  59
3020  55
88593  53
6774  52
2005  49
90405  51
26285  53
6793  54
627  54
1617  50
6734  56
108090  53
2427  56
51024  58
122922  52
3440  50
6874  50
4919  58
338  50
81591  52
1704  48
1499  50
357  42
62155  54
144  54
34148  62
53519  47
4504  53
2796  48
216  52
6827  50
1429  50
7445  50
1385  52
90471  66
8425  53
10  54
26542  56
7387  50
72998  51
89470  52
3629  56
1297  55
3424  48
1672  50
44761  46
196  52
70703  53
2383  54
180  52
4040  52
6333  50
4440  72
5291  54
88235  54
1639  49
4580  59
153236  53
86190  52
4477  50
103027  53
32291  48
34811  53
5171  50
122260  53
8784  50
5954  50
8798  52
707  56
880  48
314  52
61323  50
600|20
3269  55
1394  64
3785  62
2717  58
5569  61
4306  68
1206  72
56775  51
2015  59
7  62
2013  41
262  56
1210  64
1060  61
2431  59
2077  64
2423  59
4641  63
527  66
5076  61
601|20
141846  87
68157  90
1262  86
106782  85
60069  88
49272  87
5445  88
1193  88
1207  86
79132  88
904  85
166024  87
1917  86
7153  89
2324  86
170697  90
31658  84
5989  88
88810  88
2571  89
602|20
161  59
19  64
350  63
494  63
14  56
471  68
125  60
434  60
235  67
481  56
315  68
371  63
474  64
527  68
21  65
349  64
440  63
339  68
480  67
163  66
603|20
602  70
803  70
2008  70
2577  70
3459  70
4787  62
2912  63
1769  65
485  67
4420  70
920  69
1  76
2706  77
1844  68
3787  66
1222  75
190  70
2716  77
3983  60
101  64
604|20
220  71
292  72
151  73
329  73
410  74
426  72
435  70
316  72
22  70
235  74
181  73
332  74
273  70
637  76
285  71
173  75
588  75
23  69
553  77
1  74
605|20
35347  64
6787  68
1197  68
5667  64
42738  64
51662  60
7373  66
596  68
780  69
4571  64
2316  62
7454  62
150  66
60040  65
8977  62
3269  62
72982  64
1210  68
62376  72
60937  62
606|20
263  73
563  73
583  73
3808  73
4671  73
4840  73
5856  73
6111  73
6573  73
8685  73
32728  73
55805  73
3147  66
4392  70
2311  73
6308  72
50842  78
6591  74
8270  80
2025  70
607|20
891  78
1610  79
448  74
3147  80
1094  71
1307  80
592  86
204  79
1552  84
527  74
3476  81
296  85
2313  80
3440  78
423  74
1518  77
2118  75
2193  81
380  75
2028  78
608|20
52245  52
2997  55
3793  56
2763  57
174  67
2000  66
1214  55
919  61
2700  66
4161  57
5146  54
1639  67
541  66
473  64
2529  62
522  71
4343  55
1909  59
2431  62
1220  59
609|8
296  67
833  66
356  67
339  65
454  65
318  67
208  64
292  65
610|20
5953  74
58975  74
70206  74
78626  74
82765  74
97988  74
107447  74
107462  74
110591  74
110746  74
118082  74
139655  74
160341  74
86644  75
56801  70
61024  66
77561  75
4816  68
62434  66
3972  74
